0,1,2,3,4,5,6,7,8,9,10,11,12,13,14,15,16,17,18,19,20,21,22,23,24,25,26,27,28,29,30,31,32,33,34,35,36,37,38,39,40,41,42,43,44,45,46,47,48,49,50,51,52,53,54,55,56,57,58,59,60,61,62,63,64,65,66,67,68,69,70,71,72,73,74,75,76,77,78,79,80,81,82,83,84,85,86,87,88,89,90,91,92,93,94,95,96,97,98,99,100,101,102,103,104,105,106,107,108
seanhan,dacg9515,askenned,hlepe,eyokote,jordanadriano,gtadams,dcheng289,s.mendez10,sindy,madb,santiago.laravalle,pawanmishra2010,calopo1,gqiu,vhaditya,awsilvers,ndaugher,diegoa08,rhmarsha,spython,fosforitofercho,karthikeya.2009,mangur.k4,hazem.abdelmaksoud,sshooshtarian,mpdinan,af.otero10,kinda,jbever,fireraptor,ranchomanuel,jzhang102,kan.kawabata,dfeezell,tarod13,dfields,earnold,kwoodwor,jchan13,cdsierra1199,stephaaf,wzmjnwzmjn,cbridge,camronm21,kfqualls,amyvandy,ddmm9304,davidalvar11,alexei22,jones.a.doug,brianage,robertortiz,xijingzhang,mehulnair2014,williamrodriguez1819,wmrey,emmaharrelson,jimmieli,cajrgato,dboehler,holmano,alixguti96,rosstin1,samirchar,mayankam,poyuanc,colemanbaker,darwindubay,jamesdma,laura94,agrawa39,polyfrank000,csmcinto,sverhale,madwood21,ericaleung,doragerardo,jd.botero320,zanziano,jackboyle,cj.hernandez11,thomasmatt88,ajh930,mileidypinzon,ej.pinzon10,kansan67,grupodelaboratorio,amydills,justinaf,jeissoncz,mart136,wang701,sue.pernett,gomezago,joao.adorno7,priyabha,lnav,macer199,hubertshek,leoxia95,samzasloffcohen,shingchi,kleaks,bkredito,agar434,dkidwell88,karissa,sandy2122
paulleonc,campb122,nannan.tian,green109,laureneh,addison1001,esolene,lajh,luray95,mheiden,siuhayta,londawg77,cmarrer,jonjonoch,sawa,ttgtarun,tbruttom,jgoodhea,jakeiuele,dking310,kohlerc,brianjch,mmckinne,kevinblu,vganapa,hangwei314,wang1178,fiferj,jlessley,ppriya,jbrian.92,horner1,jfre1,mart358,kaiser17,bhammers,nspear17,azzedinr,rcburrow2,ksmithca22,gdupas,eliazinetti,lkroneman,caroline.carney2,czy121301,sylvestm,kiettipong1,hjian21,tcurtiss,afek,myepremi,danielli1018,ross_piedmonte,hannahkat57,fardady,jiaanli1994,townsenm,xphuah,agaroufa,ajang130,kaitlyn.fisher,kim383,tachunli,briana.chue,cristianomeag96,glinvill,tlshelhart,murpheyz,smithjared1994,beckerd,posta,jrotella,pspagnolo72,qqxiaobai228,briansha,gcaine,smadelin,alaimana,sun272,kevin.gilmer,natalie.nguyen16,dacapo007,nayeonk15,jeffliu6068,arch91,liu991,mmaughan,cynthiar32,cohen.jakedavid,dskeen,pargo1,schumm,apoje,ahmed49,hallowj,youzimonster28,lrobinson.2757,gowthamsriram,jbalderr,eric.prussack,theresa.saenz.1,thoma386,jinghan1022,,,,,,
michelle.ntampaka,olmeca.mcgillicuddy,tchntimothy,sherrie.wang.3,kaank2014,g_dawg,tavisp,florian.galler,cheklon,vignesh04,khaebler,kleung13,yeezy,yalbochi,eng.mustafa.k,esra.m.alhabshi,pserv,wilson.to.18,isaiah.thiessen,frayne.cameron,jeremy.tang94,erictung,eceeric4702,rpiwyxie,marceloyuan,benjamin.le.98,ab3914,can.rozanes,shriramsb,charingchen,zkenny,yezhichao1028,xanderbetts,bluu10b,tim.tseng.47,haydenlinterman123,jackiengame,eece352car,qu.polo,edsondzhang,nicos,deterex,kai.godfrey.50,didacfc,anonymous673,samuelngsh,ajmis94,sarahn162,andre.clerc,mxcmail,stephane.bilbey,raghavg02,plwilkie,shahbaj,pnjunction,emmanak1,gabrielf89,feefarfelufee,xiazhenzheng,seabaugh,mikehsiao789,daniel1,hrykaens,bell10142003,albert.wong.1232,gelapes.gs,oliver.tedder,saoud,lujingwen1991,jtsnow,andreagiaccherini,echo3960,asdfg2443,max.prokopenko,mr.liam.henderson,alessandrobrisotto,luluuum,df1990,mackenzie.leung,kutkaan2014,222alice,earlierearlier,awebb94,,,,,,,,,,,,,,,,,,,,,,,,,,
yzhao60,zhenqin3,chen.s.jimmy,tamtran2,allen412068,yhren1993,rxiao3,kurmanba1,dsolanki,ph0606,peihan0807,george.s9999,jdlenz,charlie.dreebin,wchi2,jterwil2,foukster,mikra616,christu2,qhu12,tiffyye,chaken2,abheshek18,dhansel036,png4,lee117,sariel12345,xli121,benck,iliveincoto5464,junpeng.qiu,kornholi,ece34,pbhatta2,liupufan,truszko1993,yfkwan,jacklee3,ydong119,jack.arendt,jzhu34,yu91,uber12,darksnape,tumaini.francesco,kaalvar2,toujours.meiling93,k0yaku,fwirjo,edennis3,bomcdon2,ks.lamb14,meng325,greerdavidc,kkong7,hnrcksn2,flie2illinois,teerapatpoka,henry.ko.94,aarti.shah147,raghavkochhar9,ece340,josh.barrett.589,mpalmer2,chris.reinke.16,billstan42,laura_b_galbraith,shijiakimi,rps233,quantumseren,aromeo,kluhrsen,alex.mitsdarfer,tong.yin.1,eric.groeteke,stps,hlee156,sligh3ece,cx1048539626,yumin2,,,,,,,,,,,,,,,,,,,,,,,,,,,,,
dsch33,zhanshi,clealauten,alvinlvalysa,streufe1,nicholascadler,werkkdy2,toni.nepo7,andr.buhl,dman5505,guchenchen9393,a_kuzni2,schiavone.emily,joylin11,sloneil2,hamza.maizhadjahmed.1,liuyuting1006,njamali2,zzaman22,sho1123,pjnick0,jaikarnik95,adiassasino,reneening,witvlit,stephanieho,cglenno2,cacheuiuc,zuojulia,ewokoniad,wiseatvice,fangguanhua2013,dpapanicolas,jacobcamp1,elindgren,jbeta95,yliu181,vasyltheonly,stephanieh,eaallen,hhardin2,mpunuk,shenyuwu94,ssrajer,bbknipfer,pokhym,daut,dsch0908,zhoffm,cwojtan,billli1997,ewok,elliot.young1996,gracepakeltis,raugmoss1,joaleksonis,shamaleegoonetilleke,ecyoung3,ans.liverpool,boycexu,ajeyvenkat91,sdschmi2,oweimrin,lgwarpinski,alexmkuznicki,mchu5,,,,,,,,,,,,,,,,,,,,,,,,,,,,,,,,,,,,,,,,,,,
chingulya1,aaalsale,pmpoyman,mbmcmurr,jpwhita2,cchi,pwwessle,lshiaa,jpsimmo2,bciezzi,rlfulghu,kevandeg,brian.doheny,kerice,polwyn,murkrotmg,cgcarter,bstull,gasingac,carajackson27,pburger,hackettman,aiurdane,latashan3,bljenio,kmbeal,eddigrig,byrowley,michelle.ferrara.33,crwest2,liuzhixiao,ajohnson8617,csbarcla,jmstaimp,jmgriff5,atjohns7,smokedestructer,wdcrumpl,nnswyger,brianhaidet,kjmirrie,maniamir,ptwethin,smmurphyncsu,kurosaki1,abondar,bcbrwk,jswilkin,asporcel,aseeri8,jrledfor1,klarissaramos,lilian.montgomery,pdgannet,daniellestallings4,bdbehrho,raberezi,ucawuruo,leander3,colindonahue15,wawitzen,twaters10,mgmosche,cbomb20,cbdonohu,,,,,,,,,,,,,,,,,,,,,,,,,,,,,,,,,,,,,,,,,,,,
victoria.chapman.98,eki_95,rob5729582,plthornstrom,chrisandrews273,hannah.brackley,jsbabra,lukeno94,jasmine.darlow,joshybaylis,jsefton95,joe.clarke.948,kwilliams312,tomloe101,jake.lee.9461,adada1319,fateweaverer,amie.parker.313,mandeep.dhak,baileyalex6,jack.avis.3,amyrosebannister,njmiddleton,alexlnufc,hirbod,joelwood,ellefsb,blisskelly26,benplackett1,pughjp,tforrow,simon.will8,hannah.jongkind.5,naomimary,morlec,olivia.cottam1,izydaoud,eduns123,mattmills2110,tanis.emma.everest,joe.george.58958,amypenfold17,kaan.alkan.54,zoeselfe1,smidgley2310,samuel.dunn.3,ben54321,lil.eley.dude,jcheeseman,charlotte.denniss.9,anguscollins95,rebeccaclaringbold,kjjchapman,jackd321,,,,,,,,,,,,,,,,,,,,,,,,,,,,,,,,,,,,,,,,,,,,,,,,,,,,,,,
momo224411,andrew.adel.5205,gamalalaa92,morsy,hannood45,aya.atif.756,neo.deckard,chenxidianedu,khaledsalem92,mohamedfarid,amirahussein94,abdouu.sleem,isaac_ibm,yaraessamasu,afengasu,nkhong,samar.abdelazez.37,mohanad,loala_92,mohamedhussein223,alaabedeir,khaled.a.abdelmoniem,mohsenzakaria63,amr_ahmed,mohamed.nohy.5,peterge,isk.ibm,mohamed.t.heikal,hendy_93,waelazzam54,alaa.gamal.980315,mostafa.hesham.58958,enghady.mohamed,mona.mony.503092,aya.yasser.992,mohamed.eleraky,mage0x,menna.m.farouk.1,khaled.abotaleb,dhanunjaya.ind,juicyblonde.reem,jiwoon.im,motazfahmy,reemahmed5,mina.medhat.357,ahmed.nagy.3344913,injyradwan,mohamed_ismail,mohamed.wael.16,marco100,mohamedalisamier,,,,,,,,,,,,,,,,,,,,,,,,,,,,,,,,,,,,,,,,,,,,,,,,,,,,,,,,,,
shawnahn318,muttley.mutt,emily.hannigan.31,xchen84,yc6,whuang56,golasze2,replogl2,kenned45,lfdm,richrdtang,madnesswrap,blu6,aderoo2,dan.long.7505,grandcn,haelim1227,ahmedchakroun,cpx0rpc,alexzzz1991,dekunukem,adam.neuses,tim.sutyak2,karwal2,kshin10,ecl01,molly.pace.3,ppitchyy,shreyasmangalgi,tvmani.d,rglazer21,dguo8,forcade1,archiehok,brianchien390,mingkang.he,thephiltsai,daehee0104,brianchien,hdou731,dingldn2,jemysoul,earicha2,decraen2,winoto2,1993sonu01,lifan.ch,sehui04,fan.ling.507,eric.stiles3,,,,,,,,,,,,,,,,,,,,,,,,,,,,,,,,,,,,,,,,,,,,,,,,,,,,,,,,,,,
tobrien7,cooldaehee,sarielqjl,michael370662,david.boucard,molly.pace93,tatanve,yoo66,coolkat677,haunlliam,au.chinprutthiwong,kpsrini2,rahful,henryahn,rstang2,miller7,grandcn4,xinding33,tapeter2,jmxscrs,dyangsteven,syed.mohsin.311,mikeyling18,sahn15,bkesler,mattsucich,wang217,xiongfei.ding,themightybaloon88,yk.karwal,pescenck,jzhu46,danzuo,djiang7,jtomaras,nemitz22,tim.sutyak,mithun.manivannan,michael.diehl.583,julia.labelle2,piyayott,amencherla2401,zlc31993,dan5664,ndecraene,kumikknd,beholla2,mysonu,chien8,,,,,,,,,,,,,,,,,,,,,,,,,,,,,,,,,,,,,,,,,,,,,,,,,,,,,,,,,,,,
xnypr,kathyzhou0124,qyang13,btkern2,yyang10,litton2,bcclanc2,dtrinkle,jos26coh,nickpalcheck,jjacksn,alxtrck,arjun.balwally,crichrd2,hylin2,npalcheck,jcjc2222,akpolfein,sage,abaddon2mist,jinpengzhuo,zzkobezz,isaacehoffman,adsnyde2,shalper2,allysonv10,jwang124,jwang182,cory93,mingxu3,haohanyuzhou,qazyyc93,achoi121,limsiri2,akatsulis,bhanley2,angela525huangjj,cljohnson0,siyima2,sguo1,scpiper2,kemehan,salman2,,,,,,,,,,,,,,,,,,,,,,,,,,,,,,,,,,,,,,,,,,,,,,,,,,,,,,,,,,,,,,,,,,
ealt1992,harshpreet.singh.39,neela2208,jbaeza915,mdangiolillo,jcsandoval2,mxcom88,abel.a.mendez,chakir,kflores9,jam_27,dougchung8,janaki23995,royaedalatpour,niloyeee147,shrijitm10,dbecerra,paytorr,saracec,subha.on.the.run,jmbuenoolague,jgalindo362,sv2340,brad.macneil5,wildwolf498,hqasem,pangracious,rnstpwll2,luisrrodriguez,luisanthony21,keith.alexanderpapa,richienagi,zengks,r96524074,dmfrey3,joey11,zkokz,fretman,junknexus,beyondarrow,jkosal,,,,,,,,,,,,,,,,,,,,,,,,,,,,,,,,,,,,,,,,,,,,,,,,,,,,,,,,,,,,,,,,,,,,
drupad,fpena,aodubitsky,hkoval,zharman,mcarthur,skkzlj7,ksaviers,wang945,ybommire,ecamaren,amcbain,agarwa80,okravche,zhan1457,harshnisar,cyamamot,jingjingshi,darshanpala,eshaanmathew,thomp340,ajey.091,vgoutham,mbrindise,abahman,jacks311,hvr,nguyenct,scalvert,rosscarnahan,ebusquet,nrsyed,jeong4,alegomez544,alo08864,eddiewhite1,borgesebastiao,dweber1,zqingzi,taeho81909,,,,,,,,,,,,,,,,,,,,,,,,,,,,,,,,,,,,,,,,,,,,,,,,,,,,,,,,,,,,,,,,,,,,,
sbatchu1,narayanamh123,atulverma1992,nehavr25,harshadsurdi,arazavie,pradeep1450,shivangi30,doublefan,mpreynos,swapnildabade70,shyampadhi2,ashishjwk,karthick30,mpreynos1,kartik1,astjraj,ajitaneogi,hasanraza,abipriyan3,swathimnt0049,joseph207,suresh047,nrredd00,durgesh123,bharathi19,swethasmenon,balabanmb,salman.manzoor,bishakha1606,venu652,rafikul,mjayara3,balacool,sunny.patel361,baoxun1,ank,vishnusasi,sabby1611,surender,,,,,,,,,,,,,,,,,,,,,,,,,,,,,,,,,,,,,,,,,,,,,,,,,,,,,,,,,,,,,,,,,,,,,
nate.pabrai,cathy.spyr,bdutts20,dtank,zach.mcdonald.180,craig.francis2,benderd,rohan.j.srivastava,alexei.frutig,lgoedde,bbbrander,suraj123,andrew.doyle.779857,donald.bender,preetisht,jiwborad,shivani.joshi.73,huang406,ian.j.horstman,phoun49,pharjani,amduslim,scopod,simon.chao.18041,njtsh,timmynewbi,satmatzi,ha14,gdykes,sanu92,philbold,alexa.malaspino,nchesnut,aalip,stephens2633,grahamnelliott,scottbkelly,brieder,curtuscd,frog020531,,,,,,,,,,,,,,,,,,,,,,,,,,,,,,,,,,,,,,,,,,,,,,,,,,,,,,,,,,,,,,,,,,,,,
kylekug,abubakr1992,arefinhaque22,larrottanatalia,lchen375,dhanya.bharadhwaj,lordxiaogg,bhuvancind,rosawa,richardemail007,john5049,sebas1501,dturmel3,ateet101,suacide24,philip.gordon,cindy.chen,kcook39,rliou92,rhej3,carlos.a.cortes.167,pramodr91,kfrancis91,mizell.zakery,jyoungblood87,ahaque30,rheindt.sven,hunter.brooks.374,kirankmr199,skyswan,rndzz,drfilled,jamespelder3,henrynicole57,kparsons,awest32,williamgauspohl,shrugatade,jkting3,,,,,,,,,,,,,,,,,,,,,,,,,,,,,,,,,,,,,,,,,,,,,,,,,,,,,,,,,,,,,,,,,,,,,,
mmakak,huang467,hsmith,zooley,omar.pineda.33,deathpheonix,xjlei,huang442purdue,jmaricha,zxy844288792,liu837,davis489,apaulson18,jiruotong,alvare15,simbernal,alexj9,shuhui.tang.nj,jseifert,nathanpabrai,zhuzijian1993,wwxxhh,wsanche2,khaki,brian.rieder777,davidmhein,zmcdona,wang1580,ianhorstman,kgdn2008,tian37,katie.bauschka,gmcminde124,stephe55,cmothersead,feng59,amalaspi,nzitnick,,,,,,,,,,,,,,,,,,,,,,,,,,,,,,,,,,,,,,,,,,,,,,,,,,,,,,,,,,,,,,,,,,,,,,,
danieldli1993,nadimi.sadegh,ahli2,simpkns2,alexkim3,jinpeng.zhuo,hsheng3,stakek2,dkwok2,dagapit2,cledesma2331,trick2,klwells2,csbaile2,jwsmith6,eslee5,palchec2,jmmille6,dtascone92,siyi.xu.180,rflore24,kfeng,tara.cullerton,toglitt2,fang.the.tall,elin11,aamurthy,qiujiezhao1994,limberg2,gvelard2edu,lolipopcarolwang,akagti2,gargula2,,,,,,,,,,,,,,,,,,,,,,,,,,,,,,,,,,,,,,,,,,,,,,,,,,,,,,,,,,,,,,,,,,,,,,,,,,,,
douzengyi1528,shubham.singh091,volkswind,tkriegel,weiyiwang,evans260,wenye1213,xu716,livingston.cv,ndaman,hrs353,zhan1589,zhaoxinchi,sallu,manand,ashishod,kim1797,cpiya,jiashenghui2014,sdharkar,abarat,fidelcomguy,jnarkar,cedricxie,wendyq,florinda,rlearley,gandhi10,zhan1337,jpalsdot,keshav.amburay,carbaker,yang62,,,,,,,,,,,,,,,,,,,,,,,,,,,,,,,,,,,,,,,,,,,,,,,,,,,,,,,,,,,,,,,,,,,,,,,,,,,,
dvncrtr,lappleb2,alai6,ssheik22,davidar2,yliu160,insung0224,jofu803,lityo2,choquett,broadhurst.josh,matt.koopmann,almirk,sangyuno0o,polarisatv4,nikhil78888,mjbollan,djinkorea,mantrarush,anetherton19,fuchslu2,mhaider2,tonyinhk,pvuong3,adatia1,xunyu2,nikola.ivancevic.1,kapadia3,austin.martinovich,illini1208,posso.mario,,,,,,,,,,,,,,,,,,,,,,,,,,,,,,,,,,,,,,,,,,,,,,,,,,,,,,,,,,,,,,,,,,,,,,,,,,,,,,
carrasquilla,chiamori,ariel.ashshakoor,lnphant,sliliana.arias,clareclare,kaiweili86,lejk80,rahil2,phuongbaole,rachelhatano,lewong27,zichen,ckmckmckmckm,dtn0028,nasim.m,jenniferbme90,ngoswam2,matthew.n.martin,oa3957,andersdhenriksen,ncalvo11,sunjane2014,skyblue4,memic,cmrace,edespeaux,gudavalli_r,,,,,,,,,,,,,,,,,,,,,,,,,,,,,,,,,,,,,,,,,,,,,,,,,,,,,,,,,,,,,,,,,,,,,,,,,,,,,,,,,
bhavik.ec24,respiritu1,turkishdlite,studdmuffin9140,sindhureddy25,usergim,deepikangala,sindhu13,cherishmavadlamudi,ivan92,lalithasirigiri,martinrodrz,obardb,ahdel,diazdave25,sarmila_pandiyan,jcabrera010,harpreeitsaini,harshpathak,acastillo,huangcw2,varunloya123,harishdasariraju,chaitanya.alladi,trushnapatel,krystlei,henrytai,jim94,,,,,,,,,,,,,,,,,,,,,,,,,,,,,,,,,,,,,,,,,,,,,,,,,,,,,,,,,,,,,,,,,,,,,,,,,,,,,,,,,
nikhildeshingkar,tomasbar94,kaajal26jain,chaitanyajoshi126,pravinms22,stephanmichard,mulepradip,joetroughton,siva174sangeetha,cnjoshi009,ankuragarwal,roody,nikdeshingkar,koshtisanket148,kadamswatis,shahshoaib62,andrew.nederhoff,anjaliprem.27,moosegf65,chaitali2111,yogeshwariece,shailu0003,smita.smile1993,nehaprk28,nikhilrmendhe,rsindhuja93,mtechextc,,,,,,,,,,,,,,,,,,,,,,,,,,,,,,,,,,,,,,,,,,,,,,,,,,,,,,,,,,,,,,,,,,,,,,,,,,,,,,,,,,
emily_eruysal,zgreenburg,tkcloutier,kdillione,junrui.li,dante1111,afzisson,ndsheriff,emilee28nyy,aklee,hongxia_hao,ishabubaker,tegan.tingley,yuyang_li,glowry,ewittgrove,karenpchen,collin_felten,jianfei_zhao,raz.rivlis,gmencoff,eric.eisenhauer.16,taehee_kim,,,,,,,,,,,,,,,,,,,,,,,,,,,,,,,,,,,,,,,,,,,,,,,,,,,,,,,,,,,,,,,,,,,,,,,,,,,,,,,,,,,,,,
marcosantonio.jcoelho,omar.badr.904,afrokingsolid,abhishek.chauhan.965580,felipeatondo,ngoquangthongphucat,keframe,jskhan87,bassamnn,ksullivan1031,i7sain,liang.kelly,nitinprasad,gcossio14,kellliangy,haokai1987,allan442433634,sdmarch,zhuwnthu,fabiodsilva,vaibhav.vaidya,rlawogus03,,,,,,,,,,,,,,,,,,,,,,,,,,,,,,,,,,,,,,,,,,,,,,,,,,,,,,,,,,,,,,,,,,,,,,,,,,,,,,,,,,,,,,,
schang47,axzhao2,kcederberg,ntsherm2,sarnmo,cheevap2,mwitzke,sun57,darkoscar96,jasminelichen,sergspe,mariovaldez,rmcauliffe,jshin17,biesboe2,abhutan2,jbittn2,bding2,tzhu11,sikaufm2,vrajend2,,,,,,,,,,,,,,,,,,,,,,,,,,,,,,,,,,,,,,,,,,,,,,,,,,,,,,,,,,,,,,,,,,,,,,,,,,,,,,,,,,,,,,,,
jetstream.90,vabdulkareemv,jeffin.antony.35,taeyoung.kim.5686322,deepaabraham,aswathyss,teakhan,abdul.hakeem.9469545,cecsplab,jm1116.lee,krzysztof.koska.9,jyothishb07,drakoon34.jk,yaseensherif15,daughty2390,thomsonpmani,ancypmani,tahir123,bbakeroot,shennes.mathew,,,,,,,,,,,,,,,,,,,,,,,,,,,,,,,,,,,,,,,,,,,,,,,,,,,,,,,,,,,,,,,,,,,,,,,,,,,,,,,,,,,,,,,,,
alsholtz,aronius,joshambr,sdoering,ruilin,paigegrett,splovera,maureen.daum,wangyich,ldzuniga,nskr,tzmz,siyuchen,apwc,bryan.eyers,xiaofji,peterxsu,thomas.bajis,balagnam,,,,,,,,,,,,,,,,,,,,,,,,,,,,,,,,,,,,,,,,,,,,,,,,,,,,,,,,,,,,,,,,,,,,,,,,,,,,,,,,,,,,,,,,,,
s.divyalakshmi,garimadang,nithya0038,eswar369,giriedusport,saurabhjoshi,shruthivs,bishuishwari,debika26,dayakar3,ram14mnt007,becky0070,apurva3007,visheshmk,esathiyacnr,jyothichandran111,gandhamsatish1107,avvaruvenkat225,durga0045,,,,,,,,,,,,,,,,,,,,,,,,,,,,,,,,,,,,,,,,,,,,,,,,,,,,,,,,,,,,,,,,,,,,,,,,,,,,,,,,,,,,,,,,,,
mjs289,ove,disserate,mah228,ejw89,bkb31,kap90,ngt2,tqn,jmw159,sak140,wingking18,mattrandall1,dxz136,anthonymartone,svenv,mmanspeak,tholomyes,,,,,,,,,,,,,,,,,,,,,,,,,,,,,,,,,,,,,,,,,,,,,,,,,,,,,,,,,,,,,,,,,,,,,,,,,,,,,,,,,,,,,,,,,,,
lindsay.mctague,ronanrice,psclare,chang.je,jing99,lucyli115,yangziyi99,utkarsh.columbia,msolis,morganegoodwin,vh71886,hk150,shruti.rastgi,kem51,justkmy,jinghua.li.37,wileyds,hanqiwei,,,,,,,,,,,,,,,,,,,,,,,,,,,,,,,,,,,,,,,,,,,,,,,,,,,,,,,,,,,,,,,,,,,,,,,,,,,,,,,,,,,,,,,,,,,
raheel.aryan,reifenberger,malikliaquat,amnamaqsood91,ahsandanish18,mirza123,sianano,j790902,osama90,ricardo.sierra.75491,aliiii,saeedawan88,ntronb,shamsh08,malikliaquat76,simonos1290,arif.aslam,faisalkhan6862,,,,,,,,,,,,,,,,,,,,,,,,,,,,,,,,,,,,,,,,,,,,,,,,,,,,,,,,,,,,,,,,,,,,,,,,,,,,,,,,,,,,,,,,,,,
bandsim,lso_093,ghimirea,himadri.barman.56,esachet,ocampor5,swinney2,vdipuccio,manuelr3,unlvengineerj,kaushiknandan2003,m18091990,wolvert9,insanaf,ee453student,ianyanga,kateyhoff18,,,,,,,,,,,,,,,,,,,,,,,,,,,,,,,,,,,,,,,,,,,,,,,,,,,,,,,,,,,,,,,,,,,,,,,,,,,,,,,,,,,,,,,,,,,,
sbenteftifa,noah123,uqarni,mjanisch,sboots,akinczewski,mfersch,jberkowitz,jtrousda,kwalcott,clundgren,kcha,angel.huang90,atuttle,brittanybrandon22,ewilliamson,,,,,,,,,,,,,,,,,,,,,,,,,,,,,,,,,,,,,,,,,,,,,,,,,,,,,,,,,,,,,,,,,,,,,,,,,,,,,,,,,,,,,,,,,,,,,
yyang100,lionbadger,jonahduerst,angela.huang.501,isaacehoffman2,rajeshraghavan,trgordo2,bart.teerlinck,jtcohen2,taperez2,ajgordon,bsorich32,dwchris2,ducharm2,lxl370141857,tjweber2,,,,,,,,,,,,,,,,,,,,,,,,,,,,,,,,,,,,,,,,,,,,,,,,,,,,,,,,,,,,,,,,,,,,,,,,,,,,,,,,,,,,,,,,,,,,,
kdoolit,luisab,amcdunn,shrutisharma810,paulomib,rlangomas,kai626,almulla2,munchun.alex.lai,spostak,aleide,gs4phone,ctowle,maddie.noteware,bomattix,forestsears,,,,,,,,,,,,,,,,,,,,,,,,,,,,,,,,,,,,,,,,,,,,,,,,,,,,,,,,,,,,,,,,,,,,,,,,,,,,,,,,,,,,,,,,,,,,,
hadeer.ibrahim.73,mahmoud.nagib,jam4you30,mahmod,amrghoniem94,traumanshow,ahmedelsayed,hassanelassal99,ahmed.badawy2020,mohamed_mahmoud,dia2hamdy,kero.raafat.9,engam1993,seddiqmostafa39,polacasper3,mahmoud_elgamal,,,,,,,,,,,,,,,,,,,,,,,,,,,,,,,,,,,,,,,,,,,,,,,,,,,,,,,,,,,,,,,,,,,,,,,,,,,,,,,,,,,,,,,,,,,,,
jmd2251,ajorquera,smohsin16,saleil.bhat,hekle,nikoala3,cedricmayer,neilorzechowski,rsv2111,benthezhu,steev16,de2313,jjw2170,tonid,jessicazhao,gmackcrane,,,,,,,,,,,,,,,,,,,,,,,,,,,,,,,,,,,,,,,,,,,,,,,,,,,,,,,,,,,,,,,,,,,,,,,,,,,,,,,,,,,,,,,,,,,,,
beyers,jmdege,y7958223,canitz,williampsmythe,aleperezme,rlanigan,dogkitter,puckjojo,quantumnet,rsz13,mnburke,panya0320,aleenakaitlyn,darnok,,,,,,,,,,,,,,,,,,,,,,,,,,,,,,,,,,,,,,,,,,,,,,,,,,,,,,,,,,,,,,,,,,,,,,,,,,,,,,,,,,,,,,,,,,,,,,
hacrii,stive882003,bonggu,inmyworld,yf77abc,zhangrunzhou.zhezhe,aa3243608,tahira1,kellylin1993,wangyi,wangxinyu1115,keshu,qiyake,nanohub3412405,dh393058878,,,,,,,,,,,,,,,,,,,,,,,,,,,,,,,,,,,,,,,,,,,,,,,,,,,,,,,,,,,,,,,,,,,,,,,,,,,,,,,,,,,,,,,,,,,,,,
dyyoon,acemind,hcm386,cfarnsw2,msmekal,havvyliu,nmistry1,tklu1,thomas901,bmkral,ebaldwin25,jjhibben,xxbrucexx,rgowin,matt.flores17,,,,,,,,,,,,,,,,,,,,,,,,,,,,,,,,,,,,,,,,,,,,,,,,,,,,,,,,,,,,,,,,,,,,,,,,,,,,,,,,,,,,,,,,,,,,,,
nahokoshimada,mossim,mw2_mctavish,g1215039,toshitarou,g1215029,g1215030,g1215074,g1215116,g1215061,hama,xgtxgt,a1215084,himajin_2nd,,,,,,,,,,,,,,,,,,,,,,,,,,,,,,,,,,,,,,,,,,,,,,,,,,,,,,,,,,,,,,,,,,,,,,,,,,,,,,,,,,,,,,,,,,,,,,,
ntapia720,mamircha,raypropoggio,csusanto,jdcox10,aesquivias,pryan02,ejsanch2,space1008,chrissuchomski,jeremy5756,mohad1993,kkawabat,kdtyler1,,,,,,,,,,,,,,,,,,,,,,,,,,,,,,,,,,,,,,,,,,,,,,,,,,,,,,,,,,,,,,,,,,,,,,,,,,,,,,,,,,,,,,,,,,,,,,,
yes110766106,longman,mahmood.noweir,admueller84,kalhor,mengxiangeng,peterng.20,cpotts,zjw1091110214,gv8,lmanzoor,noweir,zhouweizhong0,,,,,,,,,,,,,,,,,,,,,,,,,,,,,,,,,,,,,,,,,,,,,,,,,,,,,,,,,,,,,,,,,,,,,,,,,,,,,,,,,,,,,,,,,,,,,,,,
taitano15,lujan15,harper14,rick800,achong15,meyer15,swuest,aomeszaga,chhor15,connorlang,alexvarvel,lanceislame1234,,,,,,,,,,,,,,,,,,,,,,,,,,,,,,,,,,,,,,,,,,,,,,,,,,,,,,,,,,,,,,,,,,,,,,,,,,,,,,,,,,,,,,,,,,,,,,,,,
jacschwa,tjs041,skmahoss,bmagnett,feelthefurey,rogerindy,jonathon,john.flowers.5,gaurav.bunny,ongki,mchua,sivasumanth,,,,,,,,,,,,,,,,,,,,,,,,,,,,,,,,,,,,,,,,,,,,,,,,,,,,,,,,,,,,,,,,,,,,,,,,,,,,,,,,,,,,,,,,,,,,,,,,,
aguti,juliandc,ronal741,salipe96,anthonyhhh,daniela2317,directioner99,cardyyankee2012,jhoanruiz,juanca1200,thania,,,,,,,,,,,,,,,,,,,,,,,,,,,,,,,,,,,,,,,,,,,,,,,,,,,,,,,,,,,,,,,,,,,,,,,,,,,,,,,,,,,,,,,,,,,,,,,,,,
leocouty,evapaz,anjalim,adrienbarbey32,meliss.val.mer,nanotechgroup1,aliciakcabrera,frlescroart,jtutor_cu,luismar14,chibre,,,,,,,,,,,,,,,,,,,,,,,,,,,,,,,,,,,,,,,,,,,,,,,,,,,,,,,,,,,,,,,,,,,,,,,,,,,,,,,,,,,,,,,,,,,,,,,,,,
o3o3m7m7,sayeed85,g1215108,tsubasa,koshi,taikitakada,ten,g1215110,g1215028,g1215119,sayeedec,,,,,,,,,,,,,,,,,,,,,,,,,,,,,,,,,,,,,,,,,,,,,,,,,,,,,,,,,,,,,,,,,,,,,,,,,,,,,,,,,,,,,,,,,,,,,,,,,,
vkonatha,eric.cochin,guharghargag,brad.burkett.9,fares.alharbi.585,petermartin,prabhnoor.singh.3,supercyan09,marcorami,nishakuruvilla,daveestrada12,,,,,,,,,,,,,,,,,,,,,,,,,,,,,,,,,,,,,,,,,,,,,,,,,,,,,,,,,,,,,,,,,,,,,,,,,,,,,,,,,,,,,,,,,,,,,,,,,,
jacquemjones20,arlinehan,yuexieguxiang,fjhidalgor,jnettleton,apusansar710,magnusbergh75,aduenas,agnair140,joachim.latzer,gyiapanis,,,,,,,,,,,,,,,,,,,,,,,,,,,,,,,,,,,,,,,,,,,,,,,,,,,,,,,,,,,,,,,,,,,,,,,,,,,,,,,,,,,,,,,,,,,,,,,,,,
christophermuzzillo,wuest.f,iopigor,secondprep.2013,alex.naiman,mangosamp,mai.hosny.16,libowen,ahmed.heshamglal,omnia.mahmoud,jmlloren,,,,,,,,,,,,,,,,,,,,,,,,,,,,,,,,,,,,,,,,,,,,,,,,,,,,,,,,,,,,,,,,,,,,,,,,,,,,,,,,,,,,,,,,,,,,,,,,,,
thvincent200690,nmspirak,camackay,hallchenhust,bonecrusher,akstempl10,subinkim,uaevip20000,mgjaggers,chrismay,,,,,,,,,,,,,,,,,,,,,,,,,,,,,,,,,,,,,,,,,,,,,,,,,,,,,,,,,,,,,,,,,,,,,,,,,,,,,,,,,,,,,,,,,,,,,,,,,,,
tictonk,jcompara,bhattaca,jcassady,sboes,mbinkle,telliott,christinarosales,jacob.haller.908,zhan1222,,,,,,,,,,,,,,,,,,,,,,,,,,,,,,,,,,,,,,,,,,,,,,,,,,,,,,,,,,,,,,,,,,,,,,,,,,,,,,,,,,,,,,,,,,,,,,,,,,,
spalmersheim,funshoaro,sp520,ceejeek,cmbump,nwass182,ngarci02,fodong01,elliottsiu,jabel21,,,,,,,,,,,,,,,,,,,,,,,,,,,,,,,,,,,,,,,,,,,,,,,,,,,,,,,,,,,,,,,,,,,,,,,,,,,,,,,,,,,,,,,,,,,,,,,,,,,
monicareynoso,akdeshpa,ramnraop,maitreyadutta,jianyi.gao.1,jaspreety86,alansam,adar1312,catterrell,pfirth,,,,,,,,,,,,,,,,,,,,,,,,,,,,,,,,,,,,,,,,,,,,,,,,,,,,,,,,,,,,,,,,,,,,,,,,,,,,,,,,,,,,,,,,,,,,,,,,,,,
vaishnaviy2,ayu,aravind.ravi,light_human,93arnabsun,coesquivel,owenxu94314,kemerri1,leandro.tramma,aalabanza,,,,,,,,,,,,,,,,,,,,,,,,,,,,,,,,,,,,,,,,,,,,,,,,,,,,,,,,,,,,,,,,,,,,,,,,,,,,,,,,,,,,,,,,,,,,,,,,,,,
chanss,showing0521,ajavey,timamundsen,anmavaro,jairoa.suac,cristianmvillamil,cri5ne,,,,,,,,,,,,,,,,,,,,,,,,,,,,,,,,,,,,,,,,,,,,,,,,,,,,,,,,,,,,,,,,,,,,,,,,,,,,,,,,,,,,,,,,,,,,,,,,,,,,,
sasan.keyvani,r.a.durv09,beslami,stylianou.andreas.94,jadams,planum,taoyeucm,rbwagner,,,,,,,,,,,,,,,,,,,,,,,,,,,,,,,,,,,,,,,,,,,,,,,,,,,,,,,,,,,,,,,,,,,,,,,,,,,,,,,,,,,,,,,,,,,,,,,,,,,,,
cora.went,javahedi,wistey,s0937287704,leesmith,stchang,kasey.evans.144,mango1990722,,,,,,,,,,,,,,,,,,,,,,,,,,,,,,,,,,,,,,,,,,,,,,,,,,,,,,,,,,,,,,,,,,,,,,,,,,,,,,,,,,,,,,,,,,,,,,,,,,,,,
manporde,cm,yanbiao.chyber,lanzin,yaoyi92,zabulum,mahmood.dareshiry,johnrnice,,,,,,,,,,,,,,,,,,,,,,,,,,,,,,,,,,,,,,,,,,,,,,,,,,,,,,,,,,,,,,,,,,,,,,,,,,,,,,,,,,,,,,,,,,,,,,,,,,,,,
kudich,purnimd,rigelation,seesea20086,ntallari,descofet,cpirim1285,,,,,,,,,,,,,,,,,,,,,,,,,,,,,,,,,,,,,,,,,,,,,,,,,,,,,,,,,,,,,,,,,,,,,,,,,,,,,,,,,,,,,,,,,,,,,,,,,,,,,,
abuy95,mythos.hb.de,scavenger,apoorv.negi,rajasekaran,paavo.auvinen,francisco.franco,,,,,,,,,,,,,,,,,,,,,,,,,,,,,,,,,,,,,,,,,,,,,,,,,,,,,,,,,,,,,,,,,,,,,,,,,,,,,,,,,,,,,,,,,,,,,,,,,,,,,,
mpendharkar,neerajnaga,phongvo,yds,chirantansingha87,bandarm,rfwebster,,,,,,,,,,,,,,,,,,,,,,,,,,,,,,,,,,,,,,,,,,,,,,,,,,,,,,,,,,,,,,,,,,,,,,,,,,,,,,,,,,,,,,,,,,,,,,,,,,,,,,
gladstoneduraisamir,alavalamonicavarsha,mathew.sdjsmk,smithy.philip,padickala,bmcaneesh,aneeshlalmu,,,,,,,,,,,,,,,,,,,,,,,,,,,,,,,,,,,,,,,,,,,,,,,,,,,,,,,,,,,,,,,,,,,,,,,,,,,,,,,,,,,,,,,,,,,,,,,,,,,,,,
fssh310623,waltercruz,muhannad.sa.1,leebom2,honey_annik,leonardoemarq,canhan.sen,,,,,,,,,,,,,,,,,,,,,,,,,,,,,,,,,,,,,,,,,,,,,,,,,,,,,,,,,,,,,,,,,,,,,,,,,,,,,,,,,,,,,,,,,,,,,,,,,,,,,,
veeraghanta.siddharth,kul.abhishake,edamian57,creasyclauser,rightfuture42,sudhirshrestha,patrick.obrien.9210,,,,,,,,,,,,,,,,,,,,,,,,,,,,,,,,,,,,,,,,,,,,,,,,,,,,,,,,,,,,,,,,,,,,,,,,,,,,,,,,,,,,,,,,,,,,,,,,,,,,,,
lf.burbano10,camigod1,superpes,mariange8282,crashmateriales,ferdelarr,caj2014,,,,,,,,,,,,,,,,,,,,,,,,,,,,,,,,,,,,,,,,,,,,,,,,,,,,,,,,,,,,,,,,,,,,,,,,,,,,,,,,,,,,,,,,,,,,,,,,,,,,,,
qsullivan11,caracheo,dontornquist,reolmes,noah.brummer,maddogclc,cwg2,,,,,,,,,,,,,,,,,,,,,,,,,,,,,,,,,,,,,,,,,,,,,,,,,,,,,,,,,,,,,,,,,,,,,,,,,,,,,,,,,,,,,,,,,,,,,,,,,,,,,,
tidaldreams,xxydonald,jnfernndez,a502112003,nanohuborg1122,liljeroth,hkustzln,,,,,,,,,,,,,,,,,,,,,,,,,,,,,,,,,,,,,,,,,,,,,,,,,,,,,,,,,,,,,,,,,,,,,,,,,,,,,,,,,,,,,,,,,,,,,,,,,,,,,,
msciullo2010,leedandan,michal.tomasz.pomorski,ninge,gerhard.tulzer,ssgdla,czajkap,,,,,,,,,,,,,,,,,,,,,,,,,,,,,,,,,,,,,,,,,,,,,,,,,,,,,,,,,,,,,,,,,,,,,,,,,,,,,,,,,,,,,,,,,,,,,,,,,,,,,,
kzero,yxie6,mliu,rakushiunmei,zccab38,amreena,souseizikken,,,,,,,,,,,,,,,,,,,,,,,,,,,,,,,,,,,,,,,,,,,,,,,,,,,,,,,,,,,,,,,,,,,,,,,,,,,,,,,,,,,,,,,,,,,,,,,,,,,,,,
dozatam,max.drabadan,borland2702,irochkaru,andriaus.kleinausko,frankkoppens,user.sergei,,,,,,,,,,,,,,,,,,,,,,,,,,,,,,,,,,,,,,,,,,,,,,,,,,,,,,,,,,,,,,,,,,,,,,,,,,,,,,,,,,,,,,,,,,,,,,,,,,,,,,
unamunoe,peicheng,ihz1,mchandan,sahanaa,onurgur1,mikehadam,,,,,,,,,,,,,,,,,,,,,,,,,,,,,,,,,,,,,,,,,,,,,,,,,,,,,,,,,,,,,,,,,,,,,,,,,,,,,,,,,,,,,,,,,,,,,,,,,,,,,,
mahammad.gous.s,teju.raman.39,sekharguru257,ravim0288,ragunaik.ec,praveenjnvh,,,,,,,,,,,,,,,,,,,,,,,,,,,,,,,,,,,,,,,,,,,,,,,,,,,,,,,,,,,,,,,,,,,,,,,,,,,,,,,,,,,,,,,,,,,,,,,,,,,,,,,
youngerlyy,kenny157,catherine_a_hay,catherine.a.haay,raz_rivlis,acerium,,,,,,,,,,,,,,,,,,,,,,,,,,,,,,,,,,,,,,,,,,,,,,,,,,,,,,,,,,,,,,,,,,,,,,,,,,,,,,,,,,,,,,,,,,,,,,,,,,,,,,,
oleg.buga,muhammadabdullah,waseemudass,hamza.shams,tewfik79,saurabh.talele,,,,,,,,,,,,,,,,,,,,,,,,,,,,,,,,,,,,,,,,,,,,,,,,,,,,,,,,,,,,,,,,,,,,,,,,,,,,,,,,,,,,,,,,,,,,,,,,,,,,,,,
dms2264,giovanna.silvateixeira,aji2112,jeffrey11366,zhenghao,nilespaulthethird,,,,,,,,,,,,,,,,,,,,,,,,,,,,,,,,,,,,,,,,,,,,,,,,,,,,,,,,,,,,,,,,,,,,,,,,,,,,,,,,,,,,,,,,,,,,,,,,,,,,,,,
ebakhiet11,hannahisastud,mutt73,ludwiglue,zhitan,erika.green.92,,,,,,,,,,,,,,,,,,,,,,,,,,,,,,,,,,,,,,,,,,,,,,,,,,,,,,,,,,,,,,,,,,,,,,,,,,,,,,,,,,,,,,,,,,,,,,,,,,,,,,,
shaofeng,ishihara0211,alberto.castro.barrigon,2.nysc.2,adrigomez,ambelaza,,,,,,,,,,,,,,,,,,,,,,,,,,,,,,,,,,,,,,,,,,,,,,,,,,,,,,,,,,,,,,,,,,,,,,,,,,,,,,,,,,,,,,,,,,,,,,,,,,,,,,,
angelomarmartinez07,prateeksharma,sebadeli,rodrigo_103,nikoo5,jordysp,,,,,,,,,,,,,,,,,,,,,,,,,,,,,,,,,,,,,,,,,,,,,,,,,,,,,,,,,,,,,,,,,,,,,,,,,,,,,,,,,,,,,,,,,,,,,,,,,,,,,,,
skeald1988,asa58,anh3,shahjigar23,jsm45,mhe5,,,,,,,,,,,,,,,,,,,,,,,,,,,,,,,,,,,,,,,,,,,,,,,,,,,,,,,,,,,,,,,,,,,,,,,,,,,,,,,,,,,,,,,,,,,,,,,,,,,,,,,
roland.traxl,tau123,shkhan,elee4472,des.1303.nanohub,ansiyuan,,,,,,,,,,,,,,,,,,,,,,,,,,,,,,,,,,,,,,,,,,,,,,,,,,,,,,,,,,,,,,,,,,,,,,,,,,,,,,,,,,,,,,,,,,,,,,,,,,,,,,,
alialkhaleefah,ameya,ttruongv,ipnm70,zhang209,,,,,,,,,,,,,,,,,,,,,,,,,,,,,,,,,,,,,,,,,,,,,,,,,,,,,,,,,,,,,,,,,,,,,,,,,,,,,,,,,,,,,,,,,,,,,,,,,,,,,,,,
agent,phaenome,jk.pershukov,sulzhich,teorbigbang,,,,,,,,,,,,,,,,,,,,,,,,,,,,,,,,,,,,,,,,,,,,,,,,,,,,,,,,,,,,,,,,,,,,,,,,,,,,,,,,,,,,,,,,,,,,,,,,,,,,,,,,
nmhhussein,pbraut1092,wang.yu.82,baringhaus,nimbus1995,,,,,,,,,,,,,,,,,,,,,,,,,,,,,,,,,,,,,,,,,,,,,,,,,,,,,,,,,,,,,,,,,,,,,,,,,,,,,,,,,,,,,,,,,,,,,,,,,,,,,,,,
pvergili,hamsa.sagar,headacheproject2014,hiro.shimo.angel,requirement,,,,,,,,,,,,,,,,,,,,,,,,,,,,,,,,,,,,,,,,,,,,,,,,,,,,,,,,,,,,,,,,,,,,,,,,,,,,,,,,,,,,,,,,,,,,,,,,,,,,,,,,
duncanzhang,nwblock2,ywang272,vondev,l445250779,,,,,,,,,,,,,,,,,,,,,,,,,,,,,,,,,,,,,,,,,,,,,,,,,,,,,,,,,,,,,,,,,,,,,,,,,,,,,,,,,,,,,,,,,,,,,,,,,,,,,,,,
larissatv.lt,kemontano,jeorozco,asdelarosa0531,fattycorpsl,,,,,,,,,,,,,,,,,,,,,,,,,,,,,,,,,,,,,,,,,,,,,,,,,,,,,,,,,,,,,,,,,,,,,,,,,,,,,,,,,,,,,,,,,,,,,,,,,,,,,,,,
jyliu4,andrew.herschfelt,bahammon,jcm2006,rjfarrer,,,,,,,,,,,,,,,,,,,,,,,,,,,,,,,,,,,,,,,,,,,,,,,,,,,,,,,,,,,,,,,,,,,,,,,,,,,,,,,,,,,,,,,,,,,,,,,,,,,,,,,,
steffenk,ajimenez8,sydbarrett1966,alan.rossetto,andrewtd,,,,,,,,,,,,,,,,,,,,,,,,,,,,,,,,,,,,,,,,,,,,,,,,,,,,,,,,,,,,,,,,,,,,,,,,,,,,,,,,,,,,,,,,,,,,,,,,,,,,,,,,
sebas.dav,juanitoing84,josesoteroesteva,carolina.vargas,edelgomez17,,,,,,,,,,,,,,,,,,,,,,,,,,,,,,,,,,,,,,,,,,,,,,,,,,,,,,,,,,,,,,,,,,,,,,,,,,,,,,,,,,,,,,,,,,,,,,,,,,,,,,,,
segova8,natscarrasco,jp.martinez10,juan_bohorquez,jf.quintero927,,,,,,,,,,,,,,,,,,,,,,,,,,,,,,,,,,,,,,,,,,,,,,,,,,,,,,,,,,,,,,,,,,,,,,,,,,,,,,,,,,,,,,,,,,,,,,,,,,,,,,,,
we398539,brandonblue662,scottfisher,kennysdragon,starlwe,,,,,,,,,,,,,,,,,,,,,,,,,,,,,,,,,,,,,,,,,,,,,,,,,,,,,,,,,,,,,,,,,,,,,,,,,,,,,,,,,,,,,,,,,,,,,,,,,,,,,,,,
andrew.grytsak,sokira,nazar.savytsky,anastasia.fedorak,marta.savchuk,,,,,,,,,,,,,,,,,,,,,,,,,,,,,,,,,,,,,,,,,,,,,,,,,,,,,,,,,,,,,,,,,,,,,,,,,,,,,,,,,,,,,,,,,,,,,,,,,,,,,,,,
vicvie64,munsungkwang,yanguang.zhou,zyyanglammps,avik.mahata.1,,,,,,,,,,,,,,,,,,,,,,,,,,,,,,,,,,,,,,,,,,,,,,,,,,,,,,,,,,,,,,,,,,,,,,,,,,,,,,,,,,,,,,,,,,,,,,,,,,,,,,,,
fasterthan88,yabc912,jae7woo,jyarika,guma2020,,,,,,,,,,,,,,,,,,,,,,,,,,,,,,,,,,,,,,,,,,,,,,,,,,,,,,,,,,,,,,,,,,,,,,,,,,,,,,,,,,,,,,,,,,,,,,,,,,,,,,,,
yukinobu,wover,nzjakemartin,a662796,shi1357,,,,,,,,,,,,,,,,,,,,,,,,,,,,,,,,,,,,,,,,,,,,,,,,,,,,,,,,,,,,,,,,,,,,,,,,,,,,,,,,,,,,,,,,,,,,,,,,,,,,,,,,
abhilash.harpale,swolffgoodrich,sriraj1378,ejcoyle2360,jia.amber.3,,,,,,,,,,,,,,,,,,,,,,,,,,,,,,,,,,,,,,,,,,,,,,,,,,,,,,,,,,,,,,,,,,,,,,,,,,,,,,,,,,,,,,,,,,,,,,,,,,,,,,,,
eragasa,awaisali989,luoj.rpi,haris.rudianto,adehgha,,,,,,,,,,,,,,,,,,,,,,,,,,,,,,,,,,,,,,,,,,,,,,,,,,,,,,,,,,,,,,,,,,,,,,,,,,,,,,,,,,,,,,,,,,,,,,,,,,,,,,,,
peibol,badibere,jboparai,peiboldavid,benjamin.bautista.price,,,,,,,,,,,,,,,,,,,,,,,,,,,,,,,,,,,,,,,,,,,,,,,,,,,,,,,,,,,,,,,,,,,,,,,,,,,,,,,,,,,,,,,,,,,,,,,,,,,,,,,,
