MClusterID,XClusterID,MClusterSize,XClusterSize,OverlapSize,OverlapMembers,MOnlySize,MOnlyMembers,XOnlySize,XOnlyMembers,CombinedSize,CombinedMembers
1,36,449,371,360,"['jdawson', 'jzona', 'rkhazai', 'mmotiani', 'WUTTARAPATRIYAKUL', 'djwhack03', 'pszalwinski', 'kparekh', 'sburrill', 'g3styx', 'lkarvelis', 'rlee', 'aaronbenjamin', 'SLIM', 'alopez', 'ikornblau', 'sdang', 'ccarhart', 'ymanibog', 'cclark', 'csherman', 'mamofa', 'jbeltran', 'cvenatta', 'evelyncarter', 'jhan', 'prettynpink221', 'skramer', 'jgavil', 'nchu', 'jdrake', 'bbrochu', 'jjaume', 'dfang', 'jswenson', 'ewest', 'cblack', 'JuliaDesChenes', 'shanks53', 'yixak', 'aloon', 'jlee', 'jkircher', 'spark', 'atalai', 'psampath', 'igemp', 'bmanojlovic', 'smui', 'calfonso', 'mradadia', 'jweishaar', 'jguliap', 'ktakahashi', 'eunterbrink', 'lowen', 'lstene', 'psteptoe', 'jdinneen', 'hdurschlag', 'geieea', 'roub0008', 'jbragg', 'asarwark', 'sdaudi', 'jstroup', 'ktietjen', 'wstokely', 'vvalenzuela', 'dblumenthal', 'xyin', 'dwu', 'jdattilo', 'cmiksis', 'jmeissner', 'asisodia', 'bdemurihaeberle', 'bschaefer', 'dufford', 'ckwan', 'jbastiaens', 'swahab', 'mfenstermaker', 'del982', 'asiddiqui', 'laybar', 'kbatra', 'dwang', 'bfu109', 'mkubiak', 'mfenech', 'clu', 'mhyre', 'jramsley', 'bschnedl', 'churley', 'pkalkat', 'eskim', 'dyao', 'kkang', 'kkao', 'sfarley', 'skim', 'slim', 'SHaolinquan', 'ebader', 'marthachang', 'Shaolinquan', 'cvega', 'jsavitsky', 'mfederspiel', 'rmetzler', 'KTietjen', 'bnielsen', 'msivasubramaniam', 'aroybal', 'jmenkin', 'hknai', 'aocchiuti', 'jlemaster', 'nmsingh', 'jmarrone', 'cliu', 'jmehra', 'seankim', 'kcebrian', 'ashutton', 'athaler', 'mja276', 'pbaranwal', 'astrick', 'erausch', 'bvu', 'npentelovitch', 'bweisse', 'emurphy', 'kalbertine', 'soconnell', 'xbasko', 'jallen', 'jsnyder', 'leochild2005', 'dculhane', 'kgspears', 'hschroeder', 'rwinnegar', 'rferraro', 'jswanson', 'clin', 'agoodman', 'ecunningham', 'mfrancisco', 'kkovatch', 'csouthard', 'jesnyder', 'ksampson', 'aschattner', 'eohira', 'jaltenhofen', 'ASiddiqui', 'jsneed', 'cpai', 'mgilmour', 'rsmith', 'ebell', 'amahajan', 'ohkwon', 'jlt453', 'zsersland', 'jlye', 'jdavid', 'jyoung88', 'barlas', 'brwass', 'lfoulke', 'lwelke', 'rgopal', 'yongjoo87', 'aahmad', 'elliottwallace', 'smiller', 'dsiegal', 'cchristianson', 'damaranto', 'slasselle', 'ccl356', 'dshabeeb', 'wpearse', 'smoffett', 'pliu', 'stacilaci56', 'sflores', 'dwg482', 'klandry', 'tsn821', 'jaq945', 'sdixit', 'rtsang', 'nshultz', 'bpk122', 'amorales', 'jchowaniec', 'jlopez', 'rkaringada', 'lweiss', 'vrivas', 'nperkins', 'vmanko', 'abarr', 'mroebuck', 'noodles5', 'cdipompeo', 'jcarson', 'awagner', 'uchidas', 'pcoleman', 'claireboland', 'kschuette', 'ktommerdahl', 'dburk', 'dnebel', 'aka220', 'jdeschenes', 'fuckme', 'als753', 'rgribben', 'ekatz', 'slu', 'ysalah', 'sju', 'chem10107', 'jcummins', 'osostan', 'darosner', 'jps939', 'wuttarapatriyakul', 'srao', 'rpickering', 'chaimann', 'abruzek', 'sfriedman', 'dshafir', 'kfreer', 'kshedd', 'mkalina', 'Mehwish916', 'swilson', 'dliu', 'fzhang', 'asantamarina', 'Aaronbenjamin', 'gdasovich', 'elemasters', 'rkatz', 'mlowes', 'jilliann2', 'robbrown', 'nkraska', 'awhittington', 'ehaug', 'ahurd', 'treber', 'jobremski', 'cconrad', 'bfrett', 'asprague', 'swalchuk', 'jschulze', 'sstrong', 'arahman', 'jteno', 'swundrow', 'fome', 'mpsorkin', 'kroderer', 'aasthana', 'suchida', 'lbrengman', 'bniklinska', 'scrow', 'ksulzer', 'LWELKE', 'frankzhang', 'cfrench', 'dspade', 'aechevarria', 'crush', 'jroig1', 'ameyers', 'jordanduval', 'gschultz', 'ndvora', 'cwhite', 'jneilsson', 'jdarby', 'smoy', 'kmorgan', 'smo596', 'amelnyk', 'ealtman', 'wsun', 'grebesco', 'aelmy', 'dflint', 'awellman', 'mphilben', 'kbg813', 'erobinson', 'mchen', 'adhar2', 'tcouri', 'bwalker423', 'vleung', 'msood', 'hwolfman', 'sarnold', 'jpineda', 'cpowersmaher', 'mrahman23', 'bsummersgill', 'dmenon', 'dbaik', 'laurahchoi', 'gescobar', 'kmp423', 'kstoddart', 'msarkulova', 'khiggins', 'kmortensen', 'tgonzales', 'mtapkowski', 'cmcgourty', 'pnolan', 'mbykowski', 'ikos', 'acm', 'tchou', 'gbanner', 'nfrench', 'mkahle', 'slhatch', 'mzou', 'abeswick', 'Juliadeschenes', 'ndhawan', 'eschaefer', 'dcooperberg', 'ganderson', 'tpoole', 'chaselhorst', 'ldelaney', 'cpark', 'lkingsbury', 'mshah22', 'cgrandau', 'zharb', 'mhoffmann', 'aepstein', 'dtorres', 'bmattson']",89,"['jshabosky', 'Dangel', 'LKINGSBURY', 'prabath', 'dsturgeon', 'JMeissner', 'kcysewski', 'chastings', 'fkhan', 'jmehrotra', 'cnh872', 'Asprague', 'tofinesse333', 'vivekanandbhardwaj', 'apumm', 'Akhan', 'mfederspiel1', 'alang', 'parker9', 'jjones', 'sindhu108', 'heisenman', 'MChen', 'edawson', 'mehwish916', 'cpa475', 'therrmann', 'AWellman', 'akim', 'mis130', 'jerickson', 'bigkrezca32', 'agassifeng', 'chicah444', 'akhan', 'jhl326', 'agast', 'nash73', 'acarroll', 'jschulze1', 'clifford', 'choel', 'wheat_thin636', 'mickey', 'ktaylor', 'SSINGH', 'jwang10', 'dsy389', 'kjs901', 'lfs919', 'kvb507', 'rmb907', 'jessicag', 'rickyp999', 'aji536', 'KKessler', 'zes975', 'JSavitsky', 'querner', 'rbaroch', 'vladmanko', 'jroig', 'petarvidak', 'toconnell', 'jdshank44', 'evedgebah', 'danielbaik', 'Edawson', 'pmodi', 'zeidlab', 'mickey_g3', 'aim512', 'smw823', 'mbarrett', 'cboland', 'dchoi', 'jonaltenhofen', 'dal767', 'mnovacanes', 'ckilic', 'lgerkowicz', 'Ikornblau', 'shaolinquan', 'asuresh', 'jsteinberg', 'LauraK', 'lawchang88', 'kstoerzinger', 'pdziedzic']",11,"['vgunderson', 'tejerina', 'Preets15', 'justineshaw', 'jroden', 'ausmanlk', 'balenwhi', 'achin', 'alondanon', 'dcao', 'mfa713']",460,"['jdawson', 'dsturgeon', 'JMeissner', 'rkhazai', 'jzona', 'mmotiani', 'WUTTARAPATRIYAKUL', 'djwhack03', 'pszalwinski', 'kparekh', 'sburrill', 'g3styx', 'lkarvelis', 'rlee', 'aaronbenjamin', 'SLIM', 'alopez', 'alang', 'ikornblau', 'sdang', 'ccarhart', 'parker9', 'ymanibog', 'cclark', 'MChen', 'csherman', 'mehwish916', 'mamofa', 'jbeltran', 'therrmann', 'AWellman', 'cvenatta', 'evelyncarter', 'jhan', 'akim', 'prettynpink221', 'agassifeng', 'chicah444', 'skramer', 'akhan', 'mfa713', 'jgavil', 'nchu', 'jdrake', 'acarroll', 'bbrochu', 'jjaume', 'dcao', 'dfang', 'jswenson', 'wheat_thin636', 'ewest', 'cblack', 'JuliaDesChenes', 'shanks53', 'yixak', 'aloon', 'jlee', 'jkircher', 'spark', 'atalai', 'psampath', 'igemp', 'bmanojlovic', 'calfonso', 'smui', 'mradadia', 'rickyp999', 'jweishaar', 'jguliap', 'ktakahashi', 'eunterbrink', 'lowen', 'lstene', 'psteptoe', 'jdinneen', 'jroig', 'hdurschlag', 'geieea', 'roub0008', 'jbragg', 'asarwark', 'sdaudi', 'evedgebah', 'jstroup', 'danielbaik', 'ktietjen', 'wstokely', 'vvalenzuela', 'dblumenthal', 'xyin', 'dwu', 'jdattilo', 'cmiksis', 'mbarrett', 'asisodia', 'jmeissner', 'bdemurihaeberle', 'bschaefer', 'dufford', 'ckwan', 'jbastiaens', 'swahab', 'mfenstermaker', 'del982', 'tejerina', 'asiddiqui', 'laybar', 'kbatra', 'dwang', 'bfu109', 'lgerkowicz', 'mkubiak', 'mfenech', 'clu', 'mhyre', 'jramsley', 'shaolinquan', 'bschnedl', 'churley', 'pkalkat', 'eskim', 'dyao', 'lawchang88', 'kstoerzinger', 'pdziedzic', 'kkang', 'kkao', 'Dangel', 'LKINGSBURY', 'sfarley', 'skim', 'slim', 'SHaolinquan', 'ebader', 'fkhan', 'jmehrotra', 'marthachang', 'Shaolinquan', 'Asprague', 'tofinesse333', 'vivekanandbhardwaj', 'cvega', 'jsavitsky', 'mfederspiel', 'KTietjen', 'rmetzler', 'bnielsen', 'msivasubramaniam', 'aroybal', 'jmenkin', 'hknai', 'aocchiuti', 'alondanon', 'jlemaster', 'nmsingh', 'jmarrone', 'cliu', 'edawson', 'jmehra', 'seankim', 'kcebrian', 'ashutton', 'athaler', 'mja276', 'pbaranwal', 'astrick', 'erausch', 'bvu', 'npentelovitch', 'emurphy', 'bweisse', 'kalbertine', 'soconnell', 'xbasko', 'jallen', 'jsnyder', 'clifford', 'leochild2005', 'choel', 'dculhane', 'kgspears', 'hschroeder', 'SSINGH', 'rwinnegar', 'rferraro', 'jwang10', 'jswanson', 'clin', 'agoodman', 'ecunningham', 'mfrancisco', 'kkovatch', 'csouthard', 'jroden', 'rmb907', 'jesnyder', 'ksampson', 'aschattner', 'eohira', 'zes975', 'jaltenhofen', 'JSavitsky', 'toconnell', 'ASiddiqui', 'jsneed', 'Edawson', 'mickey_g3', 'cpai', 'mgilmour', 'rsmith', 'ebell', 'justineshaw', 'amahajan', 'ohkwon', 'jonaltenhofen', 'ausmanlk', 'jlt453', 'zsersland', 'jlye', 'jdavid', 'asuresh', 'jsteinberg', 'jyoung88', 'LauraK', 'barlas', 'brwass', 'lfoulke', 'rgopal', 'lwelke', 'yongjoo87', 'jshabosky', 'aahmad', 'elliottwallace', 'smiller', 'kcysewski', 'dsiegal', 'damaranto', 'cchristianson', 'slasselle', 'dshabeeb', 'ccl356', 'wpearse', 'smoffett', 'pliu', 'stacilaci56', 'sflores', 'Akhan', 'dwg482', 'klandry', 'tsn821', 'jaq945', 'balenwhi', 'sdixit', 'rtsang', 'nshultz', 'bpk122', 'amorales', 'jchowaniec', 'vgunderson', 'jlopez', 'rkaringada', 'sindhu108', 'heisenman', 'lweiss', 'vrivas', 'nperkins', 'vmanko', 'abarr', 'mroebuck', 'noodles5', 'cdipompeo', 'mis130', 'jerickson', 'jcarson', 'awagner', 'uchidas', 'pcoleman', 'jhl326', 'claireboland', 'agast', 'kschuette', 'ktommerdahl', 'nash73', 'dburk', 'jschulze1', 'dnebel', 'aka220', 'jdeschenes', 'fuckme', 'als753', 'rgribben', 'mickey', 'ekatz', 'ktaylor', 'slu', 'ysalah', 'dsy389', 'kjs901', 'sju', 'chem10107', 'jcummins', 'osostan', 'darosner', 'jps939', 'wuttarapatriyakul', 'srao', 'rpickering', 'jessicag', 'chaimann', 'Preets15', 'abruzek', 'rbaroch', 'sfriedman', 'petarvidak', 'dshafir', 'kfreer', 'kshedd', 'mkalina', 'Mehwish916', 'pmodi', 'zeidlab', 'swilson', 'dliu', 'aim512', 'asantamarina', 'fzhang', 'Aaronbenjamin', 'gdasovich', 'elemasters', 'rkatz', 'mlowes', 'cboland', 'jilliann2', 'robbrown', 'awhittington', 'ahurd', 'nkraska', 'ehaug', 'mnovacanes', 'ckilic', 'treber', 'jobremski', 'cconrad', 'bfrett', 'asprague', 'swalchuk', 'Ikornblau', 'jschulze', 'sstrong', 'arahman', 'jteno', 'swundrow', 'fome', 'mpsorkin', 'prabath', 'kroderer', 'aasthana', 'suchida', 'chastings', 'lbrengman', 'bniklinska', 'scrow', 'ksulzer', 'cnh872', 'frankzhang', 'LWELKE', 'apumm', 'cfrench', 'dspade', 'aechevarria', 'mfederspiel1', 'crush', 'jroig1', 'ameyers', 'jordanduval', 'gschultz', 'ndvora', 'cwhite', 'jneilsson', 'jdarby', 'smoy', 'kmorgan', 'smo596', 'amelnyk', 'wsun', 'ealtman', 'grebesco', 'aelmy', 'jjones', 'dflint', 'awellman', 'mphilben', 'cpa475', 'kbg813', 'erobinson', 'mchen', 'tcouri', 'adhar2', 'bigkrezca32', 'bwalker423', 'vleung', 'msood', 'hwolfman', 'achin', 'sarnold', 'jpineda', 'cpowersmaher', 'mrahman23', 'bsummersgill', 'dbaik', 'dmenon', 'laurahchoi', 'gescobar', 'kmp423', 'kstoddart', 'lfs919', 'khiggins', 'msarkulova', 'kmortensen', 'tgonzales', 'aji536', 'mtapkowski', 'KKessler', 'querner', 'cmcgourty', 'pnolan', 'mbykowski', 'ikos', 'vladmanko', 'jdshank44', 'acm', 'tchou', 'gbanner', 'nfrench', 'mkahle', 'mzou', 'slhatch', 'abeswick', 'Juliadeschenes', 'ndhawan', 'smw823', 'eschaefer', 'dcooperberg', 'dchoi', 'ganderson', 'tpoole', 'dal767', 'chaselhorst', 'ldelaney', 'cpark', 'lkingsbury', 'mshah22', 'cgrandau', 'zharb', 'mhoffmann', 'aepstein', 'dtorres', 'bmattson', 'kvb507']"
1,21,449,311,306,"['kkao', 'brwass', 'yongjoo87', 'fome', 'jshabosky', 'Dangel', 'LKINGSBURY', 'skim', 'dsturgeon', 'jzona', 'JMeissner', 'rkhazai', 'kcysewski', 'SHaolinquan', 'dsiegal', 'mmotiani', 'slasselle', 'dshabeeb', 'kroderer', 'aasthana', 'suchida', 'jmehrotra', 'fkhan', 'chastings', 'lbrengman', 'bniklinska', 'scrow', 'wpearse', 'ksulzer', 'Asprague', 'cnh872', 'djwhack03', 'LWELKE', 'frankzhang', 'pszalwinski', 'tofinesse333', 'apumm', 'stacilaci56', 'sflores', 'Akhan', 'dwg482', 'kparekh', 'jsavitsky', 'cfrench', 'tsn821', 'dspade', 'sburrill', 'aechevarria', 'mfederspiel1', 'g3styx', 'rmetzler', 'KTietjen', 'jaq945', 'rlee', 'sdixit', 'msivasubramaniam', 'gschultz', 'ndvora', 'aroybal', 'alopez', 'jmenkin', 'alang', 'rtsang', 'nshultz', 'hknai', 'cwhite', 'jdarby', 'kmorgan', 'amorales', 'ikornblau', 'jchowaniec', 'sdang', 'aocchiuti', 'smo596', 'ealtman', 'wsun', 'ccarhart', 'ymanibog', 'cclark', 'dflint', 'jmarrone', 'MChen', 'sindhu108', 'heisenman', 'csherman', 'vrivas', 'mehwish916', 'jmehra', 'mamofa', 'seankim', 'nperkins', 'kcebrian', 'therrmann', 'jbeltran', 'ashutton', 'cpa475', 'AWellman', 'pdziedzic', 'abarr', 'kbg813', 'mroebuck', 'evelyncarter', 'jhan', 'akim', 'noodles5', 'erobinson', 'prettynpink221', 'mis130', 'mja276', 'pbaranwal', 'adhar2', 'tcouri', 'erausch', 'bigkrezca32', 'agassifeng', 'jcarson', 'chicah444', 'vleung', 'awagner', 'akhan', 'skramer', 'npentelovitch', 'bweisse', 'jgavil', 'kalbertine', 'nchu', 'pcoleman', 'jhl326', 'soconnell', 'xbasko', 'claireboland', 'agast', 'jdrake', 'ktommerdahl', 'acarroll', 'dburk', 'dnebel', 'dfang', 'jswenson', 'clifford', 'aka220', 'sarnold', 'jpineda', 'cpowersmaher', 'choel', 'bsummersgill', 'dmenon', 'als753', 'wheat_thin636', 'dculhane', 'rgribben', 'hschroeder', 'ewest', 'ktaylor', 'ekatz', 'cblack', 'laurahchoi', 'JuliaDesChenes', 'slu', 'gescobar', 'shanks53', 'yixak', 'rferraro', 'jlee', 'jwang10', 'jswanson', 'spark', 'ysalah', 'dsy389', 'kmp423', 'clin', 'kstoddart', 'agoodman', 'ecunningham', 'atalai', 'psampath', 'darosner', 'jps939', 'igemp', 'mfrancisco', 'wuttarapatriyakul', 'lfs919', 'srao', 'rpickering', 'msarkulova', 'khiggins', 'kvb507', 'calfonso', 'kmortensen', 'rmb907', 'jessicag', 'jesnyder', 'tgonzales', 'rickyp999', 'jweishaar', 'aji536', 'ksampson', 'aschattner', 'eohira', 'lowen', 'zes975', 'JSavitsky', 'abruzek', 'rbaroch', 'cmcgourty', 'jdinneen', 'pnolan', 'mbykowski', 'vladmanko', 'hdurschlag', 'toconnell', 'jdshank44', 'jbragg', 'acm', 'kfreer', 'bmattson', 'evedgebah', 'jstroup', 'kshedd', 'danielbaik', 'ktietjen', 'tchou', 'pmodi', 'wstokely', 'gbanner', 'vvalenzuela', 'dblumenthal', 'zeidlab', 'xyin', 'swilson', 'nfrench', 'mzou', 'dliu', 'aim512', 'asantamarina', 'fzhang', 'abeswick', 'ndhawan', 'gdasovich', 'smw823', 'jdattilo', 'mbarrett', 'mlowes', 'jmeissner', 'asisodia', 'mgilmour', 'cboland', 'bdemurihaeberle', 'eschaefer', 'dcooperberg', 'rsmith', 'bschaefer', 'dchoi', 'ganderson', 'ebell', 'dufford', 'ckwan', 'jbastiaens', 'amahajan', 'robbrown', 'nkraska', 'awhittington', 'jonaltenhofen', 'ehaug', 'ahurd', 'mfenstermaker', 'dal767', 'del982', 'mnovacanes', 'treber', 'jobremski', 'ldelaney', 'cpark', 'mshah22', 'kbatra', 'dwang', 'bfu109', 'lgerkowicz', 'mkubiak', 'jlt453', 'swalchuk', 'mfenech', 'Ikornblau', 'clu', 'mhyre', 'zsersland', 'jlye', 'jramsley', 'mhoffmann', 'shaolinquan', 'asuresh', 'bschnedl', 'jschulze', 'sstrong', 'jyoung88', 'LauraK', 'aepstein', 'arahman', 'dtorres', 'pkalkat', 'jteno', 'eskim', 'lawchang88', 'kstoerzinger', 'rgopal', 'kkang']",143,"['jdawson', 'aahmad', 'elliottwallace', 'smiller', 'mpsorkin', 'sfarley', 'prabath', 'slim', 'damaranto', 'ebader', 'cchristianson', 'ccl356', 'marthachang', 'Shaolinquan', 'WUTTARAPATRIYAKUL', 'smoffett', 'pliu', 'vivekanandbhardwaj', 'cvega', 'klandry', 'mfederspiel', 'crush', 'jroig1', 'lkarvelis', 'aaronbenjamin', 'bnielsen', 'ameyers', 'jordanduval', 'SLIM', 'jneilsson', 'smoy', 'bpk122', 'amelnyk', 'jlopez', 'parker9', 'grebesco', 'rkaringada', 'aelmy', 'jlemaster', 'jjones', 'nmsingh', 'cliu', 'lweiss', 'edawson', 'awellman', 'vmanko', 'mphilben', 'cvenatta', 'athaler', 'cdipompeo', 'mchen', 'astrick', 'jerickson', 'bvu', 'bwalker423', 'uchidas', 'msood', 'emurphy', 'kschuette', 'nash73', 'jallen', 'hwolfman', 'bbrochu', 'jjaume', 'jschulze1', 'jsnyder', 'mrahman23', 'leochild2005', 'jdeschenes', 'fuckme', 'dbaik', 'kgspears', 'mickey', 'SSINGH', 'rwinnegar', 'aloon', 'jkircher', 'kjs901', 'sju', 'chem10107', 'jcummins', 'osostan', 'kkovatch', 'bmanojlovic', 'smui', 'csouthard', 'mradadia', 'jguliap', 'ktakahashi', 'mtapkowski', 'eunterbrink', 'psteptoe', 'lstene', 'chaimann', 'KKessler', 'jaltenhofen', 'querner', 'sfriedman', 'ikos', 'jroig', 'geieea', 'petarvidak', 'roub0008', 'dshafir', 'asarwark', 'sdaudi', 'ASiddiqui', 'jsneed', 'mkalina', 'Edawson', 'Mehwish916', 'mkahle', 'mickey_g3', 'slhatch', 'Juliadeschenes', 'dwu', 'Aaronbenjamin', 'elemasters', 'cpai', 'cmiksis', 'rkatz', 'jilliann2', 'tpoole', 'ohkwon', 'swahab', 'asiddiqui', 'ckilic', 'laybar', 'chaselhorst', 'lkingsbury', 'cconrad', 'bfrett', 'cgrandau', 'asprague', 'zharb', 'jdavid', 'jsteinberg', 'barlas', 'churley', 'dyao', 'lfoulke', 'lwelke', 'swundrow']",5,"['vgunderson', 'alondanon', 'dcao', 'mfa713', 'ajm105']",454,"['jdawson', 'dsturgeon', 'JMeissner', 'rkhazai', 'jzona', 'mmotiani', 'WUTTARAPATRIYAKUL', 'djwhack03', 'pszalwinski', 'kparekh', 'sburrill', 'g3styx', 'lkarvelis', 'rlee', 'aaronbenjamin', 'SLIM', 'alopez', 'alang', 'ikornblau', 'sdang', 'ccarhart', 'parker9', 'ymanibog', 'cclark', 'MChen', 'csherman', 'mehwish916', 'mamofa', 'jbeltran', 'therrmann', 'AWellman', 'cvenatta', 'evelyncarter', 'jhan', 'akim', 'prettynpink221', 'agassifeng', 'chicah444', 'skramer', 'akhan', 'mfa713', 'jgavil', 'nchu', 'jdrake', 'acarroll', 'bbrochu', 'jjaume', 'dcao', 'dfang', 'jswenson', 'wheat_thin636', 'ewest', 'cblack', 'JuliaDesChenes', 'shanks53', 'yixak', 'aloon', 'jlee', 'jkircher', 'spark', 'atalai', 'psampath', 'igemp', 'bmanojlovic', 'calfonso', 'smui', 'mradadia', 'rickyp999', 'jweishaar', 'jguliap', 'ktakahashi', 'eunterbrink', 'lowen', 'lstene', 'psteptoe', 'jdinneen', 'jroig', 'hdurschlag', 'geieea', 'roub0008', 'jbragg', 'asarwark', 'sdaudi', 'evedgebah', 'jstroup', 'danielbaik', 'ktietjen', 'wstokely', 'vvalenzuela', 'dblumenthal', 'xyin', 'dwu', 'jdattilo', 'cmiksis', 'mbarrett', 'asisodia', 'jmeissner', 'bdemurihaeberle', 'bschaefer', 'dufford', 'ckwan', 'jbastiaens', 'swahab', 'mfenstermaker', 'del982', 'asiddiqui', 'laybar', 'kbatra', 'dwang', 'bfu109', 'lgerkowicz', 'mkubiak', 'mfenech', 'clu', 'mhyre', 'jramsley', 'shaolinquan', 'bschnedl', 'churley', 'pkalkat', 'eskim', 'dyao', 'lawchang88', 'kstoerzinger', 'pdziedzic', 'kkang', 'kkao', 'Dangel', 'LKINGSBURY', 'sfarley', 'skim', 'slim', 'SHaolinquan', 'ebader', 'fkhan', 'jmehrotra', 'marthachang', 'Shaolinquan', 'Asprague', 'tofinesse333', 'vivekanandbhardwaj', 'cvega', 'jsavitsky', 'mfederspiel', 'KTietjen', 'rmetzler', 'bnielsen', 'msivasubramaniam', 'aroybal', 'jmenkin', 'hknai', 'aocchiuti', 'alondanon', 'jlemaster', 'nmsingh', 'jmarrone', 'cliu', 'edawson', 'jmehra', 'seankim', 'kcebrian', 'ashutton', 'athaler', 'mja276', 'pbaranwal', 'astrick', 'erausch', 'bvu', 'npentelovitch', 'emurphy', 'bweisse', 'kalbertine', 'soconnell', 'xbasko', 'jallen', 'jsnyder', 'clifford', 'leochild2005', 'choel', 'dculhane', 'kgspears', 'hschroeder', 'SSINGH', 'rwinnegar', 'rferraro', 'jwang10', 'jswanson', 'clin', 'agoodman', 'ecunningham', 'mfrancisco', 'kkovatch', 'csouthard', 'rmb907', 'jesnyder', 'ksampson', 'aschattner', 'eohira', 'zes975', 'jaltenhofen', 'JSavitsky', 'toconnell', 'ASiddiqui', 'jsneed', 'Edawson', 'mickey_g3', 'cpai', 'mgilmour', 'rsmith', 'ebell', 'amahajan', 'ohkwon', 'jonaltenhofen', 'ajm105', 'jlt453', 'zsersland', 'jlye', 'jdavid', 'asuresh', 'jsteinberg', 'jyoung88', 'LauraK', 'barlas', 'brwass', 'lfoulke', 'rgopal', 'lwelke', 'yongjoo87', 'jshabosky', 'aahmad', 'elliottwallace', 'smiller', 'kcysewski', 'dsiegal', 'damaranto', 'cchristianson', 'slasselle', 'dshabeeb', 'ccl356', 'wpearse', 'smoffett', 'pliu', 'stacilaci56', 'sflores', 'Akhan', 'dwg482', 'klandry', 'tsn821', 'jaq945', 'sdixit', 'rtsang', 'nshultz', 'bpk122', 'amorales', 'jchowaniec', 'vgunderson', 'jlopez', 'rkaringada', 'sindhu108', 'heisenman', 'lweiss', 'vrivas', 'nperkins', 'vmanko', 'abarr', 'mroebuck', 'noodles5', 'cdipompeo', 'mis130', 'jerickson', 'jcarson', 'awagner', 'uchidas', 'pcoleman', 'jhl326', 'claireboland', 'agast', 'kschuette', 'ktommerdahl', 'nash73', 'dburk', 'jschulze1', 'dnebel', 'aka220', 'jdeschenes', 'fuckme', 'als753', 'rgribben', 'mickey', 'ekatz', 'ktaylor', 'slu', 'ysalah', 'dsy389', 'kjs901', 'sju', 'chem10107', 'jcummins', 'osostan', 'darosner', 'jps939', 'wuttarapatriyakul', 'srao', 'rpickering', 'jessicag', 'chaimann', 'abruzek', 'rbaroch', 'sfriedman', 'petarvidak', 'dshafir', 'kfreer', 'kshedd', 'mkalina', 'Mehwish916', 'pmodi', 'zeidlab', 'swilson', 'dliu', 'aim512', 'asantamarina', 'fzhang', 'Aaronbenjamin', 'gdasovich', 'elemasters', 'rkatz', 'mlowes', 'cboland', 'jilliann2', 'robbrown', 'awhittington', 'ahurd', 'nkraska', 'ehaug', 'mnovacanes', 'ckilic', 'treber', 'jobremski', 'cconrad', 'bfrett', 'asprague', 'swalchuk', 'Ikornblau', 'jschulze', 'sstrong', 'arahman', 'jteno', 'swundrow', 'fome', 'mpsorkin', 'prabath', 'kroderer', 'aasthana', 'suchida', 'chastings', 'lbrengman', 'bniklinska', 'scrow', 'ksulzer', 'cnh872', 'frankzhang', 'LWELKE', 'apumm', 'cfrench', 'dspade', 'aechevarria', 'mfederspiel1', 'crush', 'jroig1', 'ameyers', 'jordanduval', 'gschultz', 'ndvora', 'cwhite', 'jneilsson', 'jdarby', 'smoy', 'kmorgan', 'smo596', 'amelnyk', 'wsun', 'ealtman', 'grebesco', 'aelmy', 'jjones', 'dflint', 'awellman', 'mphilben', 'cpa475', 'kbg813', 'erobinson', 'mchen', 'tcouri', 'adhar2', 'bigkrezca32', 'bwalker423', 'vleung', 'msood', 'hwolfman', 'sarnold', 'jpineda', 'cpowersmaher', 'mrahman23', 'bsummersgill', 'dbaik', 'dmenon', 'laurahchoi', 'gescobar', 'kmp423', 'kstoddart', 'lfs919', 'khiggins', 'msarkulova', 'kmortensen', 'tgonzales', 'aji536', 'mtapkowski', 'KKessler', 'querner', 'cmcgourty', 'pnolan', 'mbykowski', 'ikos', 'vladmanko', 'jdshank44', 'acm', 'tchou', 'gbanner', 'nfrench', 'mkahle', 'mzou', 'slhatch', 'abeswick', 'Juliadeschenes', 'ndhawan', 'smw823', 'eschaefer', 'dcooperberg', 'dchoi', 'ganderson', 'tpoole', 'dal767', 'chaselhorst', 'ldelaney', 'cpark', 'lkingsbury', 'mshah22', 'cgrandau', 'zharb', 'mhoffmann', 'aepstein', 'dtorres', 'bmattson', 'kvb507']"
1,37,449,19,17,"['cfrench', 'mickey_g3', 'ktakahashi', 'eunterbrink', 'psteptoe', 'sburrill', 'ckilic', 'jsteinberg', 'jcummins', 'jordanduval', 'jjones', 'mickey', 'jjaume', 'jroig', 'geieea', 'rtsang', 'pdziedzic']",432,"['jdawson', 'yongjoo87', 'jshabosky', 'aahmad', 'elliottwallace', 'smiller', 'dsturgeon', 'JMeissner', 'rkhazai', 'jzona', 'kcysewski', 'dsiegal', 'damaranto', 'mmotiani', 'cchristianson', 'slasselle', 'dshabeeb', 'ccl356', 'wpearse', 'WUTTARAPATRIYAKUL', 'djwhack03', 'pszalwinski', 'smoffett', 'pliu', 'stacilaci56', 'sflores', 'Akhan', 'dwg482', 'kparekh', 'klandry', 'tsn821', 'g3styx', 'lkarvelis', 'jaq945', 'rlee', 'aaronbenjamin', 'sdixit', 'SLIM', 'alopez', 'alang', 'nshultz', 'bpk122', 'amorales', 'ikornblau', 'jchowaniec', 'sdang', 'jlopez', 'ccarhart', 'parker9', 'ymanibog', 'rkaringada', 'cclark', 'MChen', 'sindhu108', 'heisenman', 'csherman', 'lweiss', 'vrivas', 'mehwish916', 'nperkins', 'mamofa', 'vmanko', 'jbeltran', 'therrmann', 'AWellman', 'abarr', 'mroebuck', 'cvenatta', 'evelyncarter', 'jhan', 'akim', 'noodles5', 'cdipompeo', 'prettynpink221', 'mis130', 'jerickson', 'agassifeng', 'jcarson', 'chicah444', 'awagner', 'uchidas', 'skramer', 'akhan', 'pcoleman', 'jhl326', 'jgavil', 'nchu', 'claireboland', 'agast', 'kschuette', 'jdrake', 'ktommerdahl', 'nash73', 'acarroll', 'dburk', 'bbrochu', 'jschulze1', 'dnebel', 'dfang', 'jswenson', 'aka220', 'jdeschenes', 'fuckme', 'als753', 'wheat_thin636', 'rgribben', 'ewest', 'ekatz', 'ktaylor', 'cblack', 'JuliaDesChenes', 'slu', 'shanks53', 'yixak', 'aloon', 'jlee', 'ysalah', 'jkircher', 'spark', 'dsy389', 'kjs901', 'sju', 'chem10107', 'osostan', 'atalai', 'psampath', 'darosner', 'jps939', 'igemp', 'wuttarapatriyakul', 'srao', 'rpickering', 'bmanojlovic', 'calfonso', 'smui', 'mradadia', 'jessicag', 'rickyp999', 'jweishaar', 'jguliap', 'lowen', 'lstene', 'chaimann', 'abruzek', 'rbaroch', 'jdinneen', 'sfriedman', 'hdurschlag', 'petarvidak', 'roub0008', 'dshafir', 'jbragg', 'asarwark', 'kfreer', 'sdaudi', 'evedgebah', 'jstroup', 'bmattson', 'kshedd', 'danielbaik', 'mkalina', 'ktietjen', 'Mehwish916', 'pmodi', 'wstokely', 'vvalenzuela', 'dblumenthal', 'zeidlab', 'xyin', 'swilson', 'dliu', 'aim512', 'asantamarina', 'fzhang', 'dwu', 'Aaronbenjamin', 'gdasovich', 'elemasters', 'jdattilo', 'cmiksis', 'rgopal', 'mbarrett', 'rkatz', 'mlowes', 'asisodia', 'jmeissner', 'cboland', 'bdemurihaeberle', 'jilliann2', 'bschaefer', 'dufford', 'ckwan', 'jbastiaens', 'robbrown', 'awhittington', 'ahurd', 'swahab', 'nkraska', 'ehaug', 'mfenstermaker', 'del982', 'asiddiqui', 'mnovacanes', 'laybar', 'treber', 'jobremski', 'cconrad', 'bfrett', 'kbatra', 'dwang', 'bfu109', 'lgerkowicz', 'mkubiak', 'asprague', 'swalchuk', 'mfenech', 'Ikornblau', 'clu', 'mhyre', 'jramsley', 'shaolinquan', 'bschnedl', 'jschulze', 'sstrong', 'arahman', 'churley', 'pkalkat', 'jteno', 'eskim', 'dyao', 'lawchang88', 'kstoerzinger', 'kkang', 'kkao', 'swundrow', 'fome', 'mpsorkin', 'Dangel', 'LKINGSBURY', 'sfarley', 'prabath', 'skim', 'slim', 'kroderer', 'aasthana', 'SHaolinquan', 'ebader', 'suchida', 'chastings', 'fkhan', 'jmehrotra', 'lbrengman', 'bniklinska', 'marthachang', 'Shaolinquan', 'scrow', 'ksulzer', 'cnh872', 'Asprague', 'frankzhang', 'LWELKE', 'tofinesse333', 'vivekanandbhardwaj', 'apumm', 'cvega', 'jsavitsky', 'mfederspiel', 'dspade', 'aechevarria', 'mfederspiel1', 'crush', 'jroig1', 'KTietjen', 'rmetzler', 'bnielsen', 'ameyers', 'msivasubramaniam', 'gschultz', 'ndvora', 'aroybal', 'cwhite', 'jmenkin', 'jneilsson', 'jdarby', 'smoy', 'hknai', 'kmorgan', 'aocchiuti', 'smo596', 'amelnyk', 'wsun', 'ealtman', 'grebesco', 'aelmy', 'jlemaster', 'nmsingh', 'jmarrone', 'dflint', 'cliu', 'edawson', 'jmehra', 'seankim', 'awellman', 'mphilben', 'kcebrian', 'cpa475', 'ashutton', 'kbg813', 'athaler', 'erobinson', 'mchen', 'mja276', 'pbaranwal', 'tcouri', 'astrick', 'adhar2', 'erausch', 'bigkrezca32', 'bvu', 'bwalker423', 'vleung', 'npentelovitch', 'emurphy', 'bweisse', 'msood', 'kalbertine', 'soconnell', 'xbasko', 'jallen', 'hwolfman', 'jsnyder', 'clifford', 'sarnold', 'jpineda', 'cpowersmaher', 'mrahman23', 'leochild2005', 'choel', 'bsummersgill', 'dbaik', 'dmenon', 'dculhane', 'kgspears', 'hschroeder', 'laurahchoi', 'SSINGH', 'gescobar', 'rwinnegar', 'rferraro', 'jwang10', 'jswanson', 'kmp423', 'kstoddart', 'clin', 'agoodman', 'ecunningham', 'lfs919', 'mfrancisco', 'kkovatch', 'khiggins', 'msarkulova', 'kvb507', 'csouthard', 'kmortensen', 'rmb907', 'tgonzales', 'jesnyder', 'aji536', 'ksampson', 'aschattner', 'eohira', 'mtapkowski', 'KKessler', 'zes975', 'jaltenhofen', 'JSavitsky', 'querner', 'cmcgourty', 'pnolan', 'mbykowski', 'ikos', 'vladmanko', 'toconnell', 'jdshank44', 'acm', 'ASiddiqui', 'jsneed', 'Edawson', 'tchou', 'gbanner', 'nfrench', 'mkahle', 'mzou', 'slhatch', 'abeswick', 'Juliadeschenes', 'ndhawan', 'smw823', 'cpai', 'eschaefer', 'mgilmour', 'dcooperberg', 'rsmith', 'dchoi', 'ganderson', 'ebell', 'amahajan', 'tpoole', 'ohkwon', 'jonaltenhofen', 'dal767', 'chaselhorst', 'ldelaney', 'cpark', 'lkingsbury', 'mshah22', 'cgrandau', 'jlt453', 'zharb', 'zsersland', 'jlye', 'jdavid', 'mhoffmann', 'asuresh', 'jyoung88', 'LauraK', 'barlas', 'aepstein', 'dtorres', 'brwass', 'lfoulke', 'lwelke']",2,"['achin', 'alondanon']",451,"['jdawson', 'yongjoo87', 'jshabosky', 'aahmad', 'elliottwallace', 'smiller', 'dsturgeon', 'JMeissner', 'rkhazai', 'jzona', 'kcysewski', 'dsiegal', 'damaranto', 'mmotiani', 'cchristianson', 'slasselle', 'dshabeeb', 'ccl356', 'wpearse', 'WUTTARAPATRIYAKUL', 'djwhack03', 'pszalwinski', 'smoffett', 'pliu', 'stacilaci56', 'sflores', 'Akhan', 'dwg482', 'kparekh', 'klandry', 'tsn821', 'sburrill', 'g3styx', 'lkarvelis', 'jaq945', 'rlee', 'aaronbenjamin', 'sdixit', 'SLIM', 'alopez', 'alang', 'rtsang', 'nshultz', 'bpk122', 'amorales', 'ikornblau', 'jchowaniec', 'sdang', 'jlopez', 'ccarhart', 'parker9', 'ymanibog', 'rkaringada', 'cclark', 'MChen', 'sindhu108', 'heisenman', 'csherman', 'lweiss', 'vrivas', 'mehwish916', 'nperkins', 'mamofa', 'vmanko', 'jbeltran', 'therrmann', 'AWellman', 'abarr', 'mroebuck', 'cvenatta', 'evelyncarter', 'jhan', 'akim', 'noodles5', 'cdipompeo', 'prettynpink221', 'mis130', 'jerickson', 'agassifeng', 'jcarson', 'chicah444', 'awagner', 'uchidas', 'skramer', 'akhan', 'pcoleman', 'jhl326', 'jgavil', 'nchu', 'claireboland', 'agast', 'kschuette', 'jdrake', 'ktommerdahl', 'nash73', 'acarroll', 'dburk', 'bbrochu', 'jjaume', 'jschulze1', 'dnebel', 'dfang', 'jswenson', 'aka220', 'jdeschenes', 'fuckme', 'als753', 'wheat_thin636', 'rgribben', 'mickey', 'ewest', 'ekatz', 'ktaylor', 'cblack', 'JuliaDesChenes', 'slu', 'shanks53', 'yixak', 'aloon', 'jlee', 'ysalah', 'jkircher', 'spark', 'dsy389', 'kjs901', 'sju', 'chem10107', 'jcummins', 'osostan', 'atalai', 'psampath', 'darosner', 'jps939', 'igemp', 'wuttarapatriyakul', 'srao', 'rpickering', 'bmanojlovic', 'calfonso', 'smui', 'mradadia', 'jessicag', 'rickyp999', 'jweishaar', 'jguliap', 'ktakahashi', 'eunterbrink', 'lowen', 'lstene', 'psteptoe', 'chaimann', 'abruzek', 'rbaroch', 'jdinneen', 'sfriedman', 'jroig', 'hdurschlag', 'geieea', 'petarvidak', 'roub0008', 'dshafir', 'jbragg', 'asarwark', 'kfreer', 'sdaudi', 'evedgebah', 'jstroup', 'bmattson', 'kshedd', 'danielbaik', 'mkalina', 'ktietjen', 'Mehwish916', 'pmodi', 'wstokely', 'vvalenzuela', 'dblumenthal', 'zeidlab', 'xyin', 'swilson', 'dliu', 'aim512', 'asantamarina', 'fzhang', 'dwu', 'Aaronbenjamin', 'gdasovich', 'elemasters', 'jdattilo', 'cmiksis', 'rgopal', 'mbarrett', 'rkatz', 'mlowes', 'asisodia', 'jmeissner', 'cboland', 'bdemurihaeberle', 'jilliann2', 'bschaefer', 'dufford', 'ckwan', 'jbastiaens', 'robbrown', 'awhittington', 'ahurd', 'swahab', 'nkraska', 'ehaug', 'mfenstermaker', 'del982', 'asiddiqui', 'mnovacanes', 'ckilic', 'laybar', 'treber', 'jobremski', 'cconrad', 'bfrett', 'kbatra', 'dwang', 'bfu109', 'lgerkowicz', 'mkubiak', 'asprague', 'swalchuk', 'mfenech', 'Ikornblau', 'clu', 'mhyre', 'jramsley', 'shaolinquan', 'bschnedl', 'jschulze', 'sstrong', 'arahman', 'churley', 'pkalkat', 'jteno', 'eskim', 'dyao', 'lawchang88', 'kstoerzinger', 'pdziedzic', 'kkang', 'kkao', 'swundrow', 'fome', 'mpsorkin', 'Dangel', 'LKINGSBURY', 'sfarley', 'prabath', 'skim', 'slim', 'kroderer', 'aasthana', 'SHaolinquan', 'ebader', 'suchida', 'chastings', 'fkhan', 'jmehrotra', 'lbrengman', 'bniklinska', 'marthachang', 'Shaolinquan', 'scrow', 'ksulzer', 'cnh872', 'Asprague', 'frankzhang', 'LWELKE', 'tofinesse333', 'vivekanandbhardwaj', 'apumm', 'cvega', 'jsavitsky', 'cfrench', 'mfederspiel', 'dspade', 'aechevarria', 'mfederspiel1', 'crush', 'jroig1', 'KTietjen', 'rmetzler', 'bnielsen', 'ameyers', 'jordanduval', 'msivasubramaniam', 'gschultz', 'ndvora', 'aroybal', 'cwhite', 'jmenkin', 'jneilsson', 'jdarby', 'smoy', 'hknai', 'kmorgan', 'aocchiuti', 'smo596', 'amelnyk', 'wsun', 'ealtman', 'grebesco', 'aelmy', 'jlemaster', 'jjones', 'nmsingh', 'jmarrone', 'dflint', 'alondanon', 'cliu', 'edawson', 'jmehra', 'seankim', 'awellman', 'mphilben', 'kcebrian', 'cpa475', 'ashutton', 'kbg813', 'athaler', 'erobinson', 'mchen', 'mja276', 'pbaranwal', 'tcouri', 'astrick', 'adhar2', 'erausch', 'bigkrezca32', 'bvu', 'bwalker423', 'vleung', 'npentelovitch', 'emurphy', 'bweisse', 'msood', 'kalbertine', 'soconnell', 'xbasko', 'jallen', 'hwolfman', 'achin', 'jsnyder', 'clifford', 'sarnold', 'jpineda', 'cpowersmaher', 'mrahman23', 'leochild2005', 'choel', 'bsummersgill', 'dbaik', 'dmenon', 'dculhane', 'kgspears', 'hschroeder', 'laurahchoi', 'SSINGH', 'gescobar', 'rwinnegar', 'rferraro', 'jwang10', 'jswanson', 'kmp423', 'kstoddart', 'clin', 'agoodman', 'ecunningham', 'lfs919', 'mfrancisco', 'kkovatch', 'khiggins', 'msarkulova', 'kvb507', 'csouthard', 'kmortensen', 'rmb907', 'tgonzales', 'jesnyder', 'aji536', 'ksampson', 'aschattner', 'eohira', 'mtapkowski', 'KKessler', 'zes975', 'jaltenhofen', 'JSavitsky', 'querner', 'cmcgourty', 'pnolan', 'mbykowski', 'ikos', 'vladmanko', 'toconnell', 'jdshank44', 'acm', 'ASiddiqui', 'jsneed', 'Edawson', 'tchou', 'gbanner', 'nfrench', 'mkahle', 'mickey_g3', 'mzou', 'slhatch', 'abeswick', 'Juliadeschenes', 'ndhawan', 'smw823', 'cpai', 'eschaefer', 'mgilmour', 'dcooperberg', 'rsmith', 'dchoi', 'ganderson', 'ebell', 'amahajan', 'tpoole', 'ohkwon', 'jonaltenhofen', 'dal767', 'chaselhorst', 'ldelaney', 'cpark', 'lkingsbury', 'mshah22', 'cgrandau', 'jlt453', 'zharb', 'zsersland', 'jlye', 'jdavid', 'mhoffmann', 'asuresh', 'jsteinberg', 'jyoung88', 'LauraK', 'barlas', 'aepstein', 'dtorres', 'brwass', 'lfoulke', 'lwelke']"
1,15,449,13,12,"['mehwish916', 'robbrown', 'mfenech', 'lbrengman', 'mzou', 'therrmann', 'jwang10', 'wpearse', 'tofinesse333', 'jmarrone', 'cblack', 'slasselle']",437,"['jdawson', 'yongjoo87', 'jshabosky', 'aahmad', 'elliottwallace', 'smiller', 'dsturgeon', 'JMeissner', 'rkhazai', 'jzona', 'kcysewski', 'dsiegal', 'damaranto', 'mmotiani', 'cchristianson', 'dshabeeb', 'ccl356', 'WUTTARAPATRIYAKUL', 'djwhack03', 'pszalwinski', 'smoffett', 'pliu', 'stacilaci56', 'sflores', 'Akhan', 'dwg482', 'kparekh', 'klandry', 'tsn821', 'sburrill', 'g3styx', 'lkarvelis', 'jaq945', 'rlee', 'aaronbenjamin', 'sdixit', 'SLIM', 'alopez', 'alang', 'rtsang', 'nshultz', 'bpk122', 'amorales', 'ikornblau', 'jchowaniec', 'sdang', 'jlopez', 'ccarhart', 'parker9', 'ymanibog', 'rkaringada', 'cclark', 'MChen', 'sindhu108', 'heisenman', 'csherman', 'lweiss', 'vrivas', 'nperkins', 'mamofa', 'vmanko', 'jbeltran', 'AWellman', 'abarr', 'mroebuck', 'cvenatta', 'evelyncarter', 'jhan', 'akim', 'noodles5', 'cdipompeo', 'prettynpink221', 'mis130', 'jerickson', 'agassifeng', 'jcarson', 'chicah444', 'awagner', 'uchidas', 'skramer', 'akhan', 'pcoleman', 'jhl326', 'jgavil', 'nchu', 'claireboland', 'agast', 'kschuette', 'jdrake', 'ktommerdahl', 'nash73', 'acarroll', 'dburk', 'bbrochu', 'jjaume', 'jschulze1', 'dnebel', 'dfang', 'jswenson', 'aka220', 'jdeschenes', 'fuckme', 'als753', 'wheat_thin636', 'rgribben', 'mickey', 'ewest', 'ekatz', 'ktaylor', 'JuliaDesChenes', 'slu', 'shanks53', 'yixak', 'aloon', 'jlee', 'ysalah', 'jkircher', 'spark', 'dsy389', 'kjs901', 'sju', 'chem10107', 'jcummins', 'osostan', 'atalai', 'psampath', 'darosner', 'jps939', 'igemp', 'wuttarapatriyakul', 'srao', 'rpickering', 'bmanojlovic', 'calfonso', 'smui', 'mradadia', 'jessicag', 'rickyp999', 'jweishaar', 'jguliap', 'ktakahashi', 'eunterbrink', 'lowen', 'lstene', 'psteptoe', 'chaimann', 'abruzek', 'rbaroch', 'jdinneen', 'sfriedman', 'jroig', 'hdurschlag', 'geieea', 'petarvidak', 'roub0008', 'dshafir', 'jbragg', 'asarwark', 'kfreer', 'sdaudi', 'evedgebah', 'jstroup', 'bmattson', 'kshedd', 'danielbaik', 'mkalina', 'ktietjen', 'Mehwish916', 'pmodi', 'wstokely', 'vvalenzuela', 'dblumenthal', 'zeidlab', 'xyin', 'swilson', 'dliu', 'aim512', 'asantamarina', 'fzhang', 'dwu', 'Aaronbenjamin', 'gdasovich', 'elemasters', 'jdattilo', 'cmiksis', 'rgopal', 'mbarrett', 'rkatz', 'mlowes', 'asisodia', 'jmeissner', 'cboland', 'bdemurihaeberle', 'jilliann2', 'bschaefer', 'dufford', 'ckwan', 'jbastiaens', 'awhittington', 'ahurd', 'swahab', 'nkraska', 'ehaug', 'mfenstermaker', 'del982', 'asiddiqui', 'mnovacanes', 'ckilic', 'laybar', 'treber', 'jobremski', 'cconrad', 'bfrett', 'kbatra', 'dwang', 'bfu109', 'lgerkowicz', 'mkubiak', 'asprague', 'swalchuk', 'Ikornblau', 'clu', 'mhyre', 'jramsley', 'shaolinquan', 'bschnedl', 'jschulze', 'sstrong', 'arahman', 'churley', 'pkalkat', 'jteno', 'eskim', 'dyao', 'lawchang88', 'kstoerzinger', 'pdziedzic', 'kkang', 'kkao', 'swundrow', 'fome', 'mpsorkin', 'Dangel', 'LKINGSBURY', 'sfarley', 'prabath', 'skim', 'slim', 'kroderer', 'aasthana', 'SHaolinquan', 'ebader', 'suchida', 'chastings', 'fkhan', 'jmehrotra', 'bniklinska', 'marthachang', 'Shaolinquan', 'scrow', 'ksulzer', 'cnh872', 'Asprague', 'frankzhang', 'LWELKE', 'vivekanandbhardwaj', 'apumm', 'cvega', 'jsavitsky', 'cfrench', 'mfederspiel', 'dspade', 'aechevarria', 'mfederspiel1', 'crush', 'jroig1', 'KTietjen', 'rmetzler', 'bnielsen', 'ameyers', 'jordanduval', 'msivasubramaniam', 'gschultz', 'ndvora', 'aroybal', 'cwhite', 'jmenkin', 'jneilsson', 'jdarby', 'smoy', 'hknai', 'kmorgan', 'aocchiuti', 'smo596', 'amelnyk', 'wsun', 'ealtman', 'grebesco', 'aelmy', 'jlemaster', 'jjones', 'nmsingh', 'dflint', 'cliu', 'edawson', 'jmehra', 'seankim', 'awellman', 'mphilben', 'kcebrian', 'cpa475', 'ashutton', 'kbg813', 'athaler', 'erobinson', 'mchen', 'mja276', 'pbaranwal', 'tcouri', 'astrick', 'adhar2', 'erausch', 'bigkrezca32', 'bvu', 'bwalker423', 'vleung', 'npentelovitch', 'emurphy', 'bweisse', 'msood', 'kalbertine', 'soconnell', 'xbasko', 'jallen', 'hwolfman', 'jsnyder', 'clifford', 'sarnold', 'jpineda', 'cpowersmaher', 'mrahman23', 'leochild2005', 'choel', 'bsummersgill', 'dbaik', 'dmenon', 'dculhane', 'kgspears', 'hschroeder', 'laurahchoi', 'SSINGH', 'gescobar', 'rwinnegar', 'rferraro', 'jswanson', 'kmp423', 'kstoddart', 'clin', 'agoodman', 'ecunningham', 'lfs919', 'mfrancisco', 'kkovatch', 'khiggins', 'msarkulova', 'kvb507', 'csouthard', 'kmortensen', 'rmb907', 'tgonzales', 'jesnyder', 'aji536', 'ksampson', 'aschattner', 'eohira', 'mtapkowski', 'KKessler', 'zes975', 'jaltenhofen', 'JSavitsky', 'querner', 'cmcgourty', 'pnolan', 'mbykowski', 'ikos', 'vladmanko', 'toconnell', 'jdshank44', 'acm', 'ASiddiqui', 'jsneed', 'Edawson', 'tchou', 'gbanner', 'nfrench', 'mkahle', 'mickey_g3', 'slhatch', 'abeswick', 'Juliadeschenes', 'ndhawan', 'smw823', 'cpai', 'eschaefer', 'mgilmour', 'dcooperberg', 'rsmith', 'dchoi', 'ganderson', 'ebell', 'amahajan', 'tpoole', 'ohkwon', 'jonaltenhofen', 'dal767', 'chaselhorst', 'ldelaney', 'cpark', 'lkingsbury', 'mshah22', 'cgrandau', 'jlt453', 'zharb', 'zsersland', 'jlye', 'jdavid', 'mhoffmann', 'asuresh', 'jsteinberg', 'jyoung88', 'LauraK', 'barlas', 'aepstein', 'dtorres', 'brwass', 'lfoulke', 'lwelke']",1,['dcao'],450,"['jdawson', 'yongjoo87', 'jshabosky', 'aahmad', 'elliottwallace', 'smiller', 'dsturgeon', 'JMeissner', 'rkhazai', 'jzona', 'kcysewski', 'dsiegal', 'damaranto', 'mmotiani', 'cchristianson', 'slasselle', 'dshabeeb', 'ccl356', 'wpearse', 'WUTTARAPATRIYAKUL', 'djwhack03', 'pszalwinski', 'smoffett', 'pliu', 'stacilaci56', 'sflores', 'Akhan', 'dwg482', 'kparekh', 'klandry', 'tsn821', 'sburrill', 'g3styx', 'lkarvelis', 'jaq945', 'rlee', 'aaronbenjamin', 'sdixit', 'SLIM', 'alopez', 'alang', 'rtsang', 'nshultz', 'bpk122', 'amorales', 'ikornblau', 'jchowaniec', 'sdang', 'jlopez', 'ccarhart', 'parker9', 'ymanibog', 'rkaringada', 'cclark', 'MChen', 'sindhu108', 'heisenman', 'csherman', 'lweiss', 'vrivas', 'mehwish916', 'nperkins', 'mamofa', 'vmanko', 'jbeltran', 'therrmann', 'AWellman', 'abarr', 'mroebuck', 'cvenatta', 'evelyncarter', 'jhan', 'akim', 'noodles5', 'cdipompeo', 'prettynpink221', 'mis130', 'jerickson', 'agassifeng', 'jcarson', 'chicah444', 'awagner', 'uchidas', 'skramer', 'akhan', 'pcoleman', 'jhl326', 'jgavil', 'nchu', 'claireboland', 'agast', 'kschuette', 'jdrake', 'ktommerdahl', 'nash73', 'acarroll', 'dburk', 'bbrochu', 'jjaume', 'jschulze1', 'dnebel', 'dcao', 'dfang', 'jswenson', 'aka220', 'jdeschenes', 'fuckme', 'als753', 'wheat_thin636', 'rgribben', 'mickey', 'ewest', 'ekatz', 'ktaylor', 'cblack', 'JuliaDesChenes', 'slu', 'shanks53', 'yixak', 'aloon', 'jlee', 'ysalah', 'jkircher', 'spark', 'dsy389', 'kjs901', 'sju', 'chem10107', 'jcummins', 'osostan', 'atalai', 'psampath', 'darosner', 'jps939', 'igemp', 'wuttarapatriyakul', 'srao', 'rpickering', 'bmanojlovic', 'calfonso', 'smui', 'mradadia', 'jessicag', 'rickyp999', 'jweishaar', 'jguliap', 'ktakahashi', 'eunterbrink', 'lowen', 'lstene', 'psteptoe', 'chaimann', 'abruzek', 'rbaroch', 'jdinneen', 'sfriedman', 'jroig', 'hdurschlag', 'geieea', 'petarvidak', 'roub0008', 'dshafir', 'jbragg', 'asarwark', 'kfreer', 'sdaudi', 'evedgebah', 'jstroup', 'bmattson', 'kshedd', 'danielbaik', 'mkalina', 'ktietjen', 'Mehwish916', 'pmodi', 'wstokely', 'vvalenzuela', 'dblumenthal', 'zeidlab', 'xyin', 'swilson', 'dliu', 'aim512', 'asantamarina', 'fzhang', 'dwu', 'Aaronbenjamin', 'gdasovich', 'elemasters', 'jdattilo', 'cmiksis', 'rgopal', 'mbarrett', 'rkatz', 'mlowes', 'asisodia', 'jmeissner', 'cboland', 'bdemurihaeberle', 'jilliann2', 'bschaefer', 'dufford', 'ckwan', 'jbastiaens', 'robbrown', 'awhittington', 'ahurd', 'swahab', 'nkraska', 'ehaug', 'mfenstermaker', 'del982', 'asiddiqui', 'mnovacanes', 'ckilic', 'laybar', 'treber', 'jobremski', 'cconrad', 'bfrett', 'kbatra', 'dwang', 'bfu109', 'lgerkowicz', 'mkubiak', 'asprague', 'swalchuk', 'mfenech', 'Ikornblau', 'clu', 'mhyre', 'jramsley', 'shaolinquan', 'bschnedl', 'jschulze', 'sstrong', 'arahman', 'churley', 'pkalkat', 'jteno', 'eskim', 'dyao', 'lawchang88', 'kstoerzinger', 'pdziedzic', 'kkang', 'kkao', 'swundrow', 'fome', 'mpsorkin', 'Dangel', 'LKINGSBURY', 'sfarley', 'prabath', 'skim', 'slim', 'kroderer', 'aasthana', 'SHaolinquan', 'ebader', 'suchida', 'chastings', 'fkhan', 'jmehrotra', 'lbrengman', 'bniklinska', 'marthachang', 'Shaolinquan', 'scrow', 'ksulzer', 'cnh872', 'Asprague', 'frankzhang', 'LWELKE', 'tofinesse333', 'vivekanandbhardwaj', 'apumm', 'cvega', 'jsavitsky', 'cfrench', 'mfederspiel', 'dspade', 'aechevarria', 'mfederspiel1', 'crush', 'jroig1', 'KTietjen', 'rmetzler', 'bnielsen', 'ameyers', 'jordanduval', 'msivasubramaniam', 'gschultz', 'ndvora', 'aroybal', 'cwhite', 'jmenkin', 'jneilsson', 'jdarby', 'smoy', 'hknai', 'kmorgan', 'aocchiuti', 'smo596', 'amelnyk', 'wsun', 'ealtman', 'grebesco', 'aelmy', 'jlemaster', 'jjones', 'nmsingh', 'jmarrone', 'dflint', 'cliu', 'edawson', 'jmehra', 'seankim', 'awellman', 'mphilben', 'kcebrian', 'cpa475', 'ashutton', 'kbg813', 'athaler', 'erobinson', 'mchen', 'mja276', 'pbaranwal', 'tcouri', 'astrick', 'adhar2', 'erausch', 'bigkrezca32', 'bvu', 'bwalker423', 'vleung', 'npentelovitch', 'emurphy', 'bweisse', 'msood', 'kalbertine', 'soconnell', 'xbasko', 'jallen', 'hwolfman', 'jsnyder', 'clifford', 'sarnold', 'jpineda', 'cpowersmaher', 'mrahman23', 'leochild2005', 'choel', 'bsummersgill', 'dbaik', 'dmenon', 'dculhane', 'kgspears', 'hschroeder', 'laurahchoi', 'SSINGH', 'gescobar', 'rwinnegar', 'rferraro', 'jwang10', 'jswanson', 'kmp423', 'kstoddart', 'clin', 'agoodman', 'ecunningham', 'lfs919', 'mfrancisco', 'kkovatch', 'khiggins', 'msarkulova', 'kvb507', 'csouthard', 'kmortensen', 'rmb907', 'tgonzales', 'jesnyder', 'aji536', 'ksampson', 'aschattner', 'eohira', 'mtapkowski', 'KKessler', 'zes975', 'jaltenhofen', 'JSavitsky', 'querner', 'cmcgourty', 'pnolan', 'mbykowski', 'ikos', 'vladmanko', 'toconnell', 'jdshank44', 'acm', 'ASiddiqui', 'jsneed', 'Edawson', 'tchou', 'gbanner', 'nfrench', 'mkahle', 'mickey_g3', 'mzou', 'slhatch', 'abeswick', 'Juliadeschenes', 'ndhawan', 'smw823', 'cpai', 'eschaefer', 'mgilmour', 'dcooperberg', 'rsmith', 'dchoi', 'ganderson', 'ebell', 'amahajan', 'tpoole', 'ohkwon', 'jonaltenhofen', 'dal767', 'chaselhorst', 'ldelaney', 'cpark', 'lkingsbury', 'mshah22', 'cgrandau', 'jlt453', 'zharb', 'zsersland', 'jlye', 'jdavid', 'mhoffmann', 'asuresh', 'jsteinberg', 'jyoung88', 'LauraK', 'barlas', 'aepstein', 'dtorres', 'brwass', 'lfoulke', 'lwelke']"
1,20,449,12,11,"['kalbertine', 'seankim', 'nchu', 'swilson', 'hknai', 'pszalwinski', 'jmarrone', 'erobinson', 'stacilaci56', 'emurphy', 'dcooperberg']",438,"['jdawson', 'yongjoo87', 'jshabosky', 'aahmad', 'elliottwallace', 'smiller', 'dsturgeon', 'JMeissner', 'rkhazai', 'jzona', 'kcysewski', 'dsiegal', 'damaranto', 'mmotiani', 'cchristianson', 'slasselle', 'dshabeeb', 'ccl356', 'wpearse', 'WUTTARAPATRIYAKUL', 'djwhack03', 'smoffett', 'pliu', 'sflores', 'Akhan', 'dwg482', 'kparekh', 'klandry', 'tsn821', 'sburrill', 'g3styx', 'lkarvelis', 'jaq945', 'rlee', 'aaronbenjamin', 'sdixit', 'SLIM', 'alopez', 'alang', 'rtsang', 'nshultz', 'bpk122', 'amorales', 'ikornblau', 'jchowaniec', 'sdang', 'jlopez', 'ccarhart', 'parker9', 'ymanibog', 'rkaringada', 'cclark', 'MChen', 'sindhu108', 'heisenman', 'csherman', 'lweiss', 'vrivas', 'mehwish916', 'nperkins', 'mamofa', 'vmanko', 'jbeltran', 'therrmann', 'AWellman', 'abarr', 'mroebuck', 'cvenatta', 'evelyncarter', 'jhan', 'akim', 'noodles5', 'cdipompeo', 'prettynpink221', 'mis130', 'jerickson', 'agassifeng', 'jcarson', 'chicah444', 'awagner', 'uchidas', 'skramer', 'akhan', 'pcoleman', 'jhl326', 'jgavil', 'claireboland', 'agast', 'kschuette', 'jdrake', 'ktommerdahl', 'nash73', 'acarroll', 'dburk', 'bbrochu', 'jjaume', 'jschulze1', 'dnebel', 'dfang', 'jswenson', 'aka220', 'jdeschenes', 'fuckme', 'als753', 'wheat_thin636', 'rgribben', 'mickey', 'ewest', 'ekatz', 'ktaylor', 'cblack', 'JuliaDesChenes', 'slu', 'shanks53', 'yixak', 'aloon', 'jlee', 'ysalah', 'jkircher', 'spark', 'dsy389', 'kjs901', 'sju', 'chem10107', 'jcummins', 'osostan', 'atalai', 'psampath', 'darosner', 'jps939', 'igemp', 'wuttarapatriyakul', 'srao', 'rpickering', 'bmanojlovic', 'calfonso', 'smui', 'mradadia', 'jessicag', 'rickyp999', 'jweishaar', 'jguliap', 'ktakahashi', 'eunterbrink', 'lowen', 'lstene', 'psteptoe', 'chaimann', 'abruzek', 'rbaroch', 'jdinneen', 'sfriedman', 'jroig', 'hdurschlag', 'geieea', 'petarvidak', 'roub0008', 'dshafir', 'jbragg', 'asarwark', 'kfreer', 'sdaudi', 'evedgebah', 'jstroup', 'bmattson', 'kshedd', 'danielbaik', 'mkalina', 'ktietjen', 'Mehwish916', 'pmodi', 'wstokely', 'vvalenzuela', 'dblumenthal', 'zeidlab', 'xyin', 'dliu', 'aim512', 'asantamarina', 'fzhang', 'dwu', 'Aaronbenjamin', 'gdasovich', 'elemasters', 'jdattilo', 'cmiksis', 'rgopal', 'mbarrett', 'rkatz', 'mlowes', 'asisodia', 'jmeissner', 'cboland', 'bdemurihaeberle', 'jilliann2', 'bschaefer', 'dufford', 'ckwan', 'jbastiaens', 'robbrown', 'awhittington', 'ahurd', 'swahab', 'nkraska', 'ehaug', 'mfenstermaker', 'del982', 'asiddiqui', 'mnovacanes', 'ckilic', 'laybar', 'treber', 'jobremski', 'cconrad', 'bfrett', 'kbatra', 'dwang', 'bfu109', 'lgerkowicz', 'mkubiak', 'asprague', 'swalchuk', 'mfenech', 'Ikornblau', 'clu', 'mhyre', 'jramsley', 'shaolinquan', 'bschnedl', 'jschulze', 'sstrong', 'arahman', 'churley', 'pkalkat', 'jteno', 'eskim', 'dyao', 'lawchang88', 'kstoerzinger', 'pdziedzic', 'kkang', 'kkao', 'swundrow', 'fome', 'mpsorkin', 'Dangel', 'LKINGSBURY', 'sfarley', 'prabath', 'skim', 'slim', 'kroderer', 'aasthana', 'SHaolinquan', 'ebader', 'suchida', 'chastings', 'fkhan', 'jmehrotra', 'lbrengman', 'bniklinska', 'marthachang', 'Shaolinquan', 'scrow', 'ksulzer', 'cnh872', 'Asprague', 'frankzhang', 'LWELKE', 'tofinesse333', 'vivekanandbhardwaj', 'apumm', 'cvega', 'jsavitsky', 'cfrench', 'mfederspiel', 'dspade', 'aechevarria', 'mfederspiel1', 'crush', 'jroig1', 'KTietjen', 'rmetzler', 'bnielsen', 'ameyers', 'jordanduval', 'msivasubramaniam', 'gschultz', 'ndvora', 'aroybal', 'cwhite', 'jmenkin', 'jneilsson', 'jdarby', 'smoy', 'kmorgan', 'aocchiuti', 'smo596', 'amelnyk', 'wsun', 'ealtman', 'grebesco', 'aelmy', 'jlemaster', 'jjones', 'nmsingh', 'dflint', 'cliu', 'edawson', 'jmehra', 'awellman', 'mphilben', 'kcebrian', 'cpa475', 'ashutton', 'kbg813', 'athaler', 'mchen', 'mja276', 'pbaranwal', 'tcouri', 'astrick', 'adhar2', 'erausch', 'bigkrezca32', 'bvu', 'bwalker423', 'vleung', 'npentelovitch', 'bweisse', 'msood', 'soconnell', 'xbasko', 'jallen', 'hwolfman', 'jsnyder', 'clifford', 'sarnold', 'jpineda', 'cpowersmaher', 'mrahman23', 'leochild2005', 'choel', 'bsummersgill', 'dbaik', 'dmenon', 'dculhane', 'kgspears', 'hschroeder', 'laurahchoi', 'SSINGH', 'gescobar', 'rwinnegar', 'rferraro', 'jwang10', 'jswanson', 'kmp423', 'kstoddart', 'clin', 'agoodman', 'ecunningham', 'lfs919', 'mfrancisco', 'kkovatch', 'khiggins', 'msarkulova', 'kvb507', 'csouthard', 'kmortensen', 'rmb907', 'tgonzales', 'jesnyder', 'aji536', 'ksampson', 'aschattner', 'eohira', 'mtapkowski', 'KKessler', 'zes975', 'jaltenhofen', 'JSavitsky', 'querner', 'cmcgourty', 'pnolan', 'mbykowski', 'ikos', 'vladmanko', 'toconnell', 'jdshank44', 'acm', 'ASiddiqui', 'jsneed', 'Edawson', 'tchou', 'gbanner', 'nfrench', 'mkahle', 'mickey_g3', 'mzou', 'slhatch', 'abeswick', 'Juliadeschenes', 'ndhawan', 'smw823', 'cpai', 'eschaefer', 'mgilmour', 'rsmith', 'dchoi', 'ganderson', 'ebell', 'amahajan', 'tpoole', 'ohkwon', 'jonaltenhofen', 'dal767', 'chaselhorst', 'ldelaney', 'cpark', 'lkingsbury', 'mshah22', 'cgrandau', 'jlt453', 'zharb', 'zsersland', 'jlye', 'jdavid', 'mhoffmann', 'asuresh', 'jsteinberg', 'jyoung88', 'LauraK', 'barlas', 'aepstein', 'dtorres', 'brwass', 'lfoulke', 'lwelke']",1,['jroden'],450,"['jdawson', 'yongjoo87', 'jshabosky', 'aahmad', 'elliottwallace', 'smiller', 'dsturgeon', 'JMeissner', 'rkhazai', 'jzona', 'kcysewski', 'dsiegal', 'damaranto', 'mmotiani', 'cchristianson', 'slasselle', 'dshabeeb', 'ccl356', 'wpearse', 'WUTTARAPATRIYAKUL', 'djwhack03', 'pszalwinski', 'smoffett', 'pliu', 'stacilaci56', 'sflores', 'Akhan', 'dwg482', 'kparekh', 'klandry', 'tsn821', 'sburrill', 'g3styx', 'lkarvelis', 'jaq945', 'rlee', 'aaronbenjamin', 'sdixit', 'SLIM', 'alopez', 'alang', 'rtsang', 'nshultz', 'bpk122', 'amorales', 'ikornblau', 'jchowaniec', 'sdang', 'jlopez', 'ccarhart', 'parker9', 'ymanibog', 'rkaringada', 'cclark', 'MChen', 'sindhu108', 'heisenman', 'csherman', 'lweiss', 'vrivas', 'mehwish916', 'nperkins', 'mamofa', 'vmanko', 'jbeltran', 'therrmann', 'AWellman', 'abarr', 'mroebuck', 'cvenatta', 'evelyncarter', 'jhan', 'akim', 'noodles5', 'cdipompeo', 'prettynpink221', 'mis130', 'jerickson', 'agassifeng', 'jcarson', 'chicah444', 'awagner', 'uchidas', 'skramer', 'akhan', 'pcoleman', 'jhl326', 'jgavil', 'nchu', 'claireboland', 'agast', 'kschuette', 'jdrake', 'ktommerdahl', 'nash73', 'acarroll', 'dburk', 'bbrochu', 'jjaume', 'jschulze1', 'dnebel', 'dfang', 'jswenson', 'aka220', 'jdeschenes', 'fuckme', 'als753', 'wheat_thin636', 'rgribben', 'mickey', 'ewest', 'ekatz', 'ktaylor', 'cblack', 'JuliaDesChenes', 'slu', 'shanks53', 'yixak', 'aloon', 'jlee', 'ysalah', 'jkircher', 'spark', 'dsy389', 'kjs901', 'sju', 'chem10107', 'jcummins', 'osostan', 'atalai', 'psampath', 'darosner', 'jps939', 'igemp', 'wuttarapatriyakul', 'srao', 'rpickering', 'bmanojlovic', 'calfonso', 'smui', 'mradadia', 'jessicag', 'rickyp999', 'jweishaar', 'jguliap', 'ktakahashi', 'eunterbrink', 'lowen', 'lstene', 'psteptoe', 'chaimann', 'abruzek', 'rbaroch', 'jdinneen', 'sfriedman', 'jroig', 'hdurschlag', 'geieea', 'petarvidak', 'roub0008', 'dshafir', 'jbragg', 'asarwark', 'kfreer', 'sdaudi', 'evedgebah', 'jstroup', 'bmattson', 'kshedd', 'danielbaik', 'mkalina', 'ktietjen', 'Mehwish916', 'pmodi', 'wstokely', 'vvalenzuela', 'dblumenthal', 'zeidlab', 'xyin', 'swilson', 'dliu', 'aim512', 'asantamarina', 'fzhang', 'dwu', 'Aaronbenjamin', 'gdasovich', 'elemasters', 'jdattilo', 'cmiksis', 'rgopal', 'mbarrett', 'rkatz', 'mlowes', 'asisodia', 'jmeissner', 'cboland', 'bdemurihaeberle', 'jilliann2', 'bschaefer', 'dufford', 'ckwan', 'jbastiaens', 'robbrown', 'awhittington', 'ahurd', 'swahab', 'nkraska', 'ehaug', 'mfenstermaker', 'del982', 'asiddiqui', 'mnovacanes', 'ckilic', 'laybar', 'treber', 'jobremski', 'cconrad', 'bfrett', 'kbatra', 'dwang', 'bfu109', 'lgerkowicz', 'mkubiak', 'asprague', 'swalchuk', 'mfenech', 'Ikornblau', 'clu', 'mhyre', 'jramsley', 'shaolinquan', 'bschnedl', 'jschulze', 'sstrong', 'arahman', 'churley', 'pkalkat', 'jteno', 'eskim', 'dyao', 'lawchang88', 'kstoerzinger', 'pdziedzic', 'kkang', 'kkao', 'swundrow', 'fome', 'mpsorkin', 'Dangel', 'LKINGSBURY', 'sfarley', 'prabath', 'skim', 'slim', 'kroderer', 'aasthana', 'SHaolinquan', 'ebader', 'suchida', 'chastings', 'fkhan', 'jmehrotra', 'lbrengman', 'bniklinska', 'marthachang', 'Shaolinquan', 'scrow', 'ksulzer', 'cnh872', 'Asprague', 'frankzhang', 'LWELKE', 'tofinesse333', 'vivekanandbhardwaj', 'apumm', 'cvega', 'jsavitsky', 'cfrench', 'mfederspiel', 'dspade', 'aechevarria', 'mfederspiel1', 'crush', 'jroig1', 'KTietjen', 'rmetzler', 'bnielsen', 'ameyers', 'jordanduval', 'msivasubramaniam', 'gschultz', 'ndvora', 'aroybal', 'cwhite', 'jmenkin', 'jneilsson', 'jdarby', 'smoy', 'hknai', 'kmorgan', 'aocchiuti', 'smo596', 'amelnyk', 'wsun', 'ealtman', 'grebesco', 'aelmy', 'jlemaster', 'jjones', 'nmsingh', 'jmarrone', 'dflint', 'cliu', 'edawson', 'jmehra', 'seankim', 'awellman', 'mphilben', 'kcebrian', 'cpa475', 'ashutton', 'kbg813', 'athaler', 'erobinson', 'mchen', 'mja276', 'pbaranwal', 'tcouri', 'astrick', 'adhar2', 'erausch', 'bigkrezca32', 'bvu', 'bwalker423', 'vleung', 'npentelovitch', 'emurphy', 'bweisse', 'msood', 'kalbertine', 'soconnell', 'xbasko', 'jallen', 'hwolfman', 'jsnyder', 'clifford', 'sarnold', 'jpineda', 'cpowersmaher', 'mrahman23', 'leochild2005', 'choel', 'bsummersgill', 'dbaik', 'dmenon', 'dculhane', 'kgspears', 'hschroeder', 'laurahchoi', 'SSINGH', 'gescobar', 'rwinnegar', 'rferraro', 'jwang10', 'jswanson', 'kmp423', 'kstoddart', 'clin', 'agoodman', 'ecunningham', 'lfs919', 'mfrancisco', 'kkovatch', 'khiggins', 'msarkulova', 'kvb507', 'csouthard', 'kmortensen', 'rmb907', 'jroden', 'tgonzales', 'jesnyder', 'aji536', 'ksampson', 'aschattner', 'eohira', 'mtapkowski', 'KKessler', 'zes975', 'jaltenhofen', 'JSavitsky', 'querner', 'cmcgourty', 'pnolan', 'mbykowski', 'ikos', 'vladmanko', 'toconnell', 'jdshank44', 'acm', 'ASiddiqui', 'jsneed', 'Edawson', 'tchou', 'gbanner', 'nfrench', 'mkahle', 'mickey_g3', 'mzou', 'slhatch', 'abeswick', 'Juliadeschenes', 'ndhawan', 'smw823', 'cpai', 'eschaefer', 'mgilmour', 'dcooperberg', 'rsmith', 'dchoi', 'ganderson', 'ebell', 'amahajan', 'tpoole', 'ohkwon', 'jonaltenhofen', 'dal767', 'chaselhorst', 'ldelaney', 'cpark', 'lkingsbury', 'mshah22', 'cgrandau', 'jlt453', 'zharb', 'zsersland', 'jlye', 'jdavid', 'mhoffmann', 'asuresh', 'jsteinberg', 'jyoung88', 'LauraK', 'barlas', 'aepstein', 'dtorres', 'brwass', 'lfoulke', 'lwelke']"
2,55,181,145,134,"['mrhee', 'tmoffitt', 'mwarsco', 'deetman', 'bashir', 'sageorge', 'sprashan', 'nmisiuna', 'rachitbiyani', 'nlabianc', 'singapaul', 'dtruax', 'chermawi', 'gzarse', 'terran010', 'zer0xxx', 'rsherloc', 'Zarastra', 'lpeterus', 'spgreene', 'docdaa008', 'zeich', 'mhain', 'sstreete', 'jgu', 'smith571', 'sbach', 'longja', 'bskorupa', 'wehlhard', 'csrockerzero', 'dube0', 'dplamber', 'rahoward', 'bache', 'lmertes', 'wang209', 'xmzhang', 'wow676', 'rtrusty', 'freedomjustice', 'stoneagelove', 'aforkner', 'astacy', 'et279', 'mille177', 'fuzzy_maraca77', 'Bache', 'bmroozia', 'han45', 'dvanclev', 'bsarlitt', 'ebuysse', 'anraj', 'tdjanoko', 'Jabzg', 'nchirla', 'millies', 'nannachh', 'jshahid', 'danielac', 'ahermann', 'dulmes', 'kyangchul', 'ashayat', 'zarastra', 'dsutherl', 'tcollopy', 'aashi', 'ttho', 'jsterlin', 'jkurasz', 'dgrothe', 'obernada', 'cabault', 'seshaw', 'chang61', 'griffinm', 'smchaudh', 'pranaynanda', 'johns180', 'ftanjono', 'gustaf89', 'jackfrost9p', 'vinsma', 'lai', 'elric22', 'jwetheri', 'babaumga', 'alayi', 'jidthekid', 'apuri', 'npanitch', 'ahartnet', 'mtanoto', 'mtummala', 'kelkwa11', 'mrmillz', 'jkalbfle', 'ajplaymaker', 'atruesde', 'irony59', 'wizdh', 'jgries', 'werman691', 'brunner2112', 'kim130', 'kim131', 'mdsnyder', 'kassovic', 'akhilesh', 'JoeBlu', 'rkv0000', 'jtill04', 'pateldm', 'jaycrayz', 'sdidla', 'jskim', 'sundeepvem', 'wnoh', 'pbayuart', 'czahner', 'samkothari79', 'rparisi', 'asudibyo', 'mharger', 'skovich', 'taylorcl', 'bdannan', 'kklacik', 'gpajot', 'john3636', 'bsyoder', 'jostendo']",47,"['gbalmer', 'sonicalflair', 'romanchd', 'swethy', 'jones105', 'kdaiya', 'dopkick', 'acallawa', 'pmongkol', 'gjross', 'srettber', 'ormgi', 'ajrobiso', 'hsvasi', 'nanohueb', 'nrrojas', 'lcowsert', 'jdickers', 'zer0xXx', 'mickcrowley', 'parimal', 'gshaw', 'dmmitche', 'hiddendecoy', 'dhum', 'chaines', 'MurphyAKL', 'mamitche', 'jsommer', 'arorar', 'wangyangboy', 'spamilton1', 'judoma', 'bsparson', 'dergan', 'camyers', 'chadhag', 'ezarowny', 'zconvers', 'spank_fusion', 'kbussmann', 'lpuglisi', 'trs4ece', 'gutierjm', 'somacroy', 'joeblu', 'Fisher']",11,"['mswallow', 'ongt', 'dmsnell', 'jcwirth', 'jfawcett', 'sumeetkumargupta', 'priyam', 'neudeck', 'scyther314159', 'yi0', 'wildkid256']",192,"['gbalmer', 'mrhee', 'tmoffitt', 'jones105', 'deetman', 'bashir', 'sageorge', 'sprashan', 'sumeetkumargupta', 'nmisiuna', 'lcowsert', 'mickcrowley', 'dhum', 'chaines', 'terran010', 'zer0xxx', 'lpeterus', 'arorar', 'wangyangboy', 'dergan', 'zeich', 'mhain', 'dmsnell', 'trs4ece', 'csrockerzero', 'dube0', 'dplamber', 'bache', 'ajrobiso', 'hsvasi', 'xmzhang', 'aforkner', 'astacy', 'gshaw', 'mille177', 'wildkid256', 'fuzzy_maraca77', 'bmroozia', 'spamilton1', 'ebuysse', 'anraj', 'zconvers', 'Jabzg', 'nannachh', 'dulmes', 'kyangchul', 'ashayat', 'acallawa', 'zarastra', 'dsutherl', 'ormgi', 'tcollopy', 'dgrothe', 'obernada', 'jkurasz', 'jsterlin', 'ttho', 'cabault', 'griffinm', 'smchaudh', 'johns180', 'jackfrost9p', 'elric22', 'jwetheri', 'babaumga', 'mtanoto', 'mtummala', 'mswallow', 'irony59', 'wizdh', 'jgries', 'brunner2112', 'romanchd', 'swethy', 'kim131', 'dopkick', 'mdsnyder', 'akhilesh', 'rkv0000', 'nrrojas', 'jaycrayz', 'jskim', 'pbayuart', 'samkothari79', 'asudibyo', 'skovich', 'bdannan', 'ezarowny', 'kklacik', 'john3636', 'bsyoder', 'lpuglisi', 'somacroy', 'joeblu', 'jostendo', 'Fisher', 'mwarsco', 'kdaiya', 'jdickers', 'rachitbiyani', 'nlabianc', 'parimal', 'dtruax', 'singapaul', 'chermawi', 'hiddendecoy', 'gzarse', 'MurphyAKL', 'rsherloc', 'Zarastra', 'spgreene', 'judoma', 'docdaa008', 'camyers', 'chadhag', 'sstreete', 'jgu', 'smith571', 'longja', 'sbach', 'bskorupa', 'wehlhard', 'pmongkol', 'rahoward', 'lmertes', 'wang209', 'wow676', 'rtrusty', 'freedomjustice', 'stoneagelove', 'et279', 'Bache', 'jsommer', 'han45', 'bsparson', 'dvanclev', 'bsarlitt', 'tdjanoko', 'nchirla', 'millies', 'jcwirth', 'jshahid', 'danielac', 'ahermann', 'jfawcett', 'sonicalflair', 'nanohueb', 'aashi', 'seshaw', 'chang61', 'zer0xXx', 'pranaynanda', 'ftanjono', 'gustaf89', 'vinsma', 'lai', 'dmmitche', 'neudeck', 'alayi', 'jidthekid', 'apuri', 'npanitch', 'mamitche', 'ahartnet', 'priyam', 'kelkwa11', 'mrmillz', 'jkalbfle', 'spank_fusion', 'ajplaymaker', 'atruesde', 'kbussmann', 'werman691', 'ongt', 'kim130', 'gjross', 'srettber', 'kassovic', 'JoeBlu', 'pateldm', 'jtill04', 'sdidla', 'sundeepvem', 'wnoh', 'czahner', 'scyther314159', 'rparisi', 'mharger', 'taylorcl', 'gpajot', 'gutierjm', 'yi0']"
2,61,181,123,100,"['mrhee', 'mwarsco', 'tmoffitt', 'jones105', 'kdaiya', 'sageorge', 'nmisiuna', 'lcowsert', 'nlabianc', 'singapaul', 'chermawi', 'hiddendecoy', 'gzarse', 'terran010', 'chaines', 'zer0xxx', 'rsherloc', 'Zarastra', 'spgreene', 'arorar', 'wangyangboy', 'judoma', 'docdaa008', 'dergan', 'zeich', 'mhain', 'sstreete', 'jgu', 'sbach', 'longja', 'csrockerzero', 'dube0', 'dplamber', 'pmongkol', 'rahoward', 'hsvasi', 'wow676', 'rtrusty', 'astacy', 'fuzzy_maraca77', 'han45', 'spamilton1', 'bsparson', 'tdjanoko', 'zconvers', 'Jabzg', 'nchirla', 'ahermann', 'dulmes', 'sonicalflair', 'acallawa', 'dsutherl', 'tcollopy', 'dgrothe', 'obernada', 'jkurasz', 'seshaw', 'chang61', 'griffinm', 'pranaynanda', 'johns180', 'ftanjono', 'gustaf89', 'vinsma', 'dmmitche', 'jwetheri', 'jidthekid', 'npanitch', 'mamitche', 'mtanoto', 'mtummala', 'kelkwa11', 'mrmillz', 'atruesde', 'jostendo', 'irony59', 'wizdh', 'werman691', 'brunner2112', 'kim130', 'swethy', 'kim131', 'akhilesh', 'nrrojas', 'pateldm', 'jaycrayz', 'jskim', 'pbayuart', 'czahner', 'rparisi', 'asudibyo', 'bdannan', 'kklacik', 'john3636', 'bsyoder', 'lpuglisi', 'gutierjm', 'somacroy', 'joeblu', 'Fisher']",81,"['gbalmer', 'deetman', 'bashir', 'sprashan', 'jdickers', 'rachitbiyani', 'mickcrowley', 'parimal', 'dtruax', 'dhum', 'MurphyAKL', 'lpeterus', 'camyers', 'chadhag', 'smith571', 'trs4ece', 'bskorupa', 'wehlhard', 'bache', 'ajrobiso', 'lmertes', 'wang209', 'xmzhang', 'freedomjustice', 'stoneagelove', 'aforkner', 'et279', 'gshaw', 'mille177', 'Bache', 'jsommer', 'bmroozia', 'dvanclev', 'bsarlitt', 'ebuysse', 'anraj', 'millies', 'nannachh', 'jshahid', 'danielac', 'kyangchul', 'ashayat', 'zarastra', 'ormgi', 'nanohueb', 'aashi', 'ttho', 'jsterlin', 'cabault', 'smchaudh', 'zer0xXx', 'jackfrost9p', 'lai', 'elric22', 'babaumga', 'alayi', 'apuri', 'ahartnet', 'jkalbfle', 'spank_fusion', 'ajplaymaker', 'kbussmann', 'jgries', 'romanchd', 'dopkick', 'gjross', 'mdsnyder', 'srettber', 'kassovic', 'JoeBlu', 'rkv0000', 'jtill04', 'sdidla', 'sundeepvem', 'wnoh', 'samkothari79', 'mharger', 'skovich', 'taylorcl', 'ezarowny', 'gpajot']",23,"['axavier', 'plaird', 'priyamtrivedi', 'gsinghal', 'garg', 'sumeetkumargupta', 'stucky', 'nutomo', 'mattsbai', 'wildkid256', 'jcleong', 'aashi21', 'ongt', 'SonicalFlair', 'fisher', 'dmsnell', 'jcromer', 'jcwirth', 'jenkinsalexp', 'babauman', 'aozero', 'nee_a87', 'pjyoti']",204,"['gbalmer', 'mrhee', 'mwarsco', 'tmoffitt', 'jones105', 'deetman', 'kdaiya', 'gsinghal', 'bashir', 'sageorge', 'sprashan', 'sumeetkumargupta', 'nmisiuna', 'lcowsert', 'jdickers', 'rachitbiyani', 'mickcrowley', 'nlabianc', 'parimal', 'dtruax', 'singapaul', 'chermawi', 'hiddendecoy', 'gzarse', 'dhum', 'chaines', 'terran010', 'MurphyAKL', 'rsherloc', 'zer0xxx', 'spgreene', 'arorar', 'lpeterus', 'wangyangboy', 'Zarastra', 'judoma', 'docdaa008', 'camyers', 'dergan', 'zeich', 'chadhag', 'mhain', 'sstreete', 'dmsnell', 'jgu', 'smith571', 'trs4ece', 'longja', 'sbach', 'bskorupa', 'nee_a87', 'jcleong', 'wehlhard', 'csrockerzero', 'dube0', 'axavier', 'plaird', 'dplamber', 'pmongkol', 'rahoward', 'bache', 'ajrobiso', 'hsvasi', 'lmertes', 'wang209', 'xmzhang', 'wow676', 'rtrusty', 'freedomjustice', 'stucky', 'nutomo', 'stoneagelove', 'aforkner', 'astacy', 'et279', 'mattsbai', 'gshaw', 'mille177', 'wildkid256', 'fuzzy_maraca77', 'Bache', 'jsommer', 'han45', 'bmroozia', 'spamilton1', 'bsparson', 'dvanclev', 'bsarlitt', 'ebuysse', 'anraj', 'tdjanoko', 'zconvers', 'Jabzg', 'nchirla', 'millies', 'jcwirth', 'nannachh', 'jshahid', 'danielac', 'ahermann', 'dulmes', 'sonicalflair', 'kyangchul', 'ashayat', 'acallawa', 'garg', 'zarastra', 'dsutherl', 'ormgi', 'tcollopy', 'nanohueb', 'dgrothe', 'aashi', 'jkurasz', 'jsterlin', 'obernada', 'cabault', 'ttho', 'seshaw', 'chang61', 'griffinm', 'smchaudh', 'zer0xXx', 'pranaynanda', 'johns180', 'ftanjono', 'gustaf89', 'jackfrost9p', 'vinsma', 'lai', 'elric22', 'dmmitche', 'jwetheri', 'babaumga', 'alayi', 'jidthekid', 'apuri', 'npanitch', 'mamitche', 'ahartnet', 'mtanoto', 'mtummala', 'SonicalFlair', 'kelkwa11', 'mrmillz', 'jkalbfle', 'jcromer', 'spank_fusion', 'ajplaymaker', 'jostendo', 'atruesde', 'jenkinsalexp', 'irony59', 'babauman', 'kbussmann', 'wizdh', 'jgries', 'aozero', 'werman691', 'ongt', 'brunner2112', 'pjyoti', 'kim130', 'romanchd', 'swethy', 'kim131', 'dopkick', 'gjross', 'mdsnyder', 'srettber', 'priyamtrivedi', 'kassovic', 'JoeBlu', 'akhilesh', 'rkv0000', 'nrrojas', 'jaycrayz', 'pateldm', 'sdidla', 'jskim', 'jtill04', 'sundeepvem', 'wnoh', 'pbayuart', 'czahner', 'samkothari79', 'rparisi', 'mharger', 'asudibyo', 'skovich', 'aashi21', 'taylorcl', 'bdannan', 'ezarowny', 'fisher', 'kklacik', 'gpajot', 'john3636', 'bsyoder', 'lpuglisi', 'gutierjm', 'somacroy', 'joeblu', 'Fisher']"
2,70,181,112,98,"['mwarsco', 'jones105', 'kdaiya', 'sprashan', 'nmisiuna', 'lcowsert', 'nlabianc', 'singapaul', 'chermawi', 'hiddendecoy', 'gzarse', 'terran010', 'MurphyAKL', 'rsherloc', 'Zarastra', 'lpeterus', 'arorar', 'spgreene', 'wangyangboy', 'docdaa008', 'mhain', 'sstreete', 'jgu', 'sbach', 'longja', 'wehlhard', 'dube0', 'dplamber', 'pmongkol', 'rahoward', 'hsvasi', 'wow676', 'rtrusty', 'freedomjustice', 'astacy', 'gshaw', 'Bache', 'han45', 'spamilton1', 'bsparson', 'anraj', 'tdjanoko', 'zconvers', 'Jabzg', 'jshahid', 'ahermann', 'dulmes', 'acallawa', 'dgrothe', 'ttho', 'jkurasz', 'obernada', 'seshaw', 'chang61', 'smchaudh', 'zer0xXx', 'pranaynanda', 'johns180', 'ftanjono', 'gustaf89', 'vinsma', 'dmmitche', 'jwetheri', 'babaumga', 'jidthekid', 'npanitch', 'mtanoto', 'mtummala', 'kelkwa11', 'mrmillz', 'atruesde', 'jostendo', 'werman691', 'brunner2112', 'kim130', 'swethy', 'kim131', 'gjross', 'srettber', 'kassovic', 'akhilesh', 'nrrojas', 'jtill04', 'pateldm', 'jaycrayz', 'jskim', 'wnoh', 'pbayuart', 'czahner', 'rparisi', 'asudibyo', 'bdannan', 'kklacik', 'john3636', 'bsyoder', 'gutierjm', 'joeblu', 'Fisher']",83,"['gbalmer', 'mrhee', 'tmoffitt', 'deetman', 'bashir', 'sageorge', 'jdickers', 'rachitbiyani', 'mickcrowley', 'parimal', 'dtruax', 'dhum', 'chaines', 'zer0xxx', 'judoma', 'dergan', 'camyers', 'zeich', 'chadhag', 'smith571', 'trs4ece', 'bskorupa', 'csrockerzero', 'bache', 'ajrobiso', 'lmertes', 'wang209', 'xmzhang', 'stoneagelove', 'aforkner', 'et279', 'mille177', 'fuzzy_maraca77', 'jsommer', 'bmroozia', 'dvanclev', 'bsarlitt', 'ebuysse', 'nchirla', 'millies', 'nannachh', 'danielac', 'sonicalflair', 'kyangchul', 'ashayat', 'zarastra', 'dsutherl', 'ormgi', 'tcollopy', 'nanohueb', 'aashi', 'jsterlin', 'cabault', 'griffinm', 'jackfrost9p', 'lai', 'elric22', 'alayi', 'apuri', 'mamitche', 'ahartnet', 'jkalbfle', 'spank_fusion', 'ajplaymaker', 'irony59', 'kbussmann', 'wizdh', 'jgries', 'romanchd', 'dopkick', 'mdsnyder', 'JoeBlu', 'rkv0000', 'sdidla', 'sundeepvem', 'samkothari79', 'mharger', 'skovich', 'taylorcl', 'ezarowny', 'gpajot', 'lpuglisi', 'somacroy']",14,"['jcwirth', 'smillies', 'rkv000', 'junghanlee', 'lonestar', 'sagadi', 'garg', 'nsapra', 'crosis', 'mattsbai', 'sen2904', 'justinsyk', 'pjyoti', 'wildkid256']",195,"['gbalmer', 'mrhee', 'mwarsco', 'tmoffitt', 'jones105', 'deetman', 'kdaiya', 'junghanlee', 'bashir', 'sageorge', 'sprashan', 'nmisiuna', 'lcowsert', 'jdickers', 'rachitbiyani', 'mickcrowley', 'nlabianc', 'parimal', 'dtruax', 'singapaul', 'chermawi', 'hiddendecoy', 'gzarse', 'dhum', 'chaines', 'terran010', 'MurphyAKL', 'rsherloc', 'zer0xxx', 'spgreene', 'arorar', 'lpeterus', 'wangyangboy', 'Zarastra', 'sagadi', 'judoma', 'docdaa008', 'camyers', 'dergan', 'zeich', 'chadhag', 'sen2904', 'mhain', 'sstreete', 'jgu', 'smith571', 'trs4ece', 'longja', 'sbach', 'bskorupa', 'wehlhard', 'csrockerzero', 'dube0', 'dplamber', 'smillies', 'pmongkol', 'rahoward', 'bache', 'ajrobiso', 'hsvasi', 'nsapra', 'lmertes', 'wang209', 'xmzhang', 'wow676', 'rtrusty', 'freedomjustice', 'stoneagelove', 'aforkner', 'astacy', 'et279', 'mattsbai', 'gshaw', 'mille177', 'wildkid256', 'fuzzy_maraca77', 'Bache', 'jsommer', 'han45', 'bmroozia', 'spamilton1', 'bsparson', 'dvanclev', 'bsarlitt', 'ebuysse', 'anraj', 'tdjanoko', 'zconvers', 'Jabzg', 'nchirla', 'millies', 'jcwirth', 'nannachh', 'jshahid', 'danielac', 'ahermann', 'dulmes', 'sonicalflair', 'kyangchul', 'ashayat', 'acallawa', 'garg', 'zarastra', 'dsutherl', 'ormgi', 'tcollopy', 'nanohueb', 'dgrothe', 'aashi', 'jkurasz', 'jsterlin', 'obernada', 'cabault', 'ttho', 'seshaw', 'chang61', 'griffinm', 'smchaudh', 'zer0xXx', 'pranaynanda', 'johns180', 'ftanjono', 'gustaf89', 'jackfrost9p', 'vinsma', 'lai', 'elric22', 'dmmitche', 'jwetheri', 'crosis', 'babaumga', 'alayi', 'jidthekid', 'apuri', 'npanitch', 'mamitche', 'rkv000', 'ahartnet', 'mtanoto', 'mtummala', 'kelkwa11', 'mrmillz', 'jkalbfle', 'lonestar', 'spank_fusion', 'ajplaymaker', 'jostendo', 'atruesde', 'irony59', 'kbussmann', 'wizdh', 'jgries', 'werman691', 'justinsyk', 'brunner2112', 'pjyoti', 'kim130', 'romanchd', 'swethy', 'kim131', 'dopkick', 'gjross', 'mdsnyder', 'srettber', 'kassovic', 'JoeBlu', 'akhilesh', 'rkv0000', 'nrrojas', 'jaycrayz', 'pateldm', 'sdidla', 'jskim', 'jtill04', 'sundeepvem', 'wnoh', 'pbayuart', 'czahner', 'samkothari79', 'rparisi', 'mharger', 'asudibyo', 'skovich', 'taylorcl', 'bdannan', 'ezarowny', 'kklacik', 'gpajot', 'john3636', 'bsyoder', 'lpuglisi', 'gutierjm', 'somacroy', 'joeblu', 'Fisher']"
2,66,181,68,64,"['gbalmer', 'sonicalflair', 'dube0', 'swethy', 'kdaiya', 'dplamber', 'acallawa', 'pmongkol', 'rahoward', 'kassovic', 'tcollopy', 'hsvasi', 'sprashan', 'akhilesh', 'jsterlin', 'obernada', 'jskim', 'jaycrayz', 'nrrojas', 'jtill04', 'wow676', 'rtrusty', 'dulmes', 'zer0xXx', 'pranaynanda', 'pbayuart', 'johns180', 'aforkner', 'ftanjono', 'astacy', 'nlabianc', 'et279', 'gustaf89', 'gshaw', 'chermawi', 'jwetheri', 'gzarse', 'babaumga', 'terran010', 'rsherloc', 'lpeterus', 'arorar', 'Fisher', 'spamilton1', 'wangyangboy', 'docdaa008', 'dvanclev', 'dergan', 'bdannan', 'tdjanoko', 'kklacik', 'Jabzg', 'sstreete', 'nchirla', 'kelkwa11', 'mrmillz', 'jgu', 'atruesde', 'irony59', 'lpuglisi', 'gutierjm', 'werman691', 'brunner2112', 'jostendo']",117,"['mrhee', 'mwarsco', 'jones105', 'tmoffitt', 'deetman', 'bashir', 'sageorge', 'nmisiuna', 'lcowsert', 'jdickers', 'rachitbiyani', 'mickcrowley', 'parimal', 'dtruax', 'singapaul', 'hiddendecoy', 'dhum', 'chaines', 'MurphyAKL', 'zer0xxx', 'Zarastra', 'spgreene', 'judoma', 'camyers', 'zeich', 'chadhag', 'mhain', 'smith571', 'trs4ece', 'sbach', 'longja', 'bskorupa', 'wehlhard', 'csrockerzero', 'bache', 'ajrobiso', 'lmertes', 'wang209', 'xmzhang', 'freedomjustice', 'stoneagelove', 'mille177', 'fuzzy_maraca77', 'Bache', 'jsommer', 'han45', 'bmroozia', 'bsparson', 'bsarlitt', 'ebuysse', 'anraj', 'zconvers', 'millies', 'nannachh', 'jshahid', 'danielac', 'ahermann', 'kyangchul', 'ashayat', 'zarastra', 'dsutherl', 'ormgi', 'nanohueb', 'dgrothe', 'aashi', 'jkurasz', 'ttho', 'cabault', 'seshaw', 'chang61', 'griffinm', 'smchaudh', 'jackfrost9p', 'vinsma', 'lai', 'elric22', 'dmmitche', 'alayi', 'jidthekid', 'apuri', 'npanitch', 'mamitche', 'ahartnet', 'mtanoto', 'mtummala', 'jkalbfle', 'spank_fusion', 'ajplaymaker', 'kbussmann', 'wizdh', 'jgries', 'kim130', 'romanchd', 'kim131', 'dopkick', 'gjross', 'mdsnyder', 'srettber', 'JoeBlu', 'rkv0000', 'pateldm', 'sdidla', 'sundeepvem', 'wnoh', 'czahner', 'samkothari79', 'rparisi', 'mharger', 'asudibyo', 'skovich', 'taylorcl', 'ezarowny', 'gpajot', 'john3636', 'bsyoder', 'somacroy', 'joeblu']",4,"['mattsbai', 'jcwirth', 'gsinghal', 'dmsnell']",185,"['gbalmer', 'mrhee', 'mwarsco', 'tmoffitt', 'jones105', 'deetman', 'kdaiya', 'gsinghal', 'bashir', 'sageorge', 'sprashan', 'nmisiuna', 'lcowsert', 'jdickers', 'rachitbiyani', 'mickcrowley', 'nlabianc', 'parimal', 'dtruax', 'singapaul', 'chermawi', 'hiddendecoy', 'gzarse', 'dhum', 'chaines', 'terran010', 'MurphyAKL', 'rsherloc', 'zer0xxx', 'spgreene', 'arorar', 'lpeterus', 'wangyangboy', 'Zarastra', 'judoma', 'docdaa008', 'camyers', 'dergan', 'zeich', 'chadhag', 'mhain', 'sstreete', 'dmsnell', 'jgu', 'smith571', 'trs4ece', 'longja', 'sbach', 'bskorupa', 'wehlhard', 'csrockerzero', 'dube0', 'dplamber', 'pmongkol', 'rahoward', 'bache', 'ajrobiso', 'hsvasi', 'lmertes', 'wang209', 'xmzhang', 'wow676', 'rtrusty', 'freedomjustice', 'stoneagelove', 'aforkner', 'astacy', 'et279', 'mattsbai', 'gshaw', 'mille177', 'fuzzy_maraca77', 'Bache', 'jsommer', 'han45', 'bmroozia', 'spamilton1', 'bsparson', 'dvanclev', 'bsarlitt', 'ebuysse', 'anraj', 'tdjanoko', 'zconvers', 'Jabzg', 'nchirla', 'millies', 'jcwirth', 'nannachh', 'jshahid', 'danielac', 'ahermann', 'dulmes', 'sonicalflair', 'kyangchul', 'ashayat', 'acallawa', 'zarastra', 'dsutherl', 'ormgi', 'tcollopy', 'nanohueb', 'dgrothe', 'aashi', 'jkurasz', 'jsterlin', 'obernada', 'cabault', 'ttho', 'seshaw', 'chang61', 'griffinm', 'smchaudh', 'zer0xXx', 'pranaynanda', 'johns180', 'ftanjono', 'gustaf89', 'jackfrost9p', 'vinsma', 'lai', 'elric22', 'dmmitche', 'jwetheri', 'babaumga', 'alayi', 'jidthekid', 'apuri', 'npanitch', 'mamitche', 'ahartnet', 'mtanoto', 'mtummala', 'kelkwa11', 'mrmillz', 'jkalbfle', 'spank_fusion', 'ajplaymaker', 'jostendo', 'atruesde', 'irony59', 'kbussmann', 'wizdh', 'jgries', 'werman691', 'brunner2112', 'kim130', 'romanchd', 'swethy', 'kim131', 'dopkick', 'gjross', 'mdsnyder', 'srettber', 'kassovic', 'JoeBlu', 'akhilesh', 'rkv0000', 'nrrojas', 'jaycrayz', 'pateldm', 'sdidla', 'jskim', 'jtill04', 'sundeepvem', 'wnoh', 'pbayuart', 'czahner', 'samkothari79', 'rparisi', 'mharger', 'asudibyo', 'skovich', 'taylorcl', 'bdannan', 'ezarowny', 'kklacik', 'gpajot', 'john3636', 'bsyoder', 'lpuglisi', 'gutierjm', 'somacroy', 'joeblu', 'Fisher']"
2,60,181,30,26,"['tmoffitt', 'kdaiya', 'pmongkol', 'rahoward', 'kassovic', 'zarastra', 'tcollopy', 'JoeBlu', 'jkurasz', 'nmisiuna', 'griffinm', 'smchaudh', 'pbayuart', 'johns180', 'ftanjono', 'astacy', 'singapaul', 'gustaf89', 'chermawi', 'dmmitche', 'terran010', 'spgreene', 'mharger', 'docdaa008', 'ebuysse', 'kklacik']",155,"['gbalmer', 'mrhee', 'mwarsco', 'jones105', 'deetman', 'bashir', 'sageorge', 'sprashan', 'lcowsert', 'jdickers', 'rachitbiyani', 'mickcrowley', 'nlabianc', 'parimal', 'dtruax', 'hiddendecoy', 'gzarse', 'dhum', 'chaines', 'MurphyAKL', 'rsherloc', 'zer0xxx', 'arorar', 'lpeterus', 'wangyangboy', 'Zarastra', 'judoma', 'camyers', 'dergan', 'zeich', 'chadhag', 'mhain', 'sstreete', 'jgu', 'smith571', 'trs4ece', 'longja', 'sbach', 'bskorupa', 'wehlhard', 'csrockerzero', 'dube0', 'dplamber', 'bache', 'ajrobiso', 'hsvasi', 'lmertes', 'wang209', 'xmzhang', 'wow676', 'rtrusty', 'freedomjustice', 'stoneagelove', 'aforkner', 'et279', 'gshaw', 'mille177', 'fuzzy_maraca77', 'Bache', 'jsommer', 'han45', 'bmroozia', 'spamilton1', 'bsparson', 'dvanclev', 'bsarlitt', 'anraj', 'tdjanoko', 'zconvers', 'Jabzg', 'nchirla', 'millies', 'nannachh', 'jshahid', 'danielac', 'ahermann', 'dulmes', 'sonicalflair', 'kyangchul', 'ashayat', 'acallawa', 'dsutherl', 'ormgi', 'nanohueb', 'dgrothe', 'aashi', 'jsterlin', 'obernada', 'cabault', 'ttho', 'seshaw', 'chang61', 'zer0xXx', 'pranaynanda', 'jackfrost9p', 'vinsma', 'lai', 'elric22', 'jwetheri', 'babaumga', 'alayi', 'jidthekid', 'apuri', 'npanitch', 'mamitche', 'ahartnet', 'mtanoto', 'mtummala', 'kelkwa11', 'mrmillz', 'jkalbfle', 'spank_fusion', 'ajplaymaker', 'jostendo', 'atruesde', 'irony59', 'kbussmann', 'wizdh', 'jgries', 'werman691', 'brunner2112', 'kim130', 'romanchd', 'swethy', 'kim131', 'dopkick', 'gjross', 'mdsnyder', 'srettber', 'akhilesh', 'rkv0000', 'nrrojas', 'jaycrayz', 'pateldm', 'sdidla', 'jskim', 'jtill04', 'sundeepvem', 'wnoh', 'czahner', 'samkothari79', 'rparisi', 'asudibyo', 'skovich', 'taylorcl', 'bdannan', 'ezarowny', 'gpajot', 'john3636', 'bsyoder', 'lpuglisi', 'gutierjm', 'somacroy', 'joeblu', 'Fisher']",4,"['vivihaha', 'ongt', 'dmsnell', 'sumeetkumargupta']",185,"['gbalmer', 'mrhee', 'mwarsco', 'tmoffitt', 'jones105', 'deetman', 'kdaiya', 'bashir', 'sageorge', 'sprashan', 'sumeetkumargupta', 'nmisiuna', 'lcowsert', 'jdickers', 'rachitbiyani', 'mickcrowley', 'nlabianc', 'parimal', 'dtruax', 'singapaul', 'chermawi', 'hiddendecoy', 'gzarse', 'dhum', 'chaines', 'terran010', 'MurphyAKL', 'rsherloc', 'zer0xxx', 'spgreene', 'arorar', 'lpeterus', 'wangyangboy', 'Zarastra', 'vivihaha', 'judoma', 'docdaa008', 'camyers', 'dergan', 'zeich', 'chadhag', 'mhain', 'sstreete', 'dmsnell', 'jgu', 'smith571', 'trs4ece', 'longja', 'sbach', 'bskorupa', 'wehlhard', 'csrockerzero', 'dube0', 'dplamber', 'pmongkol', 'rahoward', 'bache', 'ajrobiso', 'hsvasi', 'lmertes', 'wang209', 'xmzhang', 'wow676', 'rtrusty', 'freedomjustice', 'stoneagelove', 'aforkner', 'astacy', 'et279', 'gshaw', 'mille177', 'fuzzy_maraca77', 'Bache', 'jsommer', 'han45', 'bmroozia', 'spamilton1', 'bsparson', 'dvanclev', 'bsarlitt', 'ebuysse', 'anraj', 'tdjanoko', 'zconvers', 'Jabzg', 'nchirla', 'millies', 'nannachh', 'jshahid', 'danielac', 'ahermann', 'dulmes', 'sonicalflair', 'kyangchul', 'ashayat', 'acallawa', 'zarastra', 'dsutherl', 'ormgi', 'tcollopy', 'nanohueb', 'dgrothe', 'aashi', 'jkurasz', 'jsterlin', 'obernada', 'cabault', 'ttho', 'seshaw', 'chang61', 'griffinm', 'smchaudh', 'zer0xXx', 'pranaynanda', 'johns180', 'ftanjono', 'gustaf89', 'jackfrost9p', 'vinsma', 'lai', 'elric22', 'dmmitche', 'jwetheri', 'babaumga', 'alayi', 'jidthekid', 'apuri', 'npanitch', 'mamitche', 'ahartnet', 'mtanoto', 'mtummala', 'kelkwa11', 'mrmillz', 'jkalbfle', 'spank_fusion', 'ajplaymaker', 'jostendo', 'atruesde', 'irony59', 'kbussmann', 'wizdh', 'jgries', 'werman691', 'ongt', 'brunner2112', 'kim130', 'romanchd', 'swethy', 'kim131', 'dopkick', 'gjross', 'mdsnyder', 'srettber', 'kassovic', 'JoeBlu', 'akhilesh', 'rkv0000', 'nrrojas', 'jaycrayz', 'pateldm', 'sdidla', 'jskim', 'jtill04', 'sundeepvem', 'wnoh', 'pbayuart', 'czahner', 'samkothari79', 'rparisi', 'mharger', 'asudibyo', 'skovich', 'taylorcl', 'bdannan', 'ezarowny', 'kklacik', 'gpajot', 'john3636', 'bsyoder', 'lpuglisi', 'gutierjm', 'somacroy', 'joeblu', 'Fisher']"
2,56,181,21,21,"['kdaiya', 'pmongkol', 'kassovic', 'JoeBlu', 'jkurasz', 'sdidla', 'astacy', 'et279', 'babaumga', 'mamitche', 'arorar', 'dvanclev', 'dergan', 'ezarowny', 'ebuysse', 'spank_fusion', 'jshahid', 'wizdh', 'trs4ece', 'somacroy', 'kim130']",160,"['gbalmer', 'mrhee', 'mwarsco', 'tmoffitt', 'jones105', 'deetman', 'bashir', 'sageorge', 'sprashan', 'nmisiuna', 'lcowsert', 'jdickers', 'rachitbiyani', 'mickcrowley', 'nlabianc', 'parimal', 'dtruax', 'singapaul', 'chermawi', 'hiddendecoy', 'gzarse', 'dhum', 'chaines', 'terran010', 'MurphyAKL', 'rsherloc', 'zer0xxx', 'spgreene', 'lpeterus', 'wangyangboy', 'Zarastra', 'judoma', 'docdaa008', 'camyers', 'zeich', 'chadhag', 'mhain', 'sstreete', 'jgu', 'smith571', 'longja', 'sbach', 'bskorupa', 'wehlhard', 'csrockerzero', 'dube0', 'dplamber', 'rahoward', 'bache', 'ajrobiso', 'hsvasi', 'lmertes', 'wang209', 'xmzhang', 'wow676', 'rtrusty', 'freedomjustice', 'stoneagelove', 'aforkner', 'gshaw', 'mille177', 'fuzzy_maraca77', 'Bache', 'jsommer', 'han45', 'bmroozia', 'spamilton1', 'bsparson', 'bsarlitt', 'anraj', 'tdjanoko', 'zconvers', 'Jabzg', 'nchirla', 'millies', 'nannachh', 'danielac', 'ahermann', 'dulmes', 'sonicalflair', 'kyangchul', 'ashayat', 'acallawa', 'zarastra', 'dsutherl', 'ormgi', 'tcollopy', 'nanohueb', 'dgrothe', 'aashi', 'jsterlin', 'obernada', 'cabault', 'ttho', 'seshaw', 'chang61', 'griffinm', 'smchaudh', 'zer0xXx', 'pranaynanda', 'johns180', 'ftanjono', 'gustaf89', 'jackfrost9p', 'vinsma', 'lai', 'elric22', 'dmmitche', 'jwetheri', 'alayi', 'jidthekid', 'apuri', 'npanitch', 'ahartnet', 'mtanoto', 'mtummala', 'kelkwa11', 'mrmillz', 'jkalbfle', 'ajplaymaker', 'jostendo', 'atruesde', 'irony59', 'kbussmann', 'jgries', 'werman691', 'brunner2112', 'romanchd', 'swethy', 'kim131', 'dopkick', 'gjross', 'mdsnyder', 'srettber', 'akhilesh', 'rkv0000', 'nrrojas', 'jaycrayz', 'pateldm', 'jskim', 'jtill04', 'sundeepvem', 'wnoh', 'pbayuart', 'czahner', 'samkothari79', 'rparisi', 'mharger', 'asudibyo', 'skovich', 'taylorcl', 'bdannan', 'kklacik', 'gpajot', 'john3636', 'bsyoder', 'lpuglisi', 'gutierjm', 'joeblu', 'Fisher']",0,[],181,"['gbalmer', 'mrhee', 'mwarsco', 'tmoffitt', 'jones105', 'deetman', 'kdaiya', 'bashir', 'sageorge', 'sprashan', 'nmisiuna', 'lcowsert', 'jdickers', 'rachitbiyani', 'mickcrowley', 'nlabianc', 'parimal', 'dtruax', 'singapaul', 'chermawi', 'hiddendecoy', 'gzarse', 'dhum', 'chaines', 'terran010', 'MurphyAKL', 'rsherloc', 'zer0xxx', 'spgreene', 'arorar', 'lpeterus', 'wangyangboy', 'Zarastra', 'judoma', 'docdaa008', 'camyers', 'dergan', 'zeich', 'chadhag', 'mhain', 'sstreete', 'jgu', 'smith571', 'trs4ece', 'longja', 'sbach', 'bskorupa', 'wehlhard', 'csrockerzero', 'dube0', 'dplamber', 'pmongkol', 'rahoward', 'bache', 'ajrobiso', 'hsvasi', 'lmertes', 'wang209', 'xmzhang', 'wow676', 'rtrusty', 'freedomjustice', 'stoneagelove', 'aforkner', 'astacy', 'et279', 'gshaw', 'mille177', 'fuzzy_maraca77', 'Bache', 'jsommer', 'han45', 'bmroozia', 'spamilton1', 'bsparson', 'dvanclev', 'bsarlitt', 'ebuysse', 'anraj', 'tdjanoko', 'zconvers', 'Jabzg', 'nchirla', 'millies', 'nannachh', 'jshahid', 'danielac', 'ahermann', 'dulmes', 'sonicalflair', 'kyangchul', 'ashayat', 'acallawa', 'zarastra', 'dsutherl', 'ormgi', 'tcollopy', 'nanohueb', 'dgrothe', 'aashi', 'jkurasz', 'jsterlin', 'obernada', 'cabault', 'ttho', 'seshaw', 'chang61', 'griffinm', 'smchaudh', 'zer0xXx', 'pranaynanda', 'johns180', 'ftanjono', 'gustaf89', 'jackfrost9p', 'vinsma', 'lai', 'elric22', 'dmmitche', 'jwetheri', 'babaumga', 'alayi', 'jidthekid', 'apuri', 'npanitch', 'mamitche', 'ahartnet', 'mtanoto', 'mtummala', 'kelkwa11', 'mrmillz', 'jkalbfle', 'spank_fusion', 'ajplaymaker', 'jostendo', 'atruesde', 'irony59', 'kbussmann', 'wizdh', 'jgries', 'werman691', 'brunner2112', 'kim130', 'romanchd', 'swethy', 'kim131', 'dopkick', 'gjross', 'mdsnyder', 'srettber', 'kassovic', 'JoeBlu', 'akhilesh', 'rkv0000', 'nrrojas', 'jaycrayz', 'pateldm', 'sdidla', 'jskim', 'jtill04', 'sundeepvem', 'wnoh', 'pbayuart', 'czahner', 'samkothari79', 'rparisi', 'mharger', 'asudibyo', 'skovich', 'taylorcl', 'bdannan', 'ezarowny', 'kklacik', 'gpajot', 'john3636', 'bsyoder', 'lpuglisi', 'gutierjm', 'somacroy', 'joeblu', 'Fisher']"
2,57,181,13,10,"['lcowsert', 'dhum', 'jdickers', 'jkalbfle', 'smith571', 'dopkick', 'ajplaymaker', 'ahermann', 'nmisiuna', 'jtill04']",171,"['gbalmer', 'mrhee', 'mwarsco', 'tmoffitt', 'jones105', 'deetman', 'kdaiya', 'bashir', 'sageorge', 'sprashan', 'rachitbiyani', 'mickcrowley', 'nlabianc', 'parimal', 'dtruax', 'singapaul', 'chermawi', 'hiddendecoy', 'gzarse', 'chaines', 'terran010', 'MurphyAKL', 'rsherloc', 'zer0xxx', 'spgreene', 'arorar', 'lpeterus', 'wangyangboy', 'Zarastra', 'judoma', 'docdaa008', 'camyers', 'dergan', 'zeich', 'chadhag', 'mhain', 'sstreete', 'jgu', 'trs4ece', 'longja', 'sbach', 'bskorupa', 'wehlhard', 'csrockerzero', 'dube0', 'dplamber', 'pmongkol', 'rahoward', 'bache', 'ajrobiso', 'hsvasi', 'lmertes', 'wang209', 'xmzhang', 'wow676', 'rtrusty', 'freedomjustice', 'stoneagelove', 'aforkner', 'astacy', 'et279', 'gshaw', 'mille177', 'fuzzy_maraca77', 'Bache', 'jsommer', 'han45', 'bmroozia', 'spamilton1', 'bsparson', 'dvanclev', 'bsarlitt', 'ebuysse', 'anraj', 'tdjanoko', 'zconvers', 'Jabzg', 'nchirla', 'millies', 'nannachh', 'jshahid', 'danielac', 'dulmes', 'sonicalflair', 'kyangchul', 'ashayat', 'acallawa', 'zarastra', 'dsutherl', 'ormgi', 'tcollopy', 'nanohueb', 'dgrothe', 'aashi', 'jkurasz', 'jsterlin', 'obernada', 'cabault', 'ttho', 'seshaw', 'chang61', 'griffinm', 'smchaudh', 'zer0xXx', 'pranaynanda', 'johns180', 'ftanjono', 'gustaf89', 'jackfrost9p', 'vinsma', 'lai', 'elric22', 'dmmitche', 'jwetheri', 'babaumga', 'alayi', 'jidthekid', 'apuri', 'npanitch', 'mamitche', 'ahartnet', 'mtanoto', 'mtummala', 'kelkwa11', 'mrmillz', 'spank_fusion', 'jostendo', 'atruesde', 'irony59', 'kbussmann', 'wizdh', 'jgries', 'werman691', 'brunner2112', 'kim130', 'romanchd', 'swethy', 'kim131', 'gjross', 'mdsnyder', 'srettber', 'kassovic', 'JoeBlu', 'akhilesh', 'rkv0000', 'nrrojas', 'jaycrayz', 'pateldm', 'sdidla', 'jskim', 'sundeepvem', 'wnoh', 'pbayuart', 'czahner', 'samkothari79', 'rparisi', 'mharger', 'asudibyo', 'skovich', 'taylorcl', 'bdannan', 'ezarowny', 'kklacik', 'gpajot', 'john3636', 'bsyoder', 'lpuglisi', 'gutierjm', 'somacroy', 'joeblu', 'Fisher']",3,"['mswallow', 'neudeck', 'dmsnell']",184,"['gbalmer', 'mrhee', 'mwarsco', 'tmoffitt', 'jones105', 'deetman', 'kdaiya', 'bashir', 'sageorge', 'sprashan', 'nmisiuna', 'lcowsert', 'jdickers', 'rachitbiyani', 'mickcrowley', 'nlabianc', 'parimal', 'dtruax', 'singapaul', 'chermawi', 'hiddendecoy', 'gzarse', 'dhum', 'chaines', 'terran010', 'MurphyAKL', 'rsherloc', 'zer0xxx', 'spgreene', 'arorar', 'lpeterus', 'wangyangboy', 'Zarastra', 'judoma', 'docdaa008', 'camyers', 'dergan', 'zeich', 'chadhag', 'mhain', 'sstreete', 'dmsnell', 'jgu', 'smith571', 'trs4ece', 'longja', 'sbach', 'bskorupa', 'wehlhard', 'csrockerzero', 'dube0', 'dplamber', 'pmongkol', 'rahoward', 'bache', 'ajrobiso', 'hsvasi', 'lmertes', 'wang209', 'xmzhang', 'wow676', 'rtrusty', 'freedomjustice', 'stoneagelove', 'aforkner', 'astacy', 'et279', 'gshaw', 'mille177', 'fuzzy_maraca77', 'Bache', 'jsommer', 'han45', 'bmroozia', 'spamilton1', 'bsparson', 'dvanclev', 'bsarlitt', 'ebuysse', 'anraj', 'tdjanoko', 'zconvers', 'Jabzg', 'nchirla', 'millies', 'nannachh', 'jshahid', 'danielac', 'ahermann', 'dulmes', 'sonicalflair', 'kyangchul', 'ashayat', 'acallawa', 'zarastra', 'dsutherl', 'ormgi', 'tcollopy', 'nanohueb', 'dgrothe', 'aashi', 'jkurasz', 'jsterlin', 'obernada', 'cabault', 'ttho', 'seshaw', 'chang61', 'griffinm', 'smchaudh', 'zer0xXx', 'pranaynanda', 'johns180', 'ftanjono', 'gustaf89', 'jackfrost9p', 'vinsma', 'lai', 'elric22', 'dmmitche', 'jwetheri', 'neudeck', 'babaumga', 'alayi', 'jidthekid', 'apuri', 'npanitch', 'mamitche', 'ahartnet', 'mtanoto', 'mtummala', 'mswallow', 'kelkwa11', 'mrmillz', 'jkalbfle', 'spank_fusion', 'ajplaymaker', 'jostendo', 'atruesde', 'irony59', 'kbussmann', 'wizdh', 'jgries', 'werman691', 'brunner2112', 'kim130', 'romanchd', 'swethy', 'kim131', 'dopkick', 'gjross', 'mdsnyder', 'srettber', 'kassovic', 'JoeBlu', 'akhilesh', 'rkv0000', 'nrrojas', 'jaycrayz', 'pateldm', 'sdidla', 'jskim', 'jtill04', 'sundeepvem', 'wnoh', 'pbayuart', 'czahner', 'samkothari79', 'rparisi', 'mharger', 'asudibyo', 'skovich', 'taylorcl', 'bdannan', 'ezarowny', 'kklacik', 'gpajot', 'john3636', 'bsyoder', 'lpuglisi', 'gutierjm', 'somacroy', 'joeblu', 'Fisher']"
2,65,181,13,12,"['gbalmer', 'romanchd', 'MurphyAKL', 'jsommer', 'spamilton1', 'bsparson', 'sageorge', 'ftanjono', 'ajrobiso', 'camyers', 'somacroy', 'ebuysse']",169,"['mrhee', 'mwarsco', 'tmoffitt', 'jones105', 'deetman', 'kdaiya', 'bashir', 'sprashan', 'nmisiuna', 'lcowsert', 'jdickers', 'rachitbiyani', 'mickcrowley', 'nlabianc', 'parimal', 'dtruax', 'singapaul', 'chermawi', 'hiddendecoy', 'gzarse', 'dhum', 'chaines', 'terran010', 'rsherloc', 'zer0xxx', 'spgreene', 'arorar', 'lpeterus', 'wangyangboy', 'Zarastra', 'judoma', 'docdaa008', 'dergan', 'zeich', 'chadhag', 'mhain', 'sstreete', 'jgu', 'smith571', 'trs4ece', 'longja', 'sbach', 'bskorupa', 'wehlhard', 'csrockerzero', 'dube0', 'dplamber', 'pmongkol', 'rahoward', 'bache', 'hsvasi', 'lmertes', 'wang209', 'xmzhang', 'wow676', 'rtrusty', 'freedomjustice', 'stoneagelove', 'aforkner', 'astacy', 'et279', 'gshaw', 'mille177', 'fuzzy_maraca77', 'Bache', 'han45', 'bmroozia', 'dvanclev', 'bsarlitt', 'anraj', 'tdjanoko', 'zconvers', 'Jabzg', 'nchirla', 'millies', 'nannachh', 'jshahid', 'danielac', 'ahermann', 'dulmes', 'sonicalflair', 'kyangchul', 'ashayat', 'acallawa', 'zarastra', 'dsutherl', 'ormgi', 'tcollopy', 'nanohueb', 'dgrothe', 'aashi', 'jkurasz', 'jsterlin', 'obernada', 'cabault', 'ttho', 'seshaw', 'chang61', 'griffinm', 'smchaudh', 'zer0xXx', 'pranaynanda', 'johns180', 'gustaf89', 'jackfrost9p', 'vinsma', 'lai', 'elric22', 'dmmitche', 'jwetheri', 'babaumga', 'alayi', 'jidthekid', 'apuri', 'npanitch', 'mamitche', 'ahartnet', 'mtanoto', 'mtummala', 'kelkwa11', 'mrmillz', 'jkalbfle', 'spank_fusion', 'ajplaymaker', 'jostendo', 'atruesde', 'irony59', 'kbussmann', 'wizdh', 'jgries', 'werman691', 'brunner2112', 'kim130', 'swethy', 'kim131', 'dopkick', 'gjross', 'mdsnyder', 'srettber', 'kassovic', 'JoeBlu', 'akhilesh', 'rkv0000', 'nrrojas', 'jaycrayz', 'pateldm', 'sdidla', 'jskim', 'jtill04', 'sundeepvem', 'wnoh', 'pbayuart', 'czahner', 'samkothari79', 'rparisi', 'mharger', 'asudibyo', 'skovich', 'taylorcl', 'bdannan', 'ezarowny', 'kklacik', 'gpajot', 'john3636', 'bsyoder', 'lpuglisi', 'gutierjm', 'joeblu', 'Fisher']",1,['acgautam'],182,"['gbalmer', 'mrhee', 'mwarsco', 'tmoffitt', 'jones105', 'deetman', 'kdaiya', 'bashir', 'sageorge', 'sprashan', 'nmisiuna', 'lcowsert', 'jdickers', 'rachitbiyani', 'mickcrowley', 'nlabianc', 'parimal', 'dtruax', 'singapaul', 'chermawi', 'hiddendecoy', 'gzarse', 'dhum', 'chaines', 'terran010', 'MurphyAKL', 'rsherloc', 'zer0xxx', 'spgreene', 'arorar', 'lpeterus', 'wangyangboy', 'Zarastra', 'judoma', 'docdaa008', 'camyers', 'dergan', 'zeich', 'chadhag', 'mhain', 'sstreete', 'jgu', 'smith571', 'acgautam', 'trs4ece', 'longja', 'sbach', 'bskorupa', 'wehlhard', 'csrockerzero', 'dube0', 'dplamber', 'pmongkol', 'rahoward', 'bache', 'ajrobiso', 'hsvasi', 'lmertes', 'wang209', 'xmzhang', 'wow676', 'rtrusty', 'freedomjustice', 'stoneagelove', 'aforkner', 'astacy', 'et279', 'gshaw', 'mille177', 'fuzzy_maraca77', 'Bache', 'jsommer', 'han45', 'bmroozia', 'spamilton1', 'bsparson', 'dvanclev', 'bsarlitt', 'ebuysse', 'anraj', 'tdjanoko', 'zconvers', 'Jabzg', 'nchirla', 'millies', 'nannachh', 'jshahid', 'danielac', 'ahermann', 'dulmes', 'sonicalflair', 'kyangchul', 'ashayat', 'acallawa', 'zarastra', 'dsutherl', 'ormgi', 'tcollopy', 'nanohueb', 'dgrothe', 'aashi', 'jkurasz', 'jsterlin', 'obernada', 'cabault', 'ttho', 'seshaw', 'chang61', 'griffinm', 'smchaudh', 'zer0xXx', 'pranaynanda', 'johns180', 'ftanjono', 'gustaf89', 'jackfrost9p', 'vinsma', 'lai', 'elric22', 'dmmitche', 'jwetheri', 'babaumga', 'alayi', 'jidthekid', 'apuri', 'npanitch', 'mamitche', 'ahartnet', 'mtanoto', 'mtummala', 'kelkwa11', 'mrmillz', 'jkalbfle', 'spank_fusion', 'ajplaymaker', 'jostendo', 'atruesde', 'irony59', 'kbussmann', 'wizdh', 'jgries', 'werman691', 'brunner2112', 'kim130', 'romanchd', 'swethy', 'kim131', 'dopkick', 'gjross', 'mdsnyder', 'srettber', 'kassovic', 'JoeBlu', 'akhilesh', 'rkv0000', 'nrrojas', 'jaycrayz', 'pateldm', 'sdidla', 'jskim', 'jtill04', 'sundeepvem', 'wnoh', 'pbayuart', 'czahner', 'samkothari79', 'rparisi', 'mharger', 'asudibyo', 'skovich', 'taylorcl', 'bdannan', 'ezarowny', 'kklacik', 'gpajot', 'john3636', 'bsyoder', 'lpuglisi', 'gutierjm', 'somacroy', 'joeblu', 'Fisher']"
2,71,181,13,10,"['dergan', 'sonicalflair', 'mamitche', 'aforkner', 'et279', 'wizdh', 'jkurasz', 'somacroy', 'chermawi', 'ebuysse']",171,"['gbalmer', 'mrhee', 'mwarsco', 'tmoffitt', 'jones105', 'deetman', 'kdaiya', 'bashir', 'sageorge', 'sprashan', 'nmisiuna', 'lcowsert', 'jdickers', 'rachitbiyani', 'mickcrowley', 'nlabianc', 'parimal', 'dtruax', 'singapaul', 'hiddendecoy', 'gzarse', 'dhum', 'chaines', 'terran010', 'MurphyAKL', 'rsherloc', 'zer0xxx', 'spgreene', 'arorar', 'lpeterus', 'wangyangboy', 'Zarastra', 'judoma', 'docdaa008', 'camyers', 'zeich', 'chadhag', 'mhain', 'sstreete', 'jgu', 'smith571', 'trs4ece', 'longja', 'sbach', 'bskorupa', 'wehlhard', 'csrockerzero', 'dube0', 'dplamber', 'pmongkol', 'rahoward', 'bache', 'ajrobiso', 'hsvasi', 'lmertes', 'wang209', 'xmzhang', 'wow676', 'rtrusty', 'freedomjustice', 'stoneagelove', 'astacy', 'gshaw', 'mille177', 'fuzzy_maraca77', 'Bache', 'jsommer', 'han45', 'bmroozia', 'spamilton1', 'bsparson', 'dvanclev', 'bsarlitt', 'anraj', 'tdjanoko', 'zconvers', 'Jabzg', 'nchirla', 'millies', 'nannachh', 'jshahid', 'danielac', 'ahermann', 'dulmes', 'kyangchul', 'ashayat', 'acallawa', 'zarastra', 'dsutherl', 'ormgi', 'tcollopy', 'nanohueb', 'dgrothe', 'aashi', 'jsterlin', 'obernada', 'cabault', 'ttho', 'seshaw', 'chang61', 'griffinm', 'smchaudh', 'zer0xXx', 'pranaynanda', 'johns180', 'ftanjono', 'gustaf89', 'jackfrost9p', 'vinsma', 'lai', 'elric22', 'dmmitche', 'jwetheri', 'babaumga', 'alayi', 'jidthekid', 'apuri', 'npanitch', 'ahartnet', 'mtanoto', 'mtummala', 'kelkwa11', 'mrmillz', 'jkalbfle', 'spank_fusion', 'ajplaymaker', 'jostendo', 'atruesde', 'irony59', 'kbussmann', 'jgries', 'werman691', 'brunner2112', 'kim130', 'romanchd', 'swethy', 'kim131', 'dopkick', 'gjross', 'mdsnyder', 'srettber', 'kassovic', 'JoeBlu', 'akhilesh', 'rkv0000', 'nrrojas', 'jaycrayz', 'pateldm', 'sdidla', 'jskim', 'jtill04', 'sundeepvem', 'wnoh', 'pbayuart', 'czahner', 'samkothari79', 'rparisi', 'mharger', 'asudibyo', 'skovich', 'taylorcl', 'bdannan', 'ezarowny', 'kklacik', 'gpajot', 'john3636', 'bsyoder', 'lpuglisi', 'gutierjm', 'joeblu', 'Fisher']",3,"['pjyoti', 'smillies', 'thatmushroom']",184,"['gbalmer', 'mrhee', 'mwarsco', 'tmoffitt', 'jones105', 'deetman', 'kdaiya', 'bashir', 'sageorge', 'sprashan', 'nmisiuna', 'lcowsert', 'jdickers', 'rachitbiyani', 'mickcrowley', 'nlabianc', 'parimal', 'dtruax', 'singapaul', 'chermawi', 'hiddendecoy', 'gzarse', 'dhum', 'chaines', 'terran010', 'MurphyAKL', 'rsherloc', 'zer0xxx', 'spgreene', 'arorar', 'lpeterus', 'wangyangboy', 'Zarastra', 'judoma', 'docdaa008', 'camyers', 'dergan', 'zeich', 'chadhag', 'mhain', 'sstreete', 'thatmushroom', 'jgu', 'smith571', 'trs4ece', 'longja', 'sbach', 'bskorupa', 'wehlhard', 'csrockerzero', 'dube0', 'dplamber', 'smillies', 'pmongkol', 'rahoward', 'bache', 'ajrobiso', 'hsvasi', 'lmertes', 'wang209', 'xmzhang', 'wow676', 'rtrusty', 'freedomjustice', 'stoneagelove', 'aforkner', 'astacy', 'et279', 'gshaw', 'mille177', 'fuzzy_maraca77', 'Bache', 'jsommer', 'han45', 'bmroozia', 'spamilton1', 'bsparson', 'dvanclev', 'bsarlitt', 'ebuysse', 'anraj', 'tdjanoko', 'zconvers', 'Jabzg', 'nchirla', 'millies', 'nannachh', 'jshahid', 'danielac', 'ahermann', 'dulmes', 'sonicalflair', 'kyangchul', 'ashayat', 'acallawa', 'zarastra', 'dsutherl', 'ormgi', 'tcollopy', 'nanohueb', 'dgrothe', 'aashi', 'jkurasz', 'jsterlin', 'obernada', 'cabault', 'ttho', 'seshaw', 'chang61', 'griffinm', 'smchaudh', 'zer0xXx', 'pranaynanda', 'johns180', 'ftanjono', 'gustaf89', 'jackfrost9p', 'vinsma', 'lai', 'elric22', 'dmmitche', 'jwetheri', 'babaumga', 'alayi', 'jidthekid', 'apuri', 'npanitch', 'mamitche', 'ahartnet', 'mtanoto', 'mtummala', 'kelkwa11', 'mrmillz', 'jkalbfle', 'spank_fusion', 'ajplaymaker', 'jostendo', 'atruesde', 'irony59', 'kbussmann', 'wizdh', 'jgries', 'werman691', 'brunner2112', 'pjyoti', 'kim130', 'romanchd', 'swethy', 'kim131', 'dopkick', 'gjross', 'mdsnyder', 'srettber', 'kassovic', 'JoeBlu', 'akhilesh', 'rkv0000', 'nrrojas', 'jaycrayz', 'pateldm', 'sdidla', 'jskim', 'jtill04', 'sundeepvem', 'wnoh', 'pbayuart', 'czahner', 'samkothari79', 'rparisi', 'mharger', 'asudibyo', 'skovich', 'taylorcl', 'bdannan', 'ezarowny', 'kklacik', 'gpajot', 'john3636', 'bsyoder', 'lpuglisi', 'gutierjm', 'somacroy', 'joeblu', 'Fisher']"
2,62,181,12,10,"['lcowsert', 'smchaudh', 'chaines', 'smith571', 'dopkick', 'han45', 'gjross', 'astacy', 'dvanclev', 'sprashan']",171,"['gbalmer', 'mrhee', 'mwarsco', 'tmoffitt', 'jones105', 'deetman', 'kdaiya', 'bashir', 'sageorge', 'nmisiuna', 'jdickers', 'rachitbiyani', 'mickcrowley', 'nlabianc', 'parimal', 'dtruax', 'singapaul', 'chermawi', 'hiddendecoy', 'gzarse', 'dhum', 'terran010', 'MurphyAKL', 'rsherloc', 'zer0xxx', 'spgreene', 'arorar', 'lpeterus', 'wangyangboy', 'Zarastra', 'judoma', 'docdaa008', 'camyers', 'dergan', 'zeich', 'chadhag', 'mhain', 'sstreete', 'jgu', 'trs4ece', 'longja', 'sbach', 'bskorupa', 'wehlhard', 'csrockerzero', 'dube0', 'dplamber', 'pmongkol', 'rahoward', 'bache', 'ajrobiso', 'hsvasi', 'lmertes', 'wang209', 'xmzhang', 'wow676', 'rtrusty', 'freedomjustice', 'stoneagelove', 'aforkner', 'et279', 'gshaw', 'mille177', 'fuzzy_maraca77', 'Bache', 'jsommer', 'bmroozia', 'spamilton1', 'bsparson', 'bsarlitt', 'ebuysse', 'anraj', 'tdjanoko', 'zconvers', 'Jabzg', 'nchirla', 'millies', 'nannachh', 'jshahid', 'danielac', 'ahermann', 'dulmes', 'sonicalflair', 'kyangchul', 'ashayat', 'acallawa', 'zarastra', 'dsutherl', 'ormgi', 'tcollopy', 'nanohueb', 'dgrothe', 'aashi', 'jkurasz', 'jsterlin', 'obernada', 'cabault', 'ttho', 'seshaw', 'chang61', 'griffinm', 'zer0xXx', 'pranaynanda', 'johns180', 'ftanjono', 'gustaf89', 'jackfrost9p', 'vinsma', 'lai', 'elric22', 'dmmitche', 'jwetheri', 'babaumga', 'alayi', 'jidthekid', 'apuri', 'npanitch', 'mamitche', 'ahartnet', 'mtanoto', 'mtummala', 'kelkwa11', 'mrmillz', 'jkalbfle', 'spank_fusion', 'ajplaymaker', 'jostendo', 'atruesde', 'irony59', 'kbussmann', 'wizdh', 'jgries', 'werman691', 'brunner2112', 'kim130', 'romanchd', 'swethy', 'kim131', 'mdsnyder', 'srettber', 'kassovic', 'JoeBlu', 'akhilesh', 'rkv0000', 'nrrojas', 'jaycrayz', 'pateldm', 'sdidla', 'jskim', 'jtill04', 'sundeepvem', 'wnoh', 'pbayuart', 'czahner', 'samkothari79', 'rparisi', 'mharger', 'asudibyo', 'skovich', 'taylorcl', 'bdannan', 'ezarowny', 'kklacik', 'gpajot', 'john3636', 'bsyoder', 'lpuglisi', 'gutierjm', 'somacroy', 'joeblu', 'Fisher']",2,"['neudeck', 'adarmans']",183,"['gbalmer', 'mrhee', 'mwarsco', 'tmoffitt', 'jones105', 'deetman', 'kdaiya', 'bashir', 'sageorge', 'sprashan', 'nmisiuna', 'lcowsert', 'jdickers', 'rachitbiyani', 'mickcrowley', 'nlabianc', 'parimal', 'dtruax', 'singapaul', 'chermawi', 'hiddendecoy', 'gzarse', 'dhum', 'chaines', 'terran010', 'MurphyAKL', 'rsherloc', 'zer0xxx', 'spgreene', 'arorar', 'lpeterus', 'wangyangboy', 'Zarastra', 'judoma', 'docdaa008', 'camyers', 'dergan', 'zeich', 'chadhag', 'mhain', 'sstreete', 'jgu', 'smith571', 'trs4ece', 'longja', 'sbach', 'bskorupa', 'wehlhard', 'csrockerzero', 'dube0', 'dplamber', 'pmongkol', 'rahoward', 'bache', 'ajrobiso', 'hsvasi', 'lmertes', 'wang209', 'xmzhang', 'wow676', 'rtrusty', 'freedomjustice', 'stoneagelove', 'aforkner', 'astacy', 'et279', 'gshaw', 'mille177', 'fuzzy_maraca77', 'Bache', 'jsommer', 'han45', 'bmroozia', 'spamilton1', 'bsparson', 'dvanclev', 'bsarlitt', 'ebuysse', 'anraj', 'tdjanoko', 'zconvers', 'Jabzg', 'adarmans', 'nchirla', 'millies', 'nannachh', 'jshahid', 'danielac', 'ahermann', 'dulmes', 'sonicalflair', 'kyangchul', 'ashayat', 'acallawa', 'zarastra', 'dsutherl', 'ormgi', 'tcollopy', 'nanohueb', 'dgrothe', 'aashi', 'jkurasz', 'jsterlin', 'obernada', 'cabault', 'ttho', 'seshaw', 'chang61', 'griffinm', 'smchaudh', 'zer0xXx', 'pranaynanda', 'johns180', 'ftanjono', 'gustaf89', 'jackfrost9p', 'vinsma', 'lai', 'elric22', 'dmmitche', 'jwetheri', 'neudeck', 'babaumga', 'alayi', 'jidthekid', 'apuri', 'npanitch', 'mamitche', 'ahartnet', 'mtanoto', 'mtummala', 'kelkwa11', 'mrmillz', 'jkalbfle', 'spank_fusion', 'ajplaymaker', 'jostendo', 'atruesde', 'irony59', 'kbussmann', 'wizdh', 'jgries', 'werman691', 'brunner2112', 'kim130', 'romanchd', 'swethy', 'kim131', 'dopkick', 'gjross', 'mdsnyder', 'srettber', 'kassovic', 'JoeBlu', 'akhilesh', 'rkv0000', 'nrrojas', 'jaycrayz', 'pateldm', 'sdidla', 'jskim', 'jtill04', 'sundeepvem', 'wnoh', 'pbayuart', 'czahner', 'samkothari79', 'rparisi', 'mharger', 'asudibyo', 'skovich', 'taylorcl', 'bdannan', 'ezarowny', 'kklacik', 'gpajot', 'john3636', 'bsyoder', 'lpuglisi', 'gutierjm', 'somacroy', 'joeblu', 'Fisher']"
2,58,181,11,11,"['alayi', 'rparisi', 'MurphyAKL', 'spamilton1', 'judoma', 'sageorge', 'bsparson', 'nlabianc', 'ajrobiso', 'docdaa008', 'camyers']",170,"['gbalmer', 'mrhee', 'mwarsco', 'tmoffitt', 'jones105', 'deetman', 'kdaiya', 'bashir', 'sprashan', 'nmisiuna', 'lcowsert', 'jdickers', 'rachitbiyani', 'mickcrowley', 'parimal', 'dtruax', 'singapaul', 'chermawi', 'hiddendecoy', 'gzarse', 'dhum', 'chaines', 'terran010', 'rsherloc', 'zer0xxx', 'spgreene', 'arorar', 'lpeterus', 'wangyangboy', 'Zarastra', 'dergan', 'zeich', 'chadhag', 'mhain', 'sstreete', 'jgu', 'smith571', 'trs4ece', 'longja', 'sbach', 'bskorupa', 'wehlhard', 'csrockerzero', 'dube0', 'dplamber', 'pmongkol', 'rahoward', 'bache', 'hsvasi', 'lmertes', 'wang209', 'xmzhang', 'wow676', 'rtrusty', 'freedomjustice', 'stoneagelove', 'aforkner', 'astacy', 'et279', 'gshaw', 'mille177', 'fuzzy_maraca77', 'Bache', 'jsommer', 'han45', 'bmroozia', 'dvanclev', 'bsarlitt', 'ebuysse', 'anraj', 'tdjanoko', 'zconvers', 'Jabzg', 'nchirla', 'millies', 'nannachh', 'jshahid', 'danielac', 'ahermann', 'dulmes', 'sonicalflair', 'kyangchul', 'ashayat', 'acallawa', 'zarastra', 'dsutherl', 'ormgi', 'tcollopy', 'nanohueb', 'dgrothe', 'aashi', 'jkurasz', 'jsterlin', 'obernada', 'cabault', 'ttho', 'seshaw', 'chang61', 'griffinm', 'smchaudh', 'zer0xXx', 'pranaynanda', 'johns180', 'ftanjono', 'gustaf89', 'jackfrost9p', 'vinsma', 'lai', 'elric22', 'dmmitche', 'jwetheri', 'babaumga', 'jidthekid', 'apuri', 'npanitch', 'mamitche', 'ahartnet', 'mtanoto', 'mtummala', 'kelkwa11', 'mrmillz', 'jkalbfle', 'spank_fusion', 'ajplaymaker', 'jostendo', 'atruesde', 'irony59', 'kbussmann', 'wizdh', 'jgries', 'werman691', 'brunner2112', 'kim130', 'romanchd', 'swethy', 'kim131', 'dopkick', 'gjross', 'mdsnyder', 'srettber', 'kassovic', 'JoeBlu', 'akhilesh', 'rkv0000', 'nrrojas', 'jaycrayz', 'pateldm', 'sdidla', 'jskim', 'jtill04', 'sundeepvem', 'wnoh', 'pbayuart', 'czahner', 'samkothari79', 'mharger', 'asudibyo', 'skovich', 'taylorcl', 'bdannan', 'ezarowny', 'kklacik', 'gpajot', 'john3636', 'bsyoder', 'lpuglisi', 'gutierjm', 'somacroy', 'joeblu', 'Fisher']",0,[],181,"['gbalmer', 'mrhee', 'mwarsco', 'tmoffitt', 'jones105', 'deetman', 'kdaiya', 'bashir', 'sageorge', 'sprashan', 'nmisiuna', 'lcowsert', 'jdickers', 'rachitbiyani', 'mickcrowley', 'nlabianc', 'parimal', 'dtruax', 'singapaul', 'chermawi', 'hiddendecoy', 'gzarse', 'dhum', 'chaines', 'terran010', 'MurphyAKL', 'rsherloc', 'zer0xxx', 'spgreene', 'arorar', 'lpeterus', 'wangyangboy', 'Zarastra', 'judoma', 'docdaa008', 'camyers', 'dergan', 'zeich', 'chadhag', 'mhain', 'sstreete', 'jgu', 'smith571', 'trs4ece', 'longja', 'sbach', 'bskorupa', 'wehlhard', 'csrockerzero', 'dube0', 'dplamber', 'pmongkol', 'rahoward', 'bache', 'ajrobiso', 'hsvasi', 'lmertes', 'wang209', 'xmzhang', 'wow676', 'rtrusty', 'freedomjustice', 'stoneagelove', 'aforkner', 'astacy', 'et279', 'gshaw', 'mille177', 'fuzzy_maraca77', 'Bache', 'jsommer', 'han45', 'bmroozia', 'spamilton1', 'bsparson', 'dvanclev', 'bsarlitt', 'ebuysse', 'anraj', 'tdjanoko', 'zconvers', 'Jabzg', 'nchirla', 'millies', 'nannachh', 'jshahid', 'danielac', 'ahermann', 'dulmes', 'sonicalflair', 'kyangchul', 'ashayat', 'acallawa', 'zarastra', 'dsutherl', 'ormgi', 'tcollopy', 'nanohueb', 'dgrothe', 'aashi', 'jkurasz', 'jsterlin', 'obernada', 'cabault', 'ttho', 'seshaw', 'chang61', 'griffinm', 'smchaudh', 'zer0xXx', 'pranaynanda', 'johns180', 'ftanjono', 'gustaf89', 'jackfrost9p', 'vinsma', 'lai', 'elric22', 'dmmitche', 'jwetheri', 'babaumga', 'alayi', 'jidthekid', 'apuri', 'npanitch', 'mamitche', 'ahartnet', 'mtanoto', 'mtummala', 'kelkwa11', 'mrmillz', 'jkalbfle', 'spank_fusion', 'ajplaymaker', 'jostendo', 'atruesde', 'irony59', 'kbussmann', 'wizdh', 'jgries', 'werman691', 'brunner2112', 'kim130', 'romanchd', 'swethy', 'kim131', 'dopkick', 'gjross', 'mdsnyder', 'srettber', 'kassovic', 'JoeBlu', 'akhilesh', 'rkv0000', 'nrrojas', 'jaycrayz', 'pateldm', 'sdidla', 'jskim', 'jtill04', 'sundeepvem', 'wnoh', 'pbayuart', 'czahner', 'samkothari79', 'rparisi', 'mharger', 'asudibyo', 'skovich', 'taylorcl', 'bdannan', 'ezarowny', 'kklacik', 'gpajot', 'john3636', 'bsyoder', 'lpuglisi', 'gutierjm', 'somacroy', 'joeblu', 'Fisher']"
2,64,181,9,9,"['babaumga', 'mamitche', 'lpeterus', 'kassovic', 'aforkner', 'et279', 'wizdh', 'somacroy', 'ebuysse']",172,"['gbalmer', 'mrhee', 'mwarsco', 'tmoffitt', 'jones105', 'deetman', 'kdaiya', 'bashir', 'sageorge', 'sprashan', 'nmisiuna', 'lcowsert', 'jdickers', 'rachitbiyani', 'mickcrowley', 'nlabianc', 'parimal', 'dtruax', 'singapaul', 'chermawi', 'hiddendecoy', 'gzarse', 'dhum', 'chaines', 'terran010', 'MurphyAKL', 'rsherloc', 'zer0xxx', 'spgreene', 'arorar', 'wangyangboy', 'Zarastra', 'judoma', 'docdaa008', 'camyers', 'dergan', 'zeich', 'chadhag', 'mhain', 'sstreete', 'jgu', 'smith571', 'trs4ece', 'longja', 'sbach', 'bskorupa', 'wehlhard', 'csrockerzero', 'dube0', 'dplamber', 'pmongkol', 'rahoward', 'bache', 'ajrobiso', 'hsvasi', 'lmertes', 'wang209', 'xmzhang', 'wow676', 'rtrusty', 'freedomjustice', 'stoneagelove', 'astacy', 'gshaw', 'mille177', 'fuzzy_maraca77', 'Bache', 'jsommer', 'han45', 'bmroozia', 'spamilton1', 'bsparson', 'dvanclev', 'bsarlitt', 'anraj', 'tdjanoko', 'zconvers', 'Jabzg', 'nchirla', 'millies', 'nannachh', 'jshahid', 'danielac', 'ahermann', 'dulmes', 'sonicalflair', 'kyangchul', 'ashayat', 'acallawa', 'zarastra', 'dsutherl', 'ormgi', 'tcollopy', 'nanohueb', 'dgrothe', 'aashi', 'jkurasz', 'jsterlin', 'obernada', 'cabault', 'ttho', 'seshaw', 'chang61', 'griffinm', 'smchaudh', 'zer0xXx', 'pranaynanda', 'johns180', 'ftanjono', 'gustaf89', 'jackfrost9p', 'vinsma', 'lai', 'elric22', 'dmmitche', 'jwetheri', 'alayi', 'jidthekid', 'apuri', 'npanitch', 'ahartnet', 'mtanoto', 'mtummala', 'kelkwa11', 'mrmillz', 'jkalbfle', 'spank_fusion', 'ajplaymaker', 'jostendo', 'atruesde', 'irony59', 'kbussmann', 'jgries', 'werman691', 'brunner2112', 'kim130', 'romanchd', 'swethy', 'kim131', 'dopkick', 'gjross', 'mdsnyder', 'srettber', 'JoeBlu', 'akhilesh', 'rkv0000', 'nrrojas', 'jaycrayz', 'pateldm', 'sdidla', 'jskim', 'jtill04', 'sundeepvem', 'wnoh', 'pbayuart', 'czahner', 'samkothari79', 'rparisi', 'mharger', 'asudibyo', 'skovich', 'taylorcl', 'bdannan', 'ezarowny', 'kklacik', 'gpajot', 'john3636', 'bsyoder', 'lpuglisi', 'gutierjm', 'joeblu', 'Fisher']",0,[],181,"['gbalmer', 'mrhee', 'mwarsco', 'tmoffitt', 'jones105', 'deetman', 'kdaiya', 'bashir', 'sageorge', 'sprashan', 'nmisiuna', 'lcowsert', 'jdickers', 'rachitbiyani', 'mickcrowley', 'nlabianc', 'parimal', 'dtruax', 'singapaul', 'chermawi', 'hiddendecoy', 'gzarse', 'dhum', 'chaines', 'terran010', 'MurphyAKL', 'rsherloc', 'zer0xxx', 'spgreene', 'arorar', 'lpeterus', 'wangyangboy', 'Zarastra', 'judoma', 'docdaa008', 'camyers', 'dergan', 'zeich', 'chadhag', 'mhain', 'sstreete', 'jgu', 'smith571', 'trs4ece', 'longja', 'sbach', 'bskorupa', 'wehlhard', 'csrockerzero', 'dube0', 'dplamber', 'pmongkol', 'rahoward', 'bache', 'ajrobiso', 'hsvasi', 'lmertes', 'wang209', 'xmzhang', 'wow676', 'rtrusty', 'freedomjustice', 'stoneagelove', 'aforkner', 'astacy', 'et279', 'gshaw', 'mille177', 'fuzzy_maraca77', 'Bache', 'jsommer', 'han45', 'bmroozia', 'spamilton1', 'bsparson', 'dvanclev', 'bsarlitt', 'ebuysse', 'anraj', 'tdjanoko', 'zconvers', 'Jabzg', 'nchirla', 'millies', 'nannachh', 'jshahid', 'danielac', 'ahermann', 'dulmes', 'sonicalflair', 'kyangchul', 'ashayat', 'acallawa', 'zarastra', 'dsutherl', 'ormgi', 'tcollopy', 'nanohueb', 'dgrothe', 'aashi', 'jkurasz', 'jsterlin', 'obernada', 'cabault', 'ttho', 'seshaw', 'chang61', 'griffinm', 'smchaudh', 'zer0xXx', 'pranaynanda', 'johns180', 'ftanjono', 'gustaf89', 'jackfrost9p', 'vinsma', 'lai', 'elric22', 'dmmitche', 'jwetheri', 'babaumga', 'alayi', 'jidthekid', 'apuri', 'npanitch', 'mamitche', 'ahartnet', 'mtanoto', 'mtummala', 'kelkwa11', 'mrmillz', 'jkalbfle', 'spank_fusion', 'ajplaymaker', 'jostendo', 'atruesde', 'irony59', 'kbussmann', 'wizdh', 'jgries', 'werman691', 'brunner2112', 'kim130', 'romanchd', 'swethy', 'kim131', 'dopkick', 'gjross', 'mdsnyder', 'srettber', 'kassovic', 'JoeBlu', 'akhilesh', 'rkv0000', 'nrrojas', 'jaycrayz', 'pateldm', 'sdidla', 'jskim', 'jtill04', 'sundeepvem', 'wnoh', 'pbayuart', 'czahner', 'samkothari79', 'rparisi', 'mharger', 'asudibyo', 'skovich', 'taylorcl', 'bdannan', 'ezarowny', 'kklacik', 'gpajot', 'john3636', 'bsyoder', 'lpuglisi', 'gutierjm', 'somacroy', 'joeblu', 'Fisher']"
2,68,181,9,8,"['kdaiya', 'mamitche', 'aforkner', 'et279', 'wizdh', 'JoeBlu', 'dergan', 'joeblu']",173,"['gbalmer', 'mrhee', 'mwarsco', 'tmoffitt', 'jones105', 'deetman', 'bashir', 'sageorge', 'sprashan', 'nmisiuna', 'lcowsert', 'jdickers', 'rachitbiyani', 'mickcrowley', 'nlabianc', 'parimal', 'dtruax', 'singapaul', 'chermawi', 'hiddendecoy', 'gzarse', 'dhum', 'chaines', 'terran010', 'MurphyAKL', 'rsherloc', 'zer0xxx', 'spgreene', 'arorar', 'lpeterus', 'wangyangboy', 'Zarastra', 'judoma', 'docdaa008', 'camyers', 'zeich', 'chadhag', 'mhain', 'sstreete', 'jgu', 'smith571', 'trs4ece', 'longja', 'sbach', 'bskorupa', 'wehlhard', 'csrockerzero', 'dube0', 'dplamber', 'pmongkol', 'rahoward', 'bache', 'ajrobiso', 'hsvasi', 'lmertes', 'wang209', 'xmzhang', 'wow676', 'rtrusty', 'freedomjustice', 'stoneagelove', 'astacy', 'gshaw', 'mille177', 'fuzzy_maraca77', 'Bache', 'jsommer', 'han45', 'bmroozia', 'spamilton1', 'bsparson', 'dvanclev', 'bsarlitt', 'ebuysse', 'anraj', 'tdjanoko', 'zconvers', 'Jabzg', 'nchirla', 'millies', 'nannachh', 'jshahid', 'danielac', 'ahermann', 'dulmes', 'sonicalflair', 'kyangchul', 'ashayat', 'acallawa', 'zarastra', 'dsutherl', 'ormgi', 'tcollopy', 'nanohueb', 'dgrothe', 'aashi', 'jkurasz', 'jsterlin', 'obernada', 'cabault', 'ttho', 'seshaw', 'chang61', 'griffinm', 'smchaudh', 'zer0xXx', 'pranaynanda', 'johns180', 'ftanjono', 'gustaf89', 'jackfrost9p', 'vinsma', 'lai', 'elric22', 'dmmitche', 'jwetheri', 'babaumga', 'alayi', 'jidthekid', 'apuri', 'npanitch', 'ahartnet', 'mtanoto', 'mtummala', 'kelkwa11', 'mrmillz', 'jkalbfle', 'spank_fusion', 'ajplaymaker', 'jostendo', 'atruesde', 'irony59', 'kbussmann', 'jgries', 'werman691', 'brunner2112', 'kim130', 'romanchd', 'swethy', 'kim131', 'dopkick', 'gjross', 'mdsnyder', 'srettber', 'kassovic', 'akhilesh', 'rkv0000', 'nrrojas', 'jaycrayz', 'pateldm', 'sdidla', 'jskim', 'jtill04', 'sundeepvem', 'wnoh', 'pbayuart', 'czahner', 'samkothari79', 'rparisi', 'mharger', 'asudibyo', 'skovich', 'taylorcl', 'bdannan', 'ezarowny', 'kklacik', 'gpajot', 'john3636', 'bsyoder', 'lpuglisi', 'gutierjm', 'somacroy', 'Fisher']",1,['pjyoti'],182,"['gbalmer', 'mrhee', 'mwarsco', 'tmoffitt', 'jones105', 'deetman', 'kdaiya', 'bashir', 'sageorge', 'sprashan', 'nmisiuna', 'lcowsert', 'jdickers', 'rachitbiyani', 'mickcrowley', 'nlabianc', 'parimal', 'dtruax', 'singapaul', 'chermawi', 'hiddendecoy', 'gzarse', 'dhum', 'chaines', 'terran010', 'MurphyAKL', 'rsherloc', 'zer0xxx', 'spgreene', 'arorar', 'lpeterus', 'wangyangboy', 'Zarastra', 'judoma', 'docdaa008', 'camyers', 'dergan', 'zeich', 'chadhag', 'mhain', 'sstreete', 'jgu', 'smith571', 'trs4ece', 'longja', 'sbach', 'bskorupa', 'wehlhard', 'csrockerzero', 'dube0', 'dplamber', 'pmongkol', 'rahoward', 'bache', 'ajrobiso', 'hsvasi', 'lmertes', 'wang209', 'xmzhang', 'wow676', 'rtrusty', 'freedomjustice', 'stoneagelove', 'aforkner', 'astacy', 'et279', 'gshaw', 'mille177', 'fuzzy_maraca77', 'Bache', 'jsommer', 'han45', 'bmroozia', 'spamilton1', 'bsparson', 'dvanclev', 'bsarlitt', 'ebuysse', 'anraj', 'tdjanoko', 'zconvers', 'Jabzg', 'nchirla', 'millies', 'nannachh', 'jshahid', 'danielac', 'ahermann', 'dulmes', 'sonicalflair', 'kyangchul', 'ashayat', 'acallawa', 'zarastra', 'dsutherl', 'ormgi', 'tcollopy', 'nanohueb', 'dgrothe', 'aashi', 'jkurasz', 'jsterlin', 'obernada', 'cabault', 'ttho', 'seshaw', 'chang61', 'griffinm', 'smchaudh', 'zer0xXx', 'pranaynanda', 'johns180', 'ftanjono', 'gustaf89', 'jackfrost9p', 'vinsma', 'lai', 'elric22', 'dmmitche', 'jwetheri', 'babaumga', 'alayi', 'jidthekid', 'apuri', 'npanitch', 'mamitche', 'ahartnet', 'mtanoto', 'mtummala', 'kelkwa11', 'mrmillz', 'jkalbfle', 'spank_fusion', 'ajplaymaker', 'jostendo', 'atruesde', 'irony59', 'kbussmann', 'wizdh', 'jgries', 'werman691', 'brunner2112', 'pjyoti', 'kim130', 'romanchd', 'swethy', 'kim131', 'dopkick', 'gjross', 'mdsnyder', 'srettber', 'kassovic', 'JoeBlu', 'akhilesh', 'rkv0000', 'nrrojas', 'jaycrayz', 'pateldm', 'sdidla', 'jskim', 'jtill04', 'sundeepvem', 'wnoh', 'pbayuart', 'czahner', 'samkothari79', 'rparisi', 'mharger', 'asudibyo', 'skovich', 'taylorcl', 'bdannan', 'ezarowny', 'kklacik', 'gpajot', 'john3636', 'bsyoder', 'lpuglisi', 'gutierjm', 'somacroy', 'joeblu', 'Fisher']"
2,69,181,8,5,"['rtrusty', 'johns180', 'nlabianc', 'werman691', 'nmisiuna']",176,"['gbalmer', 'mrhee', 'mwarsco', 'tmoffitt', 'jones105', 'deetman', 'kdaiya', 'bashir', 'sageorge', 'sprashan', 'lcowsert', 'jdickers', 'rachitbiyani', 'mickcrowley', 'parimal', 'dtruax', 'singapaul', 'chermawi', 'hiddendecoy', 'gzarse', 'dhum', 'chaines', 'terran010', 'MurphyAKL', 'rsherloc', 'zer0xxx', 'spgreene', 'arorar', 'lpeterus', 'wangyangboy', 'Zarastra', 'judoma', 'docdaa008', 'camyers', 'dergan', 'zeich', 'chadhag', 'mhain', 'sstreete', 'jgu', 'smith571', 'trs4ece', 'longja', 'sbach', 'bskorupa', 'wehlhard', 'csrockerzero', 'dube0', 'dplamber', 'pmongkol', 'rahoward', 'bache', 'ajrobiso', 'hsvasi', 'lmertes', 'wang209', 'xmzhang', 'wow676', 'freedomjustice', 'stoneagelove', 'aforkner', 'astacy', 'et279', 'gshaw', 'mille177', 'fuzzy_maraca77', 'Bache', 'jsommer', 'han45', 'bmroozia', 'spamilton1', 'bsparson', 'dvanclev', 'bsarlitt', 'ebuysse', 'anraj', 'tdjanoko', 'zconvers', 'Jabzg', 'nchirla', 'millies', 'nannachh', 'jshahid', 'danielac', 'ahermann', 'dulmes', 'sonicalflair', 'kyangchul', 'ashayat', 'acallawa', 'zarastra', 'dsutherl', 'ormgi', 'tcollopy', 'nanohueb', 'dgrothe', 'aashi', 'jkurasz', 'jsterlin', 'obernada', 'cabault', 'ttho', 'seshaw', 'chang61', 'griffinm', 'smchaudh', 'zer0xXx', 'pranaynanda', 'ftanjono', 'gustaf89', 'jackfrost9p', 'vinsma', 'lai', 'elric22', 'dmmitche', 'jwetheri', 'babaumga', 'alayi', 'jidthekid', 'apuri', 'npanitch', 'mamitche', 'ahartnet', 'mtanoto', 'mtummala', 'kelkwa11', 'mrmillz', 'jkalbfle', 'spank_fusion', 'ajplaymaker', 'jostendo', 'atruesde', 'irony59', 'kbussmann', 'wizdh', 'jgries', 'brunner2112', 'kim130', 'romanchd', 'swethy', 'kim131', 'dopkick', 'gjross', 'mdsnyder', 'srettber', 'kassovic', 'JoeBlu', 'akhilesh', 'rkv0000', 'nrrojas', 'jaycrayz', 'pateldm', 'sdidla', 'jskim', 'jtill04', 'sundeepvem', 'wnoh', 'pbayuart', 'czahner', 'samkothari79', 'rparisi', 'mharger', 'asudibyo', 'skovich', 'taylorcl', 'bdannan', 'ezarowny', 'kklacik', 'gpajot', 'john3636', 'bsyoder', 'lpuglisi', 'gutierjm', 'somacroy', 'joeblu', 'Fisher']",3,"['nsapra', 'spaik', 'ateixeir']",184,"['gbalmer', 'mrhee', 'mwarsco', 'tmoffitt', 'jones105', 'deetman', 'kdaiya', 'bashir', 'sageorge', 'sprashan', 'nmisiuna', 'lcowsert', 'jdickers', 'rachitbiyani', 'mickcrowley', 'nlabianc', 'parimal', 'dtruax', 'singapaul', 'chermawi', 'hiddendecoy', 'gzarse', 'dhum', 'chaines', 'terran010', 'MurphyAKL', 'rsherloc', 'zer0xxx', 'spgreene', 'arorar', 'lpeterus', 'wangyangboy', 'Zarastra', 'judoma', 'docdaa008', 'camyers', 'dergan', 'zeich', 'chadhag', 'mhain', 'sstreete', 'jgu', 'smith571', 'trs4ece', 'longja', 'sbach', 'bskorupa', 'wehlhard', 'csrockerzero', 'dube0', 'dplamber', 'pmongkol', 'rahoward', 'bache', 'ajrobiso', 'hsvasi', 'nsapra', 'lmertes', 'wang209', 'xmzhang', 'wow676', 'rtrusty', 'freedomjustice', 'stoneagelove', 'aforkner', 'astacy', 'et279', 'gshaw', 'mille177', 'fuzzy_maraca77', 'Bache', 'jsommer', 'han45', 'bmroozia', 'spamilton1', 'bsparson', 'dvanclev', 'bsarlitt', 'ebuysse', 'anraj', 'tdjanoko', 'zconvers', 'Jabzg', 'nchirla', 'millies', 'nannachh', 'jshahid', 'danielac', 'ahermann', 'dulmes', 'sonicalflair', 'ateixeir', 'kyangchul', 'ashayat', 'acallawa', 'zarastra', 'dsutherl', 'ormgi', 'tcollopy', 'nanohueb', 'dgrothe', 'aashi', 'jkurasz', 'jsterlin', 'obernada', 'cabault', 'ttho', 'seshaw', 'chang61', 'griffinm', 'smchaudh', 'zer0xXx', 'pranaynanda', 'johns180', 'ftanjono', 'gustaf89', 'jackfrost9p', 'vinsma', 'lai', 'elric22', 'dmmitche', 'jwetheri', 'babaumga', 'alayi', 'jidthekid', 'apuri', 'npanitch', 'mamitche', 'ahartnet', 'mtanoto', 'mtummala', 'kelkwa11', 'mrmillz', 'jkalbfle', 'spank_fusion', 'ajplaymaker', 'jostendo', 'atruesde', 'irony59', 'kbussmann', 'wizdh', 'jgries', 'spaik', 'werman691', 'brunner2112', 'kim130', 'romanchd', 'swethy', 'kim131', 'dopkick', 'gjross', 'mdsnyder', 'srettber', 'kassovic', 'JoeBlu', 'akhilesh', 'rkv0000', 'nrrojas', 'jaycrayz', 'pateldm', 'sdidla', 'jskim', 'jtill04', 'sundeepvem', 'wnoh', 'pbayuart', 'czahner', 'samkothari79', 'rparisi', 'mharger', 'asudibyo', 'skovich', 'taylorcl', 'bdannan', 'ezarowny', 'kklacik', 'gpajot', 'john3636', 'bsyoder', 'lpuglisi', 'gutierjm', 'somacroy', 'joeblu', 'Fisher']"
2,63,181,7,4,"['mtanoto', 'han45', 'nanohueb', 'csrockerzero']",177,"['gbalmer', 'mrhee', 'mwarsco', 'tmoffitt', 'jones105', 'deetman', 'kdaiya', 'bashir', 'sageorge', 'sprashan', 'nmisiuna', 'lcowsert', 'jdickers', 'rachitbiyani', 'mickcrowley', 'nlabianc', 'parimal', 'dtruax', 'singapaul', 'chermawi', 'hiddendecoy', 'gzarse', 'dhum', 'chaines', 'terran010', 'MurphyAKL', 'rsherloc', 'zer0xxx', 'spgreene', 'arorar', 'lpeterus', 'wangyangboy', 'Zarastra', 'judoma', 'docdaa008', 'camyers', 'dergan', 'zeich', 'chadhag', 'mhain', 'sstreete', 'jgu', 'smith571', 'trs4ece', 'longja', 'sbach', 'bskorupa', 'wehlhard', 'dube0', 'dplamber', 'pmongkol', 'rahoward', 'bache', 'ajrobiso', 'hsvasi', 'lmertes', 'wang209', 'xmzhang', 'wow676', 'rtrusty', 'freedomjustice', 'stoneagelove', 'aforkner', 'astacy', 'et279', 'gshaw', 'mille177', 'fuzzy_maraca77', 'Bache', 'jsommer', 'bmroozia', 'spamilton1', 'bsparson', 'dvanclev', 'bsarlitt', 'ebuysse', 'anraj', 'tdjanoko', 'zconvers', 'Jabzg', 'nchirla', 'millies', 'nannachh', 'jshahid', 'danielac', 'ahermann', 'dulmes', 'sonicalflair', 'kyangchul', 'ashayat', 'acallawa', 'zarastra', 'dsutherl', 'ormgi', 'tcollopy', 'dgrothe', 'aashi', 'jkurasz', 'jsterlin', 'obernada', 'cabault', 'ttho', 'seshaw', 'chang61', 'griffinm', 'smchaudh', 'zer0xXx', 'pranaynanda', 'johns180', 'ftanjono', 'gustaf89', 'jackfrost9p', 'vinsma', 'lai', 'elric22', 'dmmitche', 'jwetheri', 'babaumga', 'alayi', 'jidthekid', 'apuri', 'npanitch', 'mamitche', 'ahartnet', 'mtummala', 'kelkwa11', 'mrmillz', 'jkalbfle', 'spank_fusion', 'ajplaymaker', 'jostendo', 'atruesde', 'irony59', 'kbussmann', 'wizdh', 'jgries', 'werman691', 'brunner2112', 'kim130', 'romanchd', 'swethy', 'kim131', 'dopkick', 'gjross', 'mdsnyder', 'srettber', 'kassovic', 'JoeBlu', 'akhilesh', 'rkv0000', 'nrrojas', 'jaycrayz', 'pateldm', 'sdidla', 'jskim', 'jtill04', 'sundeepvem', 'wnoh', 'pbayuart', 'czahner', 'samkothari79', 'rparisi', 'mharger', 'asudibyo', 'skovich', 'taylorcl', 'bdannan', 'ezarowny', 'kklacik', 'gpajot', 'john3636', 'bsyoder', 'lpuglisi', 'gutierjm', 'somacroy', 'joeblu', 'Fisher']",3,"['nee_a87', 'blee292513', 'singhs']",184,"['gbalmer', 'mrhee', 'mwarsco', 'tmoffitt', 'jones105', 'deetman', 'kdaiya', 'bashir', 'sageorge', 'sprashan', 'nmisiuna', 'lcowsert', 'jdickers', 'rachitbiyani', 'mickcrowley', 'nlabianc', 'parimal', 'dtruax', 'singapaul', 'chermawi', 'hiddendecoy', 'gzarse', 'dhum', 'chaines', 'terran010', 'MurphyAKL', 'rsherloc', 'zer0xxx', 'spgreene', 'arorar', 'lpeterus', 'wangyangboy', 'Zarastra', 'judoma', 'docdaa008', 'camyers', 'dergan', 'zeich', 'chadhag', 'mhain', 'sstreete', 'jgu', 'smith571', 'trs4ece', 'longja', 'sbach', 'bskorupa', 'nee_a87', 'wehlhard', 'csrockerzero', 'dube0', 'dplamber', 'pmongkol', 'rahoward', 'bache', 'ajrobiso', 'hsvasi', 'lmertes', 'wang209', 'xmzhang', 'wow676', 'rtrusty', 'freedomjustice', 'stoneagelove', 'aforkner', 'astacy', 'et279', 'gshaw', 'mille177', 'fuzzy_maraca77', 'Bache', 'jsommer', 'han45', 'bmroozia', 'spamilton1', 'bsparson', 'dvanclev', 'bsarlitt', 'ebuysse', 'anraj', 'tdjanoko', 'zconvers', 'Jabzg', 'nchirla', 'millies', 'nannachh', 'jshahid', 'danielac', 'ahermann', 'dulmes', 'sonicalflair', 'kyangchul', 'ashayat', 'acallawa', 'zarastra', 'dsutherl', 'ormgi', 'tcollopy', 'nanohueb', 'dgrothe', 'aashi', 'jkurasz', 'jsterlin', 'obernada', 'cabault', 'ttho', 'seshaw', 'chang61', 'griffinm', 'smchaudh', 'zer0xXx', 'pranaynanda', 'johns180', 'ftanjono', 'gustaf89', 'jackfrost9p', 'vinsma', 'lai', 'elric22', 'dmmitche', 'jwetheri', 'babaumga', 'alayi', 'singhs', 'jidthekid', 'apuri', 'npanitch', 'mamitche', 'ahartnet', 'mtanoto', 'mtummala', 'kelkwa11', 'mrmillz', 'jkalbfle', 'spank_fusion', 'ajplaymaker', 'jostendo', 'atruesde', 'irony59', 'kbussmann', 'wizdh', 'jgries', 'werman691', 'brunner2112', 'kim130', 'romanchd', 'swethy', 'kim131', 'dopkick', 'gjross', 'mdsnyder', 'srettber', 'kassovic', 'JoeBlu', 'akhilesh', 'rkv0000', 'nrrojas', 'jaycrayz', 'pateldm', 'sdidla', 'jskim', 'jtill04', 'sundeepvem', 'wnoh', 'pbayuart', 'czahner', 'samkothari79', 'rparisi', 'mharger', 'asudibyo', 'skovich', 'blee292513', 'taylorcl', 'bdannan', 'ezarowny', 'kklacik', 'gpajot', 'john3636', 'bsyoder', 'lpuglisi', 'gutierjm', 'somacroy', 'joeblu', 'Fisher']"
2,59,181,6,5,"['dube0', 'spgreene', 'samkothari79', 'gustaf89', 'dmmitche']",176,"['gbalmer', 'mrhee', 'mwarsco', 'tmoffitt', 'jones105', 'deetman', 'kdaiya', 'bashir', 'sageorge', 'sprashan', 'nmisiuna', 'lcowsert', 'jdickers', 'rachitbiyani', 'mickcrowley', 'nlabianc', 'parimal', 'dtruax', 'singapaul', 'chermawi', 'hiddendecoy', 'gzarse', 'dhum', 'chaines', 'terran010', 'MurphyAKL', 'rsherloc', 'zer0xxx', 'arorar', 'lpeterus', 'wangyangboy', 'Zarastra', 'judoma', 'docdaa008', 'camyers', 'dergan', 'zeich', 'chadhag', 'mhain', 'sstreete', 'jgu', 'smith571', 'trs4ece', 'longja', 'sbach', 'bskorupa', 'wehlhard', 'csrockerzero', 'dplamber', 'pmongkol', 'rahoward', 'bache', 'ajrobiso', 'hsvasi', 'lmertes', 'wang209', 'xmzhang', 'wow676', 'rtrusty', 'freedomjustice', 'stoneagelove', 'aforkner', 'astacy', 'et279', 'gshaw', 'mille177', 'fuzzy_maraca77', 'Bache', 'jsommer', 'han45', 'bmroozia', 'spamilton1', 'bsparson', 'dvanclev', 'bsarlitt', 'ebuysse', 'anraj', 'tdjanoko', 'zconvers', 'Jabzg', 'nchirla', 'millies', 'nannachh', 'jshahid', 'danielac', 'ahermann', 'dulmes', 'sonicalflair', 'kyangchul', 'ashayat', 'acallawa', 'zarastra', 'dsutherl', 'ormgi', 'tcollopy', 'nanohueb', 'dgrothe', 'aashi', 'jkurasz', 'jsterlin', 'obernada', 'cabault', 'ttho', 'seshaw', 'chang61', 'griffinm', 'smchaudh', 'zer0xXx', 'pranaynanda', 'johns180', 'ftanjono', 'jackfrost9p', 'vinsma', 'lai', 'elric22', 'jwetheri', 'babaumga', 'alayi', 'jidthekid', 'apuri', 'npanitch', 'mamitche', 'ahartnet', 'mtanoto', 'mtummala', 'kelkwa11', 'mrmillz', 'jkalbfle', 'spank_fusion', 'ajplaymaker', 'jostendo', 'atruesde', 'irony59', 'kbussmann', 'wizdh', 'jgries', 'werman691', 'brunner2112', 'kim130', 'romanchd', 'swethy', 'kim131', 'dopkick', 'gjross', 'mdsnyder', 'srettber', 'kassovic', 'JoeBlu', 'akhilesh', 'rkv0000', 'nrrojas', 'jaycrayz', 'pateldm', 'sdidla', 'jskim', 'jtill04', 'sundeepvem', 'wnoh', 'pbayuart', 'czahner', 'rparisi', 'mharger', 'asudibyo', 'skovich', 'taylorcl', 'bdannan', 'ezarowny', 'kklacik', 'gpajot', 'john3636', 'bsyoder', 'lpuglisi', 'gutierjm', 'somacroy', 'joeblu', 'Fisher']",1,['scyther314159'],182,"['gbalmer', 'mrhee', 'mwarsco', 'tmoffitt', 'jones105', 'deetman', 'kdaiya', 'bashir', 'sageorge', 'sprashan', 'nmisiuna', 'lcowsert', 'jdickers', 'rachitbiyani', 'mickcrowley', 'nlabianc', 'parimal', 'dtruax', 'singapaul', 'chermawi', 'hiddendecoy', 'gzarse', 'dhum', 'chaines', 'terran010', 'MurphyAKL', 'rsherloc', 'zer0xxx', 'spgreene', 'arorar', 'lpeterus', 'wangyangboy', 'Zarastra', 'judoma', 'docdaa008', 'camyers', 'dergan', 'zeich', 'chadhag', 'mhain', 'sstreete', 'jgu', 'smith571', 'trs4ece', 'longja', 'sbach', 'bskorupa', 'wehlhard', 'csrockerzero', 'dube0', 'dplamber', 'pmongkol', 'rahoward', 'bache', 'ajrobiso', 'hsvasi', 'lmertes', 'wang209', 'xmzhang', 'wow676', 'rtrusty', 'freedomjustice', 'stoneagelove', 'aforkner', 'astacy', 'et279', 'gshaw', 'mille177', 'fuzzy_maraca77', 'Bache', 'jsommer', 'han45', 'bmroozia', 'spamilton1', 'bsparson', 'dvanclev', 'bsarlitt', 'ebuysse', 'anraj', 'tdjanoko', 'zconvers', 'Jabzg', 'nchirla', 'millies', 'nannachh', 'jshahid', 'danielac', 'ahermann', 'dulmes', 'sonicalflair', 'kyangchul', 'ashayat', 'acallawa', 'zarastra', 'dsutherl', 'ormgi', 'tcollopy', 'nanohueb', 'dgrothe', 'aashi', 'jkurasz', 'jsterlin', 'obernada', 'cabault', 'ttho', 'seshaw', 'chang61', 'griffinm', 'smchaudh', 'zer0xXx', 'pranaynanda', 'johns180', 'ftanjono', 'gustaf89', 'jackfrost9p', 'vinsma', 'lai', 'elric22', 'dmmitche', 'jwetheri', 'babaumga', 'alayi', 'jidthekid', 'apuri', 'npanitch', 'mamitche', 'ahartnet', 'mtanoto', 'mtummala', 'kelkwa11', 'mrmillz', 'jkalbfle', 'spank_fusion', 'ajplaymaker', 'jostendo', 'atruesde', 'irony59', 'kbussmann', 'wizdh', 'jgries', 'werman691', 'brunner2112', 'kim130', 'romanchd', 'swethy', 'kim131', 'dopkick', 'gjross', 'mdsnyder', 'srettber', 'kassovic', 'JoeBlu', 'akhilesh', 'rkv0000', 'nrrojas', 'jaycrayz', 'pateldm', 'sdidla', 'jskim', 'jtill04', 'sundeepvem', 'wnoh', 'pbayuart', 'czahner', 'samkothari79', 'scyther314159', 'rparisi', 'mharger', 'asudibyo', 'skovich', 'taylorcl', 'bdannan', 'ezarowny', 'kklacik', 'gpajot', 'john3636', 'bsyoder', 'lpuglisi', 'gutierjm', 'somacroy', 'joeblu', 'Fisher']"
2,67,181,6,6,"['alayi', 'MurphyAKL', 'rparisi', 'spamilton1', 'judoma', 'ftanjono']",175,"['gbalmer', 'mrhee', 'mwarsco', 'tmoffitt', 'jones105', 'deetman', 'kdaiya', 'bashir', 'sageorge', 'sprashan', 'nmisiuna', 'lcowsert', 'jdickers', 'rachitbiyani', 'mickcrowley', 'nlabianc', 'parimal', 'dtruax', 'singapaul', 'chermawi', 'hiddendecoy', 'gzarse', 'dhum', 'chaines', 'terran010', 'rsherloc', 'zer0xxx', 'spgreene', 'arorar', 'lpeterus', 'wangyangboy', 'Zarastra', 'docdaa008', 'camyers', 'dergan', 'zeich', 'chadhag', 'mhain', 'sstreete', 'jgu', 'smith571', 'trs4ece', 'longja', 'sbach', 'bskorupa', 'wehlhard', 'csrockerzero', 'dube0', 'dplamber', 'pmongkol', 'rahoward', 'bache', 'ajrobiso', 'hsvasi', 'lmertes', 'wang209', 'xmzhang', 'wow676', 'rtrusty', 'freedomjustice', 'stoneagelove', 'aforkner', 'astacy', 'et279', 'gshaw', 'mille177', 'fuzzy_maraca77', 'Bache', 'jsommer', 'han45', 'bmroozia', 'bsparson', 'dvanclev', 'bsarlitt', 'ebuysse', 'anraj', 'tdjanoko', 'zconvers', 'Jabzg', 'nchirla', 'millies', 'nannachh', 'jshahid', 'danielac', 'ahermann', 'dulmes', 'sonicalflair', 'kyangchul', 'ashayat', 'acallawa', 'zarastra', 'dsutherl', 'ormgi', 'tcollopy', 'nanohueb', 'dgrothe', 'aashi', 'jkurasz', 'jsterlin', 'obernada', 'cabault', 'ttho', 'seshaw', 'chang61', 'griffinm', 'smchaudh', 'zer0xXx', 'pranaynanda', 'johns180', 'gustaf89', 'jackfrost9p', 'vinsma', 'lai', 'elric22', 'dmmitche', 'jwetheri', 'babaumga', 'jidthekid', 'apuri', 'npanitch', 'mamitche', 'ahartnet', 'mtanoto', 'mtummala', 'kelkwa11', 'mrmillz', 'jkalbfle', 'spank_fusion', 'ajplaymaker', 'jostendo', 'atruesde', 'irony59', 'kbussmann', 'wizdh', 'jgries', 'werman691', 'brunner2112', 'kim130', 'romanchd', 'swethy', 'kim131', 'dopkick', 'gjross', 'mdsnyder', 'srettber', 'kassovic', 'JoeBlu', 'akhilesh', 'rkv0000', 'nrrojas', 'jaycrayz', 'pateldm', 'sdidla', 'jskim', 'jtill04', 'sundeepvem', 'wnoh', 'pbayuart', 'czahner', 'samkothari79', 'mharger', 'asudibyo', 'skovich', 'taylorcl', 'bdannan', 'ezarowny', 'kklacik', 'gpajot', 'john3636', 'bsyoder', 'lpuglisi', 'gutierjm', 'somacroy', 'joeblu', 'Fisher']",0,[],181,"['gbalmer', 'mrhee', 'mwarsco', 'tmoffitt', 'jones105', 'deetman', 'kdaiya', 'bashir', 'sageorge', 'sprashan', 'nmisiuna', 'lcowsert', 'jdickers', 'rachitbiyani', 'mickcrowley', 'nlabianc', 'parimal', 'dtruax', 'singapaul', 'chermawi', 'hiddendecoy', 'gzarse', 'dhum', 'chaines', 'terran010', 'MurphyAKL', 'rsherloc', 'zer0xxx', 'spgreene', 'arorar', 'lpeterus', 'wangyangboy', 'Zarastra', 'judoma', 'docdaa008', 'camyers', 'dergan', 'zeich', 'chadhag', 'mhain', 'sstreete', 'jgu', 'smith571', 'trs4ece', 'longja', 'sbach', 'bskorupa', 'wehlhard', 'csrockerzero', 'dube0', 'dplamber', 'pmongkol', 'rahoward', 'bache', 'ajrobiso', 'hsvasi', 'lmertes', 'wang209', 'xmzhang', 'wow676', 'rtrusty', 'freedomjustice', 'stoneagelove', 'aforkner', 'astacy', 'et279', 'gshaw', 'mille177', 'fuzzy_maraca77', 'Bache', 'jsommer', 'han45', 'bmroozia', 'spamilton1', 'bsparson', 'dvanclev', 'bsarlitt', 'ebuysse', 'anraj', 'tdjanoko', 'zconvers', 'Jabzg', 'nchirla', 'millies', 'nannachh', 'jshahid', 'danielac', 'ahermann', 'dulmes', 'sonicalflair', 'kyangchul', 'ashayat', 'acallawa', 'zarastra', 'dsutherl', 'ormgi', 'tcollopy', 'nanohueb', 'dgrothe', 'aashi', 'jkurasz', 'jsterlin', 'obernada', 'cabault', 'ttho', 'seshaw', 'chang61', 'griffinm', 'smchaudh', 'zer0xXx', 'pranaynanda', 'johns180', 'ftanjono', 'gustaf89', 'jackfrost9p', 'vinsma', 'lai', 'elric22', 'dmmitche', 'jwetheri', 'babaumga', 'alayi', 'jidthekid', 'apuri', 'npanitch', 'mamitche', 'ahartnet', 'mtanoto', 'mtummala', 'kelkwa11', 'mrmillz', 'jkalbfle', 'spank_fusion', 'ajplaymaker', 'jostendo', 'atruesde', 'irony59', 'kbussmann', 'wizdh', 'jgries', 'werman691', 'brunner2112', 'kim130', 'romanchd', 'swethy', 'kim131', 'dopkick', 'gjross', 'mdsnyder', 'srettber', 'kassovic', 'JoeBlu', 'akhilesh', 'rkv0000', 'nrrojas', 'jaycrayz', 'pateldm', 'sdidla', 'jskim', 'jtill04', 'sundeepvem', 'wnoh', 'pbayuart', 'czahner', 'samkothari79', 'rparisi', 'mharger', 'asudibyo', 'skovich', 'taylorcl', 'bdannan', 'ezarowny', 'kklacik', 'gpajot', 'john3636', 'bsyoder', 'lpuglisi', 'gutierjm', 'somacroy', 'joeblu', 'Fisher']"
2,72,181,6,5,"['pmongkol', 'mtanoto', 'wizdh', 'nanohueb', 'csrockerzero']",176,"['gbalmer', 'mrhee', 'mwarsco', 'tmoffitt', 'jones105', 'deetman', 'kdaiya', 'bashir', 'sageorge', 'sprashan', 'nmisiuna', 'lcowsert', 'jdickers', 'rachitbiyani', 'mickcrowley', 'nlabianc', 'parimal', 'dtruax', 'singapaul', 'chermawi', 'hiddendecoy', 'gzarse', 'dhum', 'chaines', 'terran010', 'MurphyAKL', 'rsherloc', 'zer0xxx', 'spgreene', 'arorar', 'lpeterus', 'wangyangboy', 'Zarastra', 'judoma', 'docdaa008', 'camyers', 'dergan', 'zeich', 'chadhag', 'mhain', 'sstreete', 'jgu', 'smith571', 'trs4ece', 'longja', 'sbach', 'bskorupa', 'wehlhard', 'dube0', 'dplamber', 'rahoward', 'bache', 'ajrobiso', 'hsvasi', 'lmertes', 'wang209', 'xmzhang', 'wow676', 'rtrusty', 'freedomjustice', 'stoneagelove', 'aforkner', 'astacy', 'et279', 'gshaw', 'mille177', 'fuzzy_maraca77', 'Bache', 'jsommer', 'han45', 'bmroozia', 'spamilton1', 'bsparson', 'dvanclev', 'bsarlitt', 'ebuysse', 'anraj', 'tdjanoko', 'zconvers', 'Jabzg', 'nchirla', 'millies', 'nannachh', 'jshahid', 'danielac', 'ahermann', 'dulmes', 'sonicalflair', 'kyangchul', 'ashayat', 'acallawa', 'zarastra', 'dsutherl', 'ormgi', 'tcollopy', 'dgrothe', 'aashi', 'jkurasz', 'jsterlin', 'obernada', 'cabault', 'ttho', 'seshaw', 'chang61', 'griffinm', 'smchaudh', 'zer0xXx', 'pranaynanda', 'johns180', 'ftanjono', 'gustaf89', 'jackfrost9p', 'vinsma', 'lai', 'elric22', 'dmmitche', 'jwetheri', 'babaumga', 'alayi', 'jidthekid', 'apuri', 'npanitch', 'mamitche', 'ahartnet', 'mtummala', 'kelkwa11', 'mrmillz', 'jkalbfle', 'spank_fusion', 'ajplaymaker', 'jostendo', 'atruesde', 'irony59', 'kbussmann', 'jgries', 'werman691', 'brunner2112', 'kim130', 'romanchd', 'swethy', 'kim131', 'dopkick', 'gjross', 'mdsnyder', 'srettber', 'kassovic', 'JoeBlu', 'akhilesh', 'rkv0000', 'nrrojas', 'jaycrayz', 'pateldm', 'sdidla', 'jskim', 'jtill04', 'sundeepvem', 'wnoh', 'pbayuart', 'czahner', 'samkothari79', 'rparisi', 'mharger', 'asudibyo', 'skovich', 'taylorcl', 'bdannan', 'ezarowny', 'kklacik', 'gpajot', 'john3636', 'bsyoder', 'lpuglisi', 'gutierjm', 'somacroy', 'joeblu', 'Fisher']",1,['davydotcom'],182,"['gbalmer', 'mrhee', 'mwarsco', 'tmoffitt', 'jones105', 'deetman', 'kdaiya', 'bashir', 'sageorge', 'sprashan', 'nmisiuna', 'lcowsert', 'jdickers', 'rachitbiyani', 'mickcrowley', 'nlabianc', 'parimal', 'dtruax', 'singapaul', 'davydotcom', 'chermawi', 'hiddendecoy', 'gzarse', 'dhum', 'chaines', 'terran010', 'MurphyAKL', 'rsherloc', 'zer0xxx', 'spgreene', 'arorar', 'lpeterus', 'wangyangboy', 'Zarastra', 'judoma', 'docdaa008', 'camyers', 'dergan', 'zeich', 'chadhag', 'mhain', 'sstreete', 'jgu', 'smith571', 'trs4ece', 'longja', 'sbach', 'bskorupa', 'wehlhard', 'csrockerzero', 'dube0', 'dplamber', 'pmongkol', 'rahoward', 'bache', 'ajrobiso', 'hsvasi', 'lmertes', 'wang209', 'xmzhang', 'wow676', 'rtrusty', 'freedomjustice', 'stoneagelove', 'aforkner', 'astacy', 'et279', 'gshaw', 'mille177', 'fuzzy_maraca77', 'Bache', 'jsommer', 'han45', 'bmroozia', 'spamilton1', 'bsparson', 'dvanclev', 'bsarlitt', 'ebuysse', 'anraj', 'tdjanoko', 'zconvers', 'Jabzg', 'nchirla', 'millies', 'nannachh', 'jshahid', 'danielac', 'ahermann', 'dulmes', 'sonicalflair', 'kyangchul', 'ashayat', 'acallawa', 'zarastra', 'dsutherl', 'ormgi', 'tcollopy', 'nanohueb', 'dgrothe', 'aashi', 'jkurasz', 'jsterlin', 'obernada', 'cabault', 'ttho', 'seshaw', 'chang61', 'griffinm', 'smchaudh', 'zer0xXx', 'pranaynanda', 'johns180', 'ftanjono', 'gustaf89', 'jackfrost9p', 'vinsma', 'lai', 'elric22', 'dmmitche', 'jwetheri', 'babaumga', 'alayi', 'jidthekid', 'apuri', 'npanitch', 'mamitche', 'ahartnet', 'mtanoto', 'mtummala', 'kelkwa11', 'mrmillz', 'jkalbfle', 'spank_fusion', 'ajplaymaker', 'jostendo', 'atruesde', 'irony59', 'kbussmann', 'wizdh', 'jgries', 'werman691', 'brunner2112', 'kim130', 'romanchd', 'swethy', 'kim131', 'dopkick', 'gjross', 'mdsnyder', 'srettber', 'kassovic', 'JoeBlu', 'akhilesh', 'rkv0000', 'nrrojas', 'jaycrayz', 'pateldm', 'sdidla', 'jskim', 'jtill04', 'sundeepvem', 'wnoh', 'pbayuart', 'czahner', 'samkothari79', 'rparisi', 'mharger', 'asudibyo', 'skovich', 'taylorcl', 'bdannan', 'ezarowny', 'kklacik', 'gpajot', 'john3636', 'bsyoder', 'lpuglisi', 'gutierjm', 'somacroy', 'joeblu', 'Fisher']"
3,23,40,27,26,"['bendmart', 'bclayton2003', 'tmleynek', 'dmauchley', 'lexe', 'battmanz', 'wbmckean', 'ellingsito', 'kigen', 'xiaoguo', 'meghannsmit', 'natemccaughey', 'ochukhrai', 'extrasmoodious', 'ijhuggins', 'efillerup', 'jrwells', 'dstle', 'lsross5', 'rusteng', 'ilya1987', 'empire3k', 'SlackerZero', 'madmax', 'catcall', 'kurt_retzloff']",14,"['u0356611', 'williamcarlquist', 'jmwilso1', 'BenDMart', 'chunderbutt', 'sickchick', 'u0244603', 'sandros1', 'dkbags', 'jeweed', 'sharna', 'sonchu', 'nparker', 'blacksun7x']",1,['l84119'],41,"['u0356611', 'bendmart', 'bclayton2003', 'tmleynek', 'dmauchley', 'chunderbutt', 'lexe', 'battmanz', 'sharna', 'ellingsito', 'kigen', 'wbmckean', 'sonchu', 'nparker', 'xiaoguo', 'meghannsmit', 'jmwilso1', 'BenDMart', 'natemccaughey', 'ochukhrai', 'extrasmoodious', 'blacksun7x', 'ijhuggins', 'efillerup', 'jrwells', 'l84119', 'sandros1', 'dstle', 'lsross5', 'rusteng', 'ilya1987', 'empire3k', 'SlackerZero', 'williamcarlquist', 'sickchick', 'madmax', 'dkbags', 'jeweed', 'catcall', 'kurt_retzloff', 'u0244603']"
3,22,40,6,1,['catcall'],39,"['u0356611', 'bendmart', 'bclayton2003', 'tmleynek', 'dmauchley', 'chunderbutt', 'lexe', 'battmanz', 'sharna', 'ellingsito', 'kigen', 'wbmckean', 'sonchu', 'nparker', 'xiaoguo', 'meghannsmit', 'jmwilso1', 'BenDMart', 'natemccaughey', 'ochukhrai', 'extrasmoodious', 'blacksun7x', 'ijhuggins', 'efillerup', 'jrwells', 'sandros1', 'dstle', 'lsross5', 'rusteng', 'ilya1987', 'empire3k', 'SlackerZero', 'williamcarlquist', 'sickchick', 'madmax', 'dkbags', 'jeweed', 'kurt_retzloff', 'u0244603']",5,"['jshumaker', 'retzloff', 'ben19q', 'l84119', 'harald84']",45,"['u0356611', 'bendmart', 'bclayton2003', 'tmleynek', 'retzloff', 'dmauchley', 'chunderbutt', 'lexe', 'battmanz', 'sharna', 'ellingsito', 'kigen', 'wbmckean', 'sonchu', 'nparker', 'xiaoguo', 'meghannsmit', 'jshumaker', 'jmwilso1', 'BenDMart', 'natemccaughey', 'ochukhrai', 'extrasmoodious', 'blacksun7x', 'ijhuggins', 'efillerup', 'jrwells', 'l84119', 'sandros1', 'dstle', 'lsross5', 'rusteng', 'ilya1987', 'empire3k', 'SlackerZero', 'williamcarlquist', 'ben19q', 'sickchick', 'madmax', 'dkbags', 'jeweed', 'catcall', 'kurt_retzloff', 'u0244603', 'harald84']"
3,24,40,6,6,"['williamcarlquist', 'chunderbutt', 'jeweed', 'dkbags', 'nparker', 'blacksun7x']",34,"['u0356611', 'bendmart', 'bclayton2003', 'tmleynek', 'dmauchley', 'lexe', 'battmanz', 'sharna', 'ellingsito', 'kigen', 'wbmckean', 'sonchu', 'xiaoguo', 'meghannsmit', 'jmwilso1', 'BenDMart', 'natemccaughey', 'ochukhrai', 'extrasmoodious', 'ijhuggins', 'efillerup', 'jrwells', 'sandros1', 'dstle', 'lsross5', 'rusteng', 'ilya1987', 'empire3k', 'SlackerZero', 'sickchick', 'madmax', 'catcall', 'kurt_retzloff', 'u0244603']",0,[],40,"['u0356611', 'bendmart', 'bclayton2003', 'tmleynek', 'dmauchley', 'chunderbutt', 'lexe', 'battmanz', 'sharna', 'ellingsito', 'kigen', 'wbmckean', 'sonchu', 'nparker', 'xiaoguo', 'meghannsmit', 'jmwilso1', 'BenDMart', 'natemccaughey', 'ochukhrai', 'extrasmoodious', 'blacksun7x', 'ijhuggins', 'efillerup', 'jrwells', 'sandros1', 'dstle', 'lsross5', 'rusteng', 'ilya1987', 'empire3k', 'SlackerZero', 'williamcarlquist', 'sickchick', 'madmax', 'dkbags', 'jeweed', 'catcall', 'kurt_retzloff', 'u0244603']"
4,38,37,48,35,"['grm154', 'vac781', 'northlild85', 'thatkidandy', 'epd800', 'present2010', 'nahmadi', 'jojonelli', 'AllisonChoing', 'kohnes86', 'sianmei', 'allisonchoing', 'kjv526', 'blkhawk005', 'rizalph', 'jspark', 'NutMeg0440', 'Nutmeg0440', 'chrismeetsparis', 'jsp255', 'methompson86', 'dwillnu', 'danfullin', 'crip1163', 'downin24', 'tvc310', 'albertlui', 'thuynh86', 'pootietang', 'nutmeg0440', 'shehanfernando', 'nulongsnapper86', 'kevinl85', 'ecarter', 'tgillard']",2,"['sarnold935', 'zzhu']",13,"['mmapodaca', 'kwoodward', 'schatz', 'tejerina', 'Downin24', 'ndk510', 'cmaikens', 'weichiwong', 'ausmanlk', 'achin', 'jrw580', 'spilewski', 'srv901']",50,"['grm154', 'vac781', 'epd800', 'nahmadi', 'srv901', 'mmapodaca', 'kohnes86', 'Downin24', 'allisonchoing', 'rizalph', 'ndk510', 'blkhawk005', 'NutMeg0440', 'Nutmeg0440', 'chrismeetsparis', 'schatz', 'jsp255', 'cmaikens', 'dwillnu', 'danfullin', 'spilewski', 'crip1163', 'sarnold935', 'zzhu', 'thuynh86', 'shehanfernando', 'nulongsnapper86', 'ecarter', 'tgillard', 'kwoodward', 'northlild85', 'thatkidandy', 'weichiwong', 'present2010', 'jojonelli', 'AllisonChoing', 'sianmei', 'kjv526', 'jspark', 'tejerina', 'methompson86', 'ausmanlk', 'achin', 'jrw580', 'downin24', 'tvc310', 'albertlui', 'pootietang', 'nutmeg0440', 'kevinl85']"
5,16,31,30,26,"['sfairfie', 'tmlowe', 'klfrank', 'smithmc', 'jbernhar', 'boersenn', 'hjaganat', 'bturk', 'abartow', 'abreisin', 'sbook', 'amalling', 'awibawa', 'sollila', 'lachlanbadger', 'mkittle', 'mbosley', 'banglin', 'ebarriba', 'jptucker', 'skyaw', 'rflynn', 'ehalsey', 'mjwaters', 'andrewotte', 'prrussel']",5,"['mbelcher', 'Ainshi', 'lee297', 'attn007', 'psajor']",4,"['tis0lamp', 'mtmannin', 'strachan', 'dcorbitt']",35,"['sfairfie', 'tmlowe', 'klfrank', 'smithmc', 'attn007', 'jbernhar', 'hjaganat', 'boersenn', 'psajor', 'bturk', 'tis0lamp', 'abartow', 'abreisin', 'sbook', 'mbelcher', 'dcorbitt', 'amalling', 'awibawa', 'sollila', 'lachlanbadger', 'strachan', 'Ainshi', 'mkittle', 'lee297', 'banglin', 'mbosley', 'ebarriba', 'mtmannin', 'jptucker', 'skyaw', 'rflynn', 'ehalsey', 'mjwaters', 'andrewotte', 'prrussel']"
5,12,31,24,21,"['sfairfie', 'tmlowe', 'klfrank', 'smithmc', 'jbernhar', 'boersenn', 'bturk', 'abartow', 'abreisin', 'sbook', 'awibawa', 'lachlanbadger', 'Ainshi', 'mbosley', 'banglin', 'ebarriba', 'skyaw', 'ehalsey', 'mjwaters', 'andrewotte', 'prrussel']",10,"['mbelcher', 'amalling', 'sollila', 'mkittle', 'lee297', 'rflynn', 'attn007', 'hjaganat', 'psajor', 'jptucker']",3,"['tisolamp', 'jrcalver', 'strachan']",34,"['sfairfie', 'tmlowe', 'tisolamp', 'klfrank', 'smithmc', 'attn007', 'jbernhar', 'hjaganat', 'boersenn', 'psajor', 'bturk', 'abartow', 'abreisin', 'sbook', 'mbelcher', 'amalling', 'awibawa', 'sollila', 'lachlanbadger', 'strachan', 'Ainshi', 'mkittle', 'lee297', 'banglin', 'mbosley', 'ebarriba', 'jptucker', 'skyaw', 'rflynn', 'ehalsey', 'mjwaters', 'andrewotte', 'jrcalver', 'prrussel']"
5,13,31,9,7,"['abreisin', 'Ainshi', 'amalling', 'mkittle', 'sollila', 'attn007', 'mjwaters']",24,"['sfairfie', 'tmlowe', 'klfrank', 'smithmc', 'jbernhar', 'boersenn', 'hjaganat', 'psajor', 'bturk', 'abartow', 'sbook', 'mbelcher', 'awibawa', 'lachlanbadger', 'lee297', 'mbosley', 'banglin', 'ebarriba', 'jptucker', 'skyaw', 'rflynn', 'ehalsey', 'andrewotte', 'prrussel']",2,"['yanyao', 'vskhadka']",33,"['sfairfie', 'tmlowe', 'klfrank', 'smithmc', 'attn007', 'jbernhar', 'hjaganat', 'boersenn', 'psajor', 'bturk', 'vskhadka', 'abartow', 'abreisin', 'sbook', 'mbelcher', 'amalling', 'awibawa', 'sollila', 'lachlanbadger', 'Ainshi', 'mkittle', 'yanyao', 'lee297', 'banglin', 'mbosley', 'ebarriba', 'jptucker', 'skyaw', 'rflynn', 'ehalsey', 'mjwaters', 'andrewotte', 'prrussel']"
5,14,31,6,5,"['mbelcher', 'awibawa', 'rflynn', 'bturk', 'jptucker']",26,"['lachlanbadger', 'sfairfie', 'tmlowe', 'Ainshi', 'mkittle', 'klfrank', 'lee297', 'smithmc', 'attn007', 'jbernhar', 'hjaganat', 'boersenn', 'psajor', 'banglin', 'mbosley', 'ebarriba', 'abartow', 'abreisin', 'sbook', 'skyaw', 'amalling', 'sollila', 'ehalsey', 'mjwaters', 'andrewotte', 'prrussel']",1,['awinston'],32,"['lachlanbadger', 'sfairfie', 'tmlowe', 'Ainshi', 'mkittle', 'klfrank', 'lee297', 'smithmc', 'attn007', 'awinston', 'jbernhar', 'hjaganat', 'boersenn', 'psajor', 'bturk', 'banglin', 'mbosley', 'ebarriba', 'jptucker', 'abartow', 'abreisin', 'sbook', 'mbelcher', 'skyaw', 'amalling', 'awibawa', 'sollila', 'rflynn', 'ehalsey', 'mjwaters', 'andrewotte', 'prrussel']"
6,28,29,34,4,"['ZdenekNo', 'kuzdaso', 'majlow', 'xzimek01']",25,"['jegonzal', 'shorif', 'zenock', 'nugraha', 'jhenrie', 'zhudongchun', 'masud001', 'bupolin77', 'LINCSTAR182', 'bajones', 'cbburger', 'kaz830', 'Zenock', 'fsheng', 'sbc4897', 'kim70', 'grock', 'boki', 'cinedemian', 'newmin', 'jasonpeterson', 'ssalamat', 'rno310', 'junezhu', 'john1248']",30,"['xnavra28', 'majlos', 'mikkiste', 'xbartu', 'xhakto00', 'Dallda', 'xhrube00', 'xjaros24', 'ufyzguest', 'czkiller', 'lordraia', 'loutocky', 'jiri_novosad', 'xkroli00', 'xbetla00', 'benda', 'berzby', 'hugotek', 'xjanos07', 'xkubin08', 'sedlakp', 'xlazni05', 'reznicekm', 'jirkami', 'poloop', 'lumpikur', 'xsedam00', 'susen', 'cendar', 'Havlicek']",59,"['xnavra28', 'jegonzal', 'shorif', 'ZdenekNo', 'zenock', 'majlos', 'nugraha', 'jhenrie', 'zhudongchun', 'mikkiste', 'masud001', 'bupolin77', 'kuzdaso', 'LINCSTAR182', 'xbartu', 'xhakto00', 'Dallda', 'xhrube00', 'xjaros24', 'bajones', 'cbburger', 'ufyzguest', 'czkiller', 'lordraia', 'loutocky', 'jiri_novosad', 'kaz830', 'xkroli00', 'xbetla00', 'benda', 'berzby', 'hugotek', 'xzimek01', 'xjanos07', 'Zenock', 'fsheng', 'xkubin08', 'sedlakp', 'sbc4897', 'xlazni05', 'kim70', 'grock', 'reznicekm', 'majlow', 'boki', 'cinedemian', 'jirkami', 'poloop', 'lumpikur', 'newmin', 'xsedam00', 'jasonpeterson', 'susen', 'ssalamat', 'rno310', 'junezhu', 'john1248', 'cendar', 'Havlicek']"
6,29,29,17,11,"['cinedemian', 'cbburger', 'newmin', 'shorif', 'ssalamat', 'zhudongchun', 'jhenrie', 'kim70', 'junezhu', 'masud001', 'bupolin77']",18,"['grock', 'Zenock', 'fsheng', 'boki', 'bajones', 'jegonzal', 'ZdenekNo', 'jasonpeterson', 'kaz830', 'zenock', 'sbc4897', 'rno310', 'nugraha', 'xzimek01', 'john1248', 'kuzdaso', 'LINCSTAR182', 'majlow']",6,"['tjandran', 'zainu', 'turkstra', 'pgururaj', 'gkarakon', 'vidnari']",35,"['jegonzal', 'shorif', 'ZdenekNo', 'zenock', 'nugraha', 'jhenrie', 'zhudongchun', 'masud001', 'bupolin77', 'kuzdaso', 'LINCSTAR182', 'bajones', 'cbburger', 'kaz830', 'pgururaj', 'xzimek01', 'Zenock', 'fsheng', 'sbc4897', 'kim70', 'gkarakon', 'grock', 'majlow', 'boki', 'cinedemian', 'tjandran', 'vidnari', 'zainu', 'newmin', 'jasonpeterson', 'ssalamat', 'rno310', 'turkstra', 'junezhu', 'john1248']"
6,27,29,16,1,['grock'],28,"['jegonzal', 'shorif', 'ZdenekNo', 'zenock', 'nugraha', 'jhenrie', 'zhudongchun', 'masud001', 'kuzdaso', 'bupolin77', 'LINCSTAR182', 'bajones', 'cbburger', 'kaz830', 'xzimek01', 'Zenock', 'fsheng', 'sbc4897', 'kim70', 'majlow', 'boki', 'cinedemian', 'newmin', 'jasonpeterson', 'ssalamat', 'rno310', 'junezhu', 'john1248']",15,"['hbui', 'victorkelley', 'chrisraymes', 'DarrinReed', 'davidknight', 'dency_daniel', 'stewartsoda', 'kriscampbell', 'ssessi', 'aaronwozniak', 'sahar', 'otrejo', 'jvalmanza', 'lincstar182', 'justinbutterfield']",44,"['hbui', 'jegonzal', 'shorif', 'ZdenekNo', 'aaronwozniak', 'zenock', 'nugraha', 'jhenrie', 'jvalmanza', 'zhudongchun', 'masud001', 'bupolin77', 'kuzdaso', 'LINCSTAR182', 'victorkelley', 'bajones', 'cbburger', 'DarrinReed', 'kaz830', 'sahar', 'otrejo', 'justinbutterfield', 'xzimek01', 'Zenock', 'fsheng', 'chrisraymes', 'davidknight', 'dency_daniel', 'sbc4897', 'ssessi', 'kim70', 'grock', 'majlow', 'boki', 'cinedemian', 'newmin', 'jasonpeterson', 'ssalamat', 'stewartsoda', 'rno310', 'kriscampbell', 'lincstar182', 'junezhu', 'john1248']"
7,61,23,123,15,"['fisher', 'plaird', 'axavier', 'jcleong', 'jcromer', 'priyamtrivedi', 'gsinghal', 'stucky', 'nutomo', 'jenkinsalexp', 'babauman', 'aozero', 'aashi21', 'nee_a87', 'SonicalFlair']",8,"['adarmans', 'singhs', 'mjbarger', 'adamskelton', 'blee292513', 'acgautam', 'skalafut', 'misko9']",108,"['sonicalflair', 'mrhee', 'tmoffitt', 'jones105', 'kdaiya', 'mwarsco', 'acallawa', 'garg', 'sageorge', 'dsutherl', 'tcollopy', 'sumeetkumargupta', 'dgrothe', 'obernada', 'jkurasz', 'nmisiuna', 'seshaw', 'lcowsert', 'chang61', 'griffinm', 'pranaynanda', 'johns180', 'ftanjono', 'nlabianc', 'singapaul', 'gustaf89', 'vinsma', 'chermawi', 'dmmitche', 'jwetheri', 'hiddendecoy', 'gzarse', 'terran010', 'chaines', 'jidthekid', 'zer0xxx', 'rsherloc', 'Zarastra', 'spgreene', 'arorar', 'npanitch', 'wangyangboy', 'mamitche', 'judoma', 'mtanoto', 'docdaa008', 'dergan', 'mtummala', 'zeich', 'mhain', 'sstreete', 'dmsnell', 'kelkwa11', 'mrmillz', 'jgu', 'atruesde', 'jostendo', 'irony59', 'wizdh', 'longja', 'sbach', 'werman691', 'ongt', 'csrockerzero', 'brunner2112', 'pjyoti', 'kim130', 'dube0', 'swethy', 'dplamber', 'kim131', 'pmongkol', 'rahoward', 'hsvasi', 'akhilesh', 'nrrojas', 'pateldm', 'jaycrayz', 'jskim', 'wow676', 'rtrusty', 'pbayuart', 'czahner', 'astacy', 'mattsbai', 'wildkid256', 'fuzzy_maraca77', 'rparisi', 'han45', 'spamilton1', 'asudibyo', 'somacroy', 'bsparson', 'bdannan', 'tdjanoko', 'zconvers', 'Jabzg', 'kklacik', 'nchirla', 'jcwirth', 'john3636', 'bsyoder', 'ahermann', 'lpuglisi', 'gutierjm', 'dulmes', 'joeblu', 'Fisher']",131,"['mrhee', 'tmoffitt', 'jones105', 'kdaiya', 'mwarsco', 'gsinghal', 'sageorge', 'sumeetkumargupta', 'nmisiuna', 'lcowsert', 'nlabianc', 'singapaul', 'chermawi', 'mjbarger', 'hiddendecoy', 'gzarse', 'terran010', 'chaines', 'zer0xxx', 'rsherloc', 'Zarastra', 'spgreene', 'arorar', 'wangyangboy', 'judoma', 'docdaa008', 'dergan', 'zeich', 'misko9', 'mhain', 'sstreete', 'dmsnell', 'jgu', 'acgautam', 'longja', 'jcleong', 'nee_a87', 'skalafut', 'sbach', 'csrockerzero', 'plaird', 'axavier', 'dube0', 'dplamber', 'pmongkol', 'rahoward', 'hsvasi', 'wow676', 'rtrusty', 'stucky', 'nutomo', 'astacy', 'mattsbai', 'adamskelton', 'wildkid256', 'fuzzy_maraca77', 'han45', 'spamilton1', 'bsparson', 'tdjanoko', 'adarmans', 'zconvers', 'Jabzg', 'nchirla', 'jcwirth', 'ahermann', 'dulmes', 'sonicalflair', 'acallawa', 'garg', 'dsutherl', 'tcollopy', 'dgrothe', 'obernada', 'jkurasz', 'seshaw', 'chang61', 'griffinm', 'pranaynanda', 'johns180', 'ftanjono', 'gustaf89', 'vinsma', 'dmmitche', 'jwetheri', 'singhs', 'jidthekid', 'npanitch', 'mamitche', 'mtanoto', 'mtummala', 'SonicalFlair', 'kelkwa11', 'mrmillz', 'jcromer', 'jenkinsalexp', 'atruesde', 'babauman', 'jostendo', 'irony59', 'aozero', 'wizdh', 'werman691', 'ongt', 'brunner2112', 'pjyoti', 'kim130', 'swethy', 'kim131', 'priyamtrivedi', 'akhilesh', 'nrrojas', 'pateldm', 'jaycrayz', 'jskim', 'pbayuart', 'czahner', 'rparisi', 'asudibyo', 'blee292513', 'aashi21', 'bdannan', 'fisher', 'kklacik', 'john3636', 'bsyoder', 'lpuglisi', 'gutierjm', 'somacroy', 'joeblu', 'Fisher']"
7,66,23,68,1,['gsinghal'],22,"['plaird', 'axavier', 'priyamtrivedi', 'stucky', 'nutomo', 'adamskelton', 'mjbarger', 'jcleong', 'singhs', 'blee292513', 'aashi21', 'SonicalFlair', 'misko9', 'fisher', 'adarmans', 'jcromer', 'jenkinsalexp', 'babauman', 'aozero', 'acgautam', 'nee_a87', 'skalafut']",67,"['gbalmer', 'sonicalflair', 'dube0', 'swethy', 'kdaiya', 'dplamber', 'acallawa', 'pmongkol', 'rahoward', 'kassovic', 'tcollopy', 'hsvasi', 'sprashan', 'akhilesh', 'jsterlin', 'obernada', 'jskim', 'jaycrayz', 'nrrojas', 'jtill04', 'wow676', 'rtrusty', 'dulmes', 'zer0xXx', 'pranaynanda', 'pbayuart', 'johns180', 'aforkner', 'ftanjono', 'astacy', 'nlabianc', 'et279', 'gustaf89', 'mattsbai', 'gshaw', 'chermawi', 'jwetheri', 'gzarse', 'babaumga', 'terran010', 'rsherloc', 'lpeterus', 'arorar', 'Fisher', 'spamilton1', 'wangyangboy', 'docdaa008', 'dvanclev', 'dergan', 'bdannan', 'tdjanoko', 'kklacik', 'Jabzg', 'sstreete', 'dmsnell', 'nchirla', 'kelkwa11', 'jcwirth', 'jgu', 'mrmillz', 'atruesde', 'irony59', 'lpuglisi', 'gutierjm', 'werman691', 'brunner2112', 'jostendo']",90,"['gbalmer', 'sonicalflair', 'kdaiya', 'acallawa', 'gsinghal', 'tcollopy', 'sprashan', 'obernada', 'jsterlin', 'zer0xXx', 'pranaynanda', 'johns180', 'ftanjono', 'nlabianc', 'gustaf89', 'chermawi', 'jwetheri', 'mjbarger', 'gzarse', 'babaumga', 'singhs', 'terran010', 'rsherloc', 'lpeterus', 'arorar', 'wangyangboy', 'docdaa008', 'dergan', 'SonicalFlair', 'misko9', 'sstreete', 'dmsnell', 'kelkwa11', 'jcromer', 'jgu', 'mrmillz', 'jenkinsalexp', 'atruesde', 'babauman', 'irony59', 'aozero', 'acgautam', 'jcleong', 'nee_a87', 'skalafut', 'werman691', 'brunner2112', 'plaird', 'axavier', 'dube0', 'swethy', 'dplamber', 'priyamtrivedi', 'pmongkol', 'rahoward', 'kassovic', 'hsvasi', 'akhilesh', 'jaycrayz', 'nrrojas', 'jskim', 'jtill04', 'wow676', 'rtrusty', 'stucky', 'nutomo', 'pbayuart', 'aforkner', 'astacy', 'et279', 'mattsbai', 'gshaw', 'adamskelton', 'Fisher', 'spamilton1', 'blee292513', 'aashi21', 'dvanclev', 'bdannan', 'tdjanoko', 'fisher', 'adarmans', 'kklacik', 'Jabzg', 'nchirla', 'jcwirth', 'lpuglisi', 'gutierjm', 'dulmes', 'jostendo']"
7,65,23,13,1,['acgautam'],22,"['plaird', 'axavier', 'priyamtrivedi', 'gsinghal', 'stucky', 'nutomo', 'adamskelton', 'mjbarger', 'jcleong', 'singhs', 'blee292513', 'aashi21', 'SonicalFlair', 'misko9', 'fisher', 'adarmans', 'jcromer', 'jenkinsalexp', 'babauman', 'aozero', 'nee_a87', 'skalafut']",12,"['gbalmer', 'romanchd', 'MurphyAKL', 'jsommer', 'spamilton1', 'bsparson', 'sageorge', 'ftanjono', 'ajrobiso', 'camyers', 'somacroy', 'ebuysse']",35,"['gbalmer', 'jcleong', 'plaird', 'axavier', 'singhs', 'romanchd', 'MurphyAKL', 'jsommer', 'priyamtrivedi', 'gsinghal', 'somacroy', 'spamilton1', 'bsparson', 'sageorge', 'ajrobiso', 'blee292513', 'aashi21', 'camyers', 'SonicalFlair', 'misko9', 'ebuysse', 'fisher', 'adarmans', 'jcromer', 'stucky', 'nutomo', 'adamskelton', 'jenkinsalexp', 'babauman', 'ftanjono', 'aozero', 'acgautam', 'nee_a87', 'skalafut', 'mjbarger']"
7,62,23,12,1,['adarmans'],22,"['plaird', 'axavier', 'priyamtrivedi', 'gsinghal', 'stucky', 'nutomo', 'adamskelton', 'mjbarger', 'jcleong', 'singhs', 'blee292513', 'aashi21', 'SonicalFlair', 'misko9', 'fisher', 'jcromer', 'jenkinsalexp', 'babauman', 'aozero', 'acgautam', 'nee_a87', 'skalafut']",11,"['lcowsert', 'smchaudh', 'chaines', 'smith571', 'dopkick', 'han45', 'gjross', 'astacy', 'dvanclev', 'sprashan', 'neudeck']",34,"['jcleong', 'plaird', 'axavier', 'singhs', 'chaines', 'dopkick', 'priyamtrivedi', 'gsinghal', 'han45', 'gjross', 'blee292513', 'aashi21', 'dvanclev', 'sprashan', 'neudeck', 'SonicalFlair', 'misko9', 'fisher', 'adarmans', 'lcowsert', 'smchaudh', 'jcromer', 'smith571', 'stucky', 'nutomo', 'adamskelton', 'jenkinsalexp', 'babauman', 'astacy', 'aozero', 'acgautam', 'nee_a87', 'skalafut', 'mjbarger']"
7,63,23,7,3,"['nee_a87', 'blee292513', 'singhs']",20,"['plaird', 'axavier', 'priyamtrivedi', 'gsinghal', 'stucky', 'nutomo', 'adamskelton', 'mjbarger', 'aashi21', 'SonicalFlair', 'misko9', 'fisher', 'adarmans', 'jcromer', 'jenkinsalexp', 'babauman', 'aozero', 'acgautam', 'jcleong', 'skalafut']",4,"['mtanoto', 'han45', 'nanohueb', 'csrockerzero']",27,"['jcleong', 'plaird', 'axavier', 'singhs', 'priyamtrivedi', 'gsinghal', 'han45', 'mtanoto', 'blee292513', 'aashi21', 'nanohueb', 'csrockerzero', 'SonicalFlair', 'misko9', 'fisher', 'adarmans', 'jcromer', 'stucky', 'nutomo', 'adamskelton', 'jenkinsalexp', 'babauman', 'aozero', 'acgautam', 'nee_a87', 'skalafut', 'mjbarger']"
8,10,20,23,14,"['shannonlew', 'sayid', 'braganza_michael', 'leeckung', 'radiation', 'exlove', 'orsonlo', 'cybersnoopy', 'greatjw', 'dharma135', 'candle120', 'CyberSnoopy', 'hhuang', 'jkdavid']",6,"['JForejtek', 'fountain', 'okinjo', 'sonchoy', 'rajatg', 'slipson']",9,"['jamil', 'pradeepranjal', 'dipanjan', 'ddrum2000', 'harip1985', 'enshaoliu', 'mer99tigers', 'femto', 'lettertohyo']",29,"['dipanjan', 'sayid', 'braganza_michael', 'ddrum2000', 'leeckung', 'femto', 'jkdavid', 'fountain', 'orsonlo', 'enshaoliu', 'sonchoy', 'slipson', 'shannonlew', 'pradeepranjal', 'JForejtek', 'okinjo', 'mer99tigers', 'cybersnoopy', 'lettertohyo', 'candle120', 'CyberSnoopy', 'jamil', 'harip1985', 'radiation', 'rajatg', 'hhuang', 'dharma135', 'greatjw', 'exlove']"
8,7,20,7,2,"['CyberSnoopy', 'cybersnoopy']",18,"['slipson', 'shannonlew', 'JForejtek', 'sayid', 'braganza_michael', 'fountain', 'leeckung', 'okinjo', 'radiation', 'exlove', 'orsonlo', 'sonchoy', 'rajatg', 'greatjw', 'dharma135', 'candle120', 'hhuang', 'jkdavid']",5,"['jamil', 'ddrum2000', 'ferdousi', 'enshaoliu', 'lettertohyo']",25,"['shannonlew', 'JForejtek', 'sayid', 'braganza_michael', 'ddrum2000', 'leeckung', 'okinjo', 'exlove', 'ferdousi', 'cybersnoopy', 'lettertohyo', 'candle120', 'CyberSnoopy', 'jkdavid', 'jamil', 'fountain', 'radiation', 'orsonlo', 'enshaoliu', 'sonchoy', 'rajatg', 'dharma135', 'greatjw', 'hhuang', 'slipson']"
8,9,20,6,1,['JForejtek'],19,"['sayid', 'braganza_michael', 'leeckung', 'jkdavid', 'fountain', 'orsonlo', 'sonchoy', 'slipson', 'shannonlew', 'okinjo', 'cybersnoopy', 'candle120', 'CyberSnoopy', 'radiation', 'rajatg', 'hhuang', 'dharma135', 'greatjw', 'exlove']",5,"['xjaros24', 'xnavra28', 'xsedam00', 'xjanos07', 'xbartu']",25,"['shannonlew', 'JForejtek', 'sayid', 'braganza_michael', 'xnavra28', 'leeckung', 'okinjo', 'exlove', 'cybersnoopy', 'candle120', 'CyberSnoopy', 'jkdavid', 'xbartu', 'xjaros24', 'fountain', 'xsedam00', 'radiation', 'orsonlo', 'sonchoy', 'rajatg', 'dharma135', 'greatjw', 'hhuang', 'xjanos07', 'slipson']"
9,34,16,36,2,"['sulcj', 'jchmelik']",14,"['xhrube00', 'jirkami', 'xjaros24', 'xnavra28', 'czkiller', 'xsedam00', 'lordraia', 'loutocky', 'xkroli00', 'benda', 'mikkiste', 'berzby', 'hugotek', 'xbartu']",34,"['kubb', 'poolee', 'xpavlo04', 'thorXL', 'jiriholubcik', 'vinecko', 'jmacak', 'jendelin1', 'xjanic06', 'vidan', 'jarek', 'martingt110', 'xpapez00', 'ufyzguest', 'jardakn', 'Pau16', 'mage', 'xkrahu03', 'immortal', 'mirek', 'clovek', 'magellan', 'nano_xtalav00', 'sedlakp', 'xhenzl00', 'zeron', 'clown', 'poloop', 'xuhlar00', 'xbotko00', 'xzaple12', 'roman', 'cendar', 'Havlicek']",50,"['kubb', 'poolee', 'xpavlo04', 'xnavra28', 'thorXL', 'jiriholubcik', 'vinecko', 'jmacak', 'xjanic06', 'mikkiste', 'jendelin1', 'vidan', 'xbartu', 'jarek', 'martingt110', 'xhrube00', 'xjaros24', 'xpapez00', 'ufyzguest', 'czkiller', 'lordraia', 'jardakn', 'loutocky', 'Pau16', 'xkroli00', 'mage', 'xkrahu03', 'benda', 'berzby', 'hugotek', 'immortal', 'mirek', 'clovek', 'magellan', 'nano_xtalav00', 'sedlakp', 'xhenzl00', 'zeron', 'jirkami', 'clown', 'poloop', 'xsedam00', 'xuhlar00', 'xbotko00', 'sulcj', 'jchmelik', 'xzaple12', 'roman', 'cendar', 'Havlicek']"
9,26,16,35,2,"['sulcj', 'jchmelik']",14,"['xhrube00', 'jirkami', 'xjaros24', 'xnavra28', 'czkiller', 'xsedam00', 'lordraia', 'loutocky', 'xkroli00', 'benda', 'mikkiste', 'berzby', 'hugotek', 'xbartu']",33,"['wing', 'kubb', 'xpavlo04', 'thorXL', 'xmisek00', 'jiriholubcik', 'vinecko', 'jendelin1', 'xjanic06', 'vidan', 'KliBall', 'jarek', 'xpapez00', 'haldy', 'jardakn', 'jiri_novosad', 'Pau16', 'mage', 'xkrahu03', 'immortal', 'mirek', 'magellan', 'nano_xtalav00', 'sedlakp', 'xsvabf00', 'zeron', 'Roman', 'clown', 'xuhlar00', 'xbotko00', 'callos', 'xzaple12', 'Havlicek']",49,"['kubb', 'wing', 'xpavlo04', 'xnavra28', 'thorXL', 'xmisek00', 'jiriholubcik', 'vinecko', 'xjanic06', 'mikkiste', 'jendelin1', 'vidan', 'xbartu', 'jarek', 'KliBall', 'xhrube00', 'xjaros24', 'xpapez00', 'czkiller', 'lordraia', 'haldy', 'loutocky', 'jardakn', 'jiri_novosad', 'xkroli00', 'Pau16', 'mage', 'xkrahu03', 'benda', 'berzby', 'hugotek', 'immortal', 'mirek', 'magellan', 'nano_xtalav00', 'sedlakp', 'xsvabf00', 'zeron', 'Roman', 'jirkami', 'clown', 'xsedam00', 'xuhlar00', 'xbotko00', 'sulcj', 'jchmelik', 'xzaple12', 'callos', 'Havlicek']"
9,28,16,34,14,"['xhrube00', 'jirkami', 'xjaros24', 'xnavra28', 'czkiller', 'xsedam00', 'lordraia', 'loutocky', 'xkroli00', 'benda', 'mikkiste', 'berzby', 'hugotek', 'xbartu']",2,"['sulcj', 'jchmelik']",20,"['ZdenekNo', 'majlos', 'kuzdaso', 'xhakto00', 'Dallda', 'ufyzguest', 'jiri_novosad', 'xbetla00', 'xzimek01', 'xjanos07', 'xkubin08', 'sedlakp', 'xlazni05', 'reznicekm', 'majlow', 'poloop', 'lumpikur', 'susen', 'cendar', 'Havlicek']",36,"['xnavra28', 'ZdenekNo', 'majlos', 'mikkiste', 'kuzdaso', 'xbartu', 'xhakto00', 'xhrube00', 'Dallda', 'xjaros24', 'ufyzguest', 'czkiller', 'lordraia', 'loutocky', 'jiri_novosad', 'xkroli00', 'xbetla00', 'benda', 'berzby', 'hugotek', 'xzimek01', 'xjanos07', 'xkubin08', 'sedlakp', 'xlazni05', 'reznicekm', 'majlow', 'jirkami', 'poloop', 'lumpikur', 'xsedam00', 'susen', 'sulcj', 'jchmelik', 'cendar', 'Havlicek']"
9,43,16,32,2,"['sulcj', 'jchmelik']",14,"['xhrube00', 'jirkami', 'xjaros24', 'xnavra28', 'czkiller', 'xsedam00', 'lordraia', 'loutocky', 'xkroli00', 'benda', 'mikkiste', 'berzby', 'hugotek', 'xbartu']",30,"['kubb', 'poolee', 'kliball', 'xpavlo04', 'thorXL', 'xmisek00', 'jiriholubcik', 'vinecko', 'jendelin1', 'xjanic06', 'xpapez00', 'ufyzguest', 'jiri_novosad', 'Pau16', 'hajny', 'xkrahu03', 'haldy123', 'immortal', 'djnavr', 'mirek', 'sedlakp', 'zeron', 'clown', 'xuhlar00', 'xstava05', 'callos', 'xzaple12', 'roman', 'cendar', 'Havlicek']",46,"['kubb', 'poolee', 'xpavlo04', 'xnavra28', 'kliball', 'thorXL', 'xmisek00', 'jiriholubcik', 'vinecko', 'xjanic06', 'mikkiste', 'jendelin1', 'xbartu', 'xhrube00', 'xjaros24', 'xpapez00', 'ufyzguest', 'czkiller', 'lordraia', 'loutocky', 'jiri_novosad', 'Pau16', 'xkroli00', 'hajny', 'xkrahu03', 'benda', 'haldy123', 'berzby', 'hugotek', 'immortal', 'djnavr', 'mirek', 'sedlakp', 'zeron', 'jirkami', 'clown', 'xsedam00', 'cendar', 'xuhlar00', 'xstava05', 'sulcj', 'jchmelik', 'xzaple12', 'roman', 'callos', 'Havlicek']"
9,35,16,31,13,"['xhrube00', 'jirkami', 'xjaros24', 'xnavra28', 'czkiller', 'xsedam00', 'lordraia', 'loutocky', 'xkroli00', 'benda', 'berzby', 'hugotek', 'xbartu']",3,"['mikkiste', 'sulcj', 'jchmelik']",18,"['rasiel', 'xhakto00', 'ufyzguest', 'kliball', 'lumpikur', 'solda', 'Ladas_M', 'oti', 'pekosek23', 'susen', 'xmisek00', 'sedlakp', 'majlos', 'xbetla00', 'koren', 'NosekZ', 'dallda', 'reznicekm']",34,"['rasiel', 'kliball', 'xnavra28', 'xmisek00', 'majlos', 'mikkiste', 'dallda', 'xbartu', 'xhakto00', 'xhrube00', 'xjaros24', 'ufyzguest', 'Ladas_M', 'czkiller', 'lordraia', 'loutocky', 'xkroli00', 'xbetla00', 'benda', 'berzby', 'hugotek', 'solda', 'pekosek23', 'sedlakp', 'koren', 'NosekZ', 'reznicekm', 'jirkami', 'lumpikur', 'oti', 'xsedam00', 'susen', 'sulcj', 'jchmelik']"
9,44,16,30,14,"['xhrube00', 'jirkami', 'xjaros24', 'xnavra28', 'czkiller', 'xsedam00', 'lordraia', 'loutocky', 'xkroli00', 'benda', 'mikkiste', 'berzby', 'hugotek', 'xbartu']",2,"['sulcj', 'jchmelik']",16,"['xholik00', 'xkubin08', 'Nosekz', 'Ladas_M', 'oti', 'jardakn', 'krivak', 'pekosek23', 'majlos', 'xbetla00', 'mage', 'xlazni05', 'Solda', 'dallda', 'lumir', 'xjanos07']",32,"['xnavra28', 'majlos', 'mikkiste', 'dallda', 'xbartu', 'xholik00', 'xhrube00', 'xjaros24', 'Ladas_M', 'czkiller', 'lordraia', 'jardakn', 'loutocky', 'krivak', 'xkroli00', 'xbetla00', 'mage', 'benda', 'berzby', 'hugotek', 'xjanos07', 'xkubin08', 'Nosekz', 'pekosek23', 'xlazni05', 'jirkami', 'oti', 'xsedam00', 'sulcj', 'Solda', 'jchmelik', 'lumir']"
9,5,16,26,2,"['sulcj', 'loutocky']",14,"['xhrube00', 'jirkami', 'xjaros24', 'xnavra28', 'czkiller', 'xsedam00', 'lordraia', 'xkroli00', 'benda', 'jchmelik', 'mikkiste', 'berzby', 'hugotek', 'xbartu']",24,"['rasiel', 'kliball', 'xpavlo04', 'thorXL', 'xmisek00', 'vinecko', 'jmacak', 'jendelin1', 'xjanic06', 'xhakto00', 'ufyzguest', 'mage', 'immortal', 'nano_xtalav00', 'xhenzl00', 'pospa83', 'clown', 'xuhlar00', 'xbotko00', 'callos', 'xzaple12', 'roman', 'cendar', 'Havlicek']",40,"['rasiel', 'xpavlo04', 'xnavra28', 'kliball', 'thorXL', 'xmisek00', 'vinecko', 'jmacak', 'xjanic06', 'mikkiste', 'jendelin1', 'xbartu', 'xhakto00', 'xhrube00', 'xjaros24', 'ufyzguest', 'czkiller', 'lordraia', 'loutocky', 'xkroli00', 'mage', 'benda', 'berzby', 'hugotek', 'immortal', 'nano_xtalav00', 'xhenzl00', 'pospa83', 'jirkami', 'clown', 'xsedam00', 'cendar', 'xuhlar00', 'xbotko00', 'sulcj', 'jchmelik', 'xzaple12', 'roman', 'callos', 'Havlicek']"
9,2,16,23,1,['loutocky'],15,"['xhrube00', 'jirkami', 'xjaros24', 'xnavra28', 'czkiller', 'xsedam00', 'lordraia', 'xkroli00', 'sulcj', 'benda', 'jchmelik', 'mikkiste', 'berzby', 'hugotek', 'xbartu']",22,"['rasiel', 'kliball', 'xpavlo04', 'thorXL', 'xmisek00', 'vinecko', 'jendelin1', 'xhakto00', 'ufyzguest', 'mage', 'immortal', 'nano_xtalav00', 'xhenzl00', 'pospa83', 'roman', 'clown', 'xuhlar00', 'xbotko00', 'callos', 'xzaple12', 'jmacak', 'Havlicek']",38,"['rasiel', 'xpavlo04', 'xnavra28', 'kliball', 'thorXL', 'xmisek00', 'vinecko', 'jendelin1', 'mikkiste', 'xbartu', 'xhakto00', 'xhrube00', 'xjaros24', 'ufyzguest', 'czkiller', 'lordraia', 'loutocky', 'xkroli00', 'mage', 'benda', 'berzby', 'hugotek', 'immortal', 'nano_xtalav00', 'xhenzl00', 'pospa83', 'roman', 'jirkami', 'clown', 'xsedam00', 'xuhlar00', 'xbotko00', 'sulcj', 'jchmelik', 'xzaple12', 'jmacak', 'callos', 'Havlicek']"
9,3,16,18,9,"['xhrube00', 'jirkami', 'lordraia', 'xkroli00', 'benda', 'jchmelik', 'mikkiste', 'berzby', 'hugotek']",7,"['xjaros24', 'xnavra28', 'czkiller', 'xsedam00', 'loutocky', 'sulcj', 'xbartu']",9,"['xholik00', 'xkubin08', 'Dallda', 'poloop', 'susen', 'magellan', 'krivak', 'jiri_novosad', 'majlos']",25,"['xkubin08', 'xnavra28', 'magellan', 'majlos', 'mikkiste', 'xbartu', 'xholik00', 'xhrube00', 'jirkami', 'xjaros24', 'Dallda', 'poloop', 'czkiller', 'xsedam00', 'lordraia', 'loutocky', 'susen', 'krivak', 'xkroli00', 'sulcj', 'jiri_novosad', 'benda', 'jchmelik', 'berzby', 'hugotek']"
9,8,16,18,9,"['xhrube00', 'jirkami', 'lordraia', 'xkroli00', 'benda', 'jchmelik', 'mikkiste', 'berzby', 'hugotek']",7,"['xjaros24', 'xnavra28', 'czkiller', 'xsedam00', 'loutocky', 'sulcj', 'xbartu']",9,"['xholik00', 'xkubin08', 'Dallda', 'poloop', 'susen', 'magellan', 'krivak', 'jiri_novosad', 'majlos']",25,"['xkubin08', 'xnavra28', 'magellan', 'majlos', 'mikkiste', 'xbartu', 'xholik00', 'xhrube00', 'jirkami', 'xjaros24', 'Dallda', 'poloop', 'czkiller', 'xsedam00', 'lordraia', 'loutocky', 'susen', 'krivak', 'xkroli00', 'sulcj', 'jiri_novosad', 'benda', 'jchmelik', 'berzby', 'hugotek']"
9,9,16,6,4,"['xnavra28', 'xsedam00', 'xjaros24', 'xbartu']",12,"['xhrube00', 'jirkami', 'czkiller', 'lordraia', 'loutocky', 'xkroli00', 'sulcj', 'benda', 'jchmelik', 'mikkiste', 'berzby', 'hugotek']",2,"['xjanos07', 'JForejtek']",18,"['JForejtek', 'xnavra28', 'mikkiste', 'xbartu', 'xhrube00', 'jirkami', 'xjaros24', 'czkiller', 'xsedam00', 'lordraia', 'loutocky', 'xkroli00', 'sulcj', 'benda', 'jchmelik', 'berzby', 'hugotek', 'xjanos07']"
10,32,16,12,8,"['nyan84', 'oshekari', 'javiii87', 'dgilham', 'djcook', 'cushenj', 'betog', 'ghandi32']",8,"['cstringe', 'abhishekiin', 'bdgordon', 'dditzler', 'norflekr', 'guirreri', 'chunkysoup', 'zohebmunshi']",4,"['noondduh', 'vklall', 'abhisheKiin', 'vespasianvs']",20,"['nyan84', 'cstringe', 'javiii87', 'cushenj', 'noondduh', 'dditzler', 'vklall', 'guirreri', 'zohebmunshi', 'oshekari', 'dgilham', 'abhisheKiin', 'djcook', 'abhishekiin', 'betog', 'bdgordon', 'ghandi32', 'vespasianvs', 'norflekr', 'chunkysoup']"
10,30,16,10,7,"['nyan84', 'oshekari', 'javiii87', 'dgilham', 'cushenj', 'ghandi32', 'dditzler']",9,"['cstringe', 'djcook', 'abhishekiin', 'betog', 'bdgordon', 'norflekr', 'guirreri', 'chunkysoup', 'zohebmunshi']",3,"['vklall', 'da400king', 'agah']",19,"['nyan84', 'agah', 'cstringe', 'javiii87', 'cushenj', 'dditzler', 'vklall', 'guirreri', 'zohebmunshi', 'da400king', 'oshekari', 'dgilham', 'djcook', 'abhishekiin', 'betog', 'bdgordon', 'ghandi32', 'norflekr', 'chunkysoup']"
10,31,16,7,3,"['ghandi32', 'bdgordon', 'cstringe']",13,"['nyan84', 'oshekari', 'javiii87', 'dgilham', 'djcook', 'abhishekiin', 'cushenj', 'betog', 'dditzler', 'norflekr', 'guirreri', 'chunkysoup', 'zohebmunshi']",4,"['JasminaJazic', 'nyrhokie', 'chuckdeez810', 'jenneg19']",20,"['nyan84', 'cstringe', 'javiii87', 'cushenj', 'jenneg19', 'nyrhokie', 'dditzler', 'chuckdeez810', 'guirreri', 'zohebmunshi', 'JasminaJazic', 'oshekari', 'dgilham', 'djcook', 'abhishekiin', 'betog', 'bdgordon', 'ghandi32', 'norflekr', 'chunkysoup']"
10,33,16,5,3,"['bdgordon', 'chunkysoup', 'cstringe']",13,"['nyan84', 'oshekari', 'javiii87', 'dgilham', 'djcook', 'abhishekiin', 'cushenj', 'betog', 'ghandi32', 'dditzler', 'norflekr', 'guirreri', 'zohebmunshi']",2,"['NYRHokie', 'ykim']",18,"['nyan84', 'NYRHokie', 'cstringe', 'javiii87', 'cushenj', 'dditzler', 'guirreri', 'zohebmunshi', 'oshekari', 'dgilham', 'djcook', 'abhishekiin', 'betog', 'bdgordon', 'ghandi32', 'ykim', 'norflekr', 'chunkysoup']"
11,29,15,17,1,['vidnari'],14,"['brianmeek', 'omarbenitez', 'davidknight', 'dency_daniel', 'DarrinReed', 'stewartsoda', 'knuttz45', 'sahar', 'ssessi', 'otrejo', 'jvalmanza', 'lincstar182', 'justinbutterfield', 'ben_anderson1']",16,"['tjandran', 'cinedemian', 'zainu', 'cbburger', 'newmin', 'shorif', 'gkarakon', 'ssalamat', 'zhudongchun', 'turkstra', 'jhenrie', 'kim70', 'pgururaj', 'junezhu', 'masud001', 'bupolin77']",31,"['brianmeek', 'omarbenitez', 'shorif', 'knuttz45', 'jvalmanza', 'jhenrie', 'zhudongchun', 'masud001', 'bupolin77', 'ben_anderson1', 'cbburger', 'DarrinReed', 'sahar', 'otrejo', 'pgururaj', 'justinbutterfield', 'davidknight', 'dency_daniel', 'ssessi', 'kim70', 'gkarakon', 'vidnari', 'tjandran', 'cinedemian', 'zainu', 'newmin', 'stewartsoda', 'ssalamat', 'turkstra', 'lincstar182', 'junezhu']"
11,17,15,16,10,"['davidknight', 'dency_daniel', 'DarrinReed', 'stewartsoda', 'ssessi', 'sahar', 'otrejo', 'jvalmanza', 'lincstar182', 'justinbutterfield']",5,"['brianmeek', 'omarbenitez', 'knuttz45', 'ben_anderson1', 'vidnari']",6,"['hbui', 'chrisraymes', 'aaronwozniak', 'petersonidaho', 'zencharren', 'darrinreed']",21,"['brianmeek', 'hbui', 'omarbenitez', 'chrisraymes', 'davidknight', 'dency_daniel', 'knuttz45', 'ssessi', 'aaronwozniak', 'jvalmanza', 'ben_anderson1', 'vidnari', 'DarrinReed', 'stewartsoda', 'sahar', 'otrejo', 'lincstar182', 'justinbutterfield', 'petersonidaho', 'zencharren', 'darrinreed']"
11,27,15,16,10,"['davidknight', 'dency_daniel', 'DarrinReed', 'stewartsoda', 'ssessi', 'sahar', 'otrejo', 'jvalmanza', 'lincstar182', 'justinbutterfield']",5,"['brianmeek', 'omarbenitez', 'knuttz45', 'ben_anderson1', 'vidnari']",6,"['hbui', 'victorkelley', 'chrisraymes', 'kriscampbell', 'aaronwozniak', 'grock']",21,"['brianmeek', 'hbui', 'omarbenitez', 'chrisraymes', 'davidknight', 'dency_daniel', 'knuttz45', 'ssessi', 'aaronwozniak', 'jvalmanza', 'grock', 'ben_anderson1', 'vidnari', 'victorkelley', 'DarrinReed', 'stewartsoda', 'kriscampbell', 'sahar', 'otrejo', 'lincstar182', 'justinbutterfield']"
13,34,15,36,14,"['roman', 'kubb', 'ufyzguest', 'xpavlo04', 'poloop', 'nano_xtalav00', 'xbotko00', 'Pau16', 'mage', 'zeron', 'jmacak', 'immortal', 'Havlicek', 'jarek']",1,['callos'],22,"['poolee', 'thorXL', 'jiriholubcik', 'vinecko', 'jendelin1', 'xjanic06', 'vidan', 'martingt110', 'xpapez00', 'jardakn', 'xkrahu03', 'mirek', 'clovek', 'magellan', 'sedlakp', 'xhenzl00', 'clown', 'xuhlar00', 'sulcj', 'jchmelik', 'xzaple12', 'cendar']",37,"['kubb', 'poolee', 'xpavlo04', 'thorXL', 'jiriholubcik', 'vinecko', 'xjanic06', 'jendelin1', 'vidan', 'jarek', 'martingt110', 'ufyzguest', 'xpapez00', 'jardakn', 'Pau16', 'jchmelik', 'mage', 'xkrahu03', 'immortal', 'mirek', 'clovek', 'magellan', 'nano_xtalav00', 'sedlakp', 'xhenzl00', 'roman', 'clown', 'poloop', 'xzaple12', 'xuhlar00', 'xbotko00', 'sulcj', 'callos', 'zeron', 'jmacak', 'cendar', 'Havlicek']"
13,26,15,35,11,"['kubb', 'xpavlo04', 'nano_xtalav00', 'xbotko00', 'Pau16', 'mage', 'callos', 'zeron', 'immortal', 'Havlicek', 'jarek']",4,"['roman', 'jmacak', 'ufyzguest', 'poloop']",24,"['wing', 'thorXL', 'xmisek00', 'jiriholubcik', 'vinecko', 'jendelin1', 'xjanic06', 'vidan', 'KliBall', 'xpapez00', 'haldy', 'jardakn', 'jiri_novosad', 'xkrahu03', 'mirek', 'magellan', 'sedlakp', 'xsvabf00', 'Roman', 'clown', 'xuhlar00', 'sulcj', 'jchmelik', 'xzaple12']",39,"['kubb', 'wing', 'xpavlo04', 'thorXL', 'xmisek00', 'jiriholubcik', 'vinecko', 'xjanic06', 'jendelin1', 'vidan', 'jarek', 'KliBall', 'ufyzguest', 'xpapez00', 'haldy', 'jardakn', 'jiri_novosad', 'Pau16', 'jchmelik', 'mage', 'xkrahu03', 'immortal', 'mirek', 'magellan', 'nano_xtalav00', 'sedlakp', 'xsvabf00', 'Roman', 'roman', 'clown', 'poloop', 'xzaple12', 'xuhlar00', 'xbotko00', 'sulcj', 'callos', 'zeron', 'jmacak', 'Havlicek']"
13,28,15,34,3,"['ufyzguest', 'Havlicek', 'poloop']",12,"['roman', 'kubb', 'xpavlo04', 'nano_xtalav00', 'xbotko00', 'Pau16', 'mage', 'callos', 'zeron', 'jmacak', 'immortal', 'jarek']",31,"['xnavra28', 'ZdenekNo', 'majlos', 'mikkiste', 'kuzdaso', 'xbartu', 'xhakto00', 'Dallda', 'xhrube00', 'xjaros24', 'czkiller', 'lordraia', 'loutocky', 'jiri_novosad', 'xkroli00', 'xbetla00', 'benda', 'berzby', 'hugotek', 'xzimek01', 'xjanos07', 'xkubin08', 'sedlakp', 'xlazni05', 'reznicekm', 'majlow', 'jirkami', 'lumpikur', 'xsedam00', 'susen', 'cendar']",46,"['kubb', 'xpavlo04', 'xnavra28', 'ZdenekNo', 'majlos', 'mikkiste', 'kuzdaso', 'jarek', 'xbartu', 'xhakto00', 'Dallda', 'xhrube00', 'ufyzguest', 'xjaros24', 'czkiller', 'lordraia', 'loutocky', 'jiri_novosad', 'Pau16', 'xkroli00', 'xbetla00', 'mage', 'benda', 'berzby', 'hugotek', 'immortal', 'xzimek01', 'xjanos07', 'xkubin08', 'nano_xtalav00', 'sedlakp', 'xlazni05', 'reznicekm', 'majlow', 'roman', 'jirkami', 'poloop', 'lumpikur', 'xsedam00', 'susen', 'xbotko00', 'callos', 'zeron', 'jmacak', 'cendar', 'Havlicek']"
13,43,15,32,9,"['kubb', 'ufyzguest', 'xpavlo04', 'Pau16', 'callos', 'zeron', 'roman', 'immortal', 'Havlicek']",6,"['poloop', 'nano_xtalav00', 'xbotko00', 'mage', 'jmacak', 'jarek']",23,"['poolee', 'kliball', 'thorXL', 'xmisek00', 'jiriholubcik', 'vinecko', 'jendelin1', 'xjanic06', 'xpapez00', 'jiri_novosad', 'hajny', 'xkrahu03', 'haldy123', 'djnavr', 'mirek', 'sedlakp', 'clown', 'xuhlar00', 'xstava05', 'sulcj', 'jchmelik', 'xzaple12', 'cendar']",38,"['kubb', 'poolee', 'xpavlo04', 'kliball', 'thorXL', 'xmisek00', 'jiriholubcik', 'vinecko', 'xjanic06', 'jendelin1', 'jarek', 'ufyzguest', 'xpapez00', 'jiri_novosad', 'Pau16', 'jchmelik', 'mage', 'hajny', 'xkrahu03', 'haldy123', 'immortal', 'djnavr', 'mirek', 'nano_xtalav00', 'sedlakp', 'roman', 'clown', 'poloop', 'xzaple12', 'xuhlar00', 'xbotko00', 'xstava05', 'sulcj', 'callos', 'zeron', 'jmacak', 'cendar', 'Havlicek']"
13,35,15,31,1,['ufyzguest'],14,"['roman', 'kubb', 'xpavlo04', 'poloop', 'nano_xtalav00', 'xbotko00', 'Pau16', 'mage', 'callos', 'zeron', 'jmacak', 'immortal', 'Havlicek', 'jarek']",30,"['rasiel', 'kliball', 'xnavra28', 'xmisek00', 'majlos', 'dallda', 'xbartu', 'xhakto00', 'xhrube00', 'xjaros24', 'Ladas_M', 'czkiller', 'lordraia', 'loutocky', 'xkroli00', 'xbetla00', 'benda', 'berzby', 'hugotek', 'solda', 'pekosek23', 'sedlakp', 'koren', 'NosekZ', 'reznicekm', 'jirkami', 'lumpikur', 'oti', 'xsedam00', 'susen']",45,"['rasiel', 'kubb', 'xpavlo04', 'kliball', 'xnavra28', 'xmisek00', 'majlos', 'dallda', 'jarek', 'xbartu', 'xhakto00', 'xhrube00', 'ufyzguest', 'xjaros24', 'Ladas_M', 'czkiller', 'lordraia', 'loutocky', 'Pau16', 'xkroli00', 'xbetla00', 'mage', 'benda', 'berzby', 'hugotek', 'immortal', 'solda', 'pekosek23', 'nano_xtalav00', 'sedlakp', 'koren', 'NosekZ', 'reznicekm', 'roman', 'jirkami', 'poloop', 'lumpikur', 'oti', 'xsedam00', 'susen', 'xbotko00', 'callos', 'zeron', 'jmacak', 'Havlicek']"
13,44,15,30,1,['mage'],14,"['roman', 'kubb', 'ufyzguest', 'xpavlo04', 'poloop', 'nano_xtalav00', 'xbotko00', 'Pau16', 'callos', 'zeron', 'jmacak', 'immortal', 'Havlicek', 'jarek']",29,"['xnavra28', 'majlos', 'mikkiste', 'dallda', 'xbartu', 'xholik00', 'xhrube00', 'xjaros24', 'Ladas_M', 'czkiller', 'lordraia', 'jardakn', 'loutocky', 'krivak', 'xkroli00', 'xbetla00', 'benda', 'berzby', 'hugotek', 'xjanos07', 'xkubin08', 'Nosekz', 'pekosek23', 'xlazni05', 'jirkami', 'oti', 'xsedam00', 'Solda', 'lumir']",44,"['kubb', 'xpavlo04', 'xnavra28', 'majlos', 'mikkiste', 'dallda', 'jarek', 'xbartu', 'xholik00', 'xhrube00', 'ufyzguest', 'xjaros24', 'Ladas_M', 'czkiller', 'lordraia', 'jardakn', 'loutocky', 'krivak', 'Pau16', 'xkroli00', 'xbetla00', 'mage', 'benda', 'berzby', 'hugotek', 'immortal', 'xjanos07', 'xkubin08', 'Nosekz', 'pekosek23', 'nano_xtalav00', 'xlazni05', 'roman', 'jirkami', 'poloop', 'oti', 'xsedam00', 'xbotko00', 'Solda', 'callos', 'zeron', 'jmacak', 'lumir', 'Havlicek']"
13,5,15,26,10,"['roman', 'ufyzguest', 'xpavlo04', 'nano_xtalav00', 'xbotko00', 'mage', 'callos', 'jmacak', 'immortal', 'Havlicek']",5,"['kubb', 'poloop', 'Pau16', 'zeron', 'jarek']",16,"['rasiel', 'xhakto00', 'clown', 'kliball', 'jendelin1', 'thorXL', 'xzaple12', 'xmisek00', 'loutocky', 'vinecko', 'xuhlar00', 'sulcj', 'xhenzl00', 'xjanic06', 'cendar', 'pospa83']",31,"['rasiel', 'kubb', 'xpavlo04', 'kliball', 'thorXL', 'xmisek00', 'vinecko', 'xjanic06', 'jendelin1', 'jarek', 'xhakto00', 'ufyzguest', 'loutocky', 'Pau16', 'mage', 'immortal', 'nano_xtalav00', 'xhenzl00', 'pospa83', 'roman', 'clown', 'poloop', 'xzaple12', 'xuhlar00', 'xbotko00', 'sulcj', 'callos', 'zeron', 'jmacak', 'cendar', 'Havlicek']"
13,48,15,26,11,"['roman', 'xpavlo04', 'poloop', 'nano_xtalav00', 'Pau16', 'xbotko00', 'callos', 'jmacak', 'immortal', 'Havlicek', 'jarek']",4,"['zeron', 'kubb', 'mage', 'ufyzguest']",15,"['poolee', 'thorXL', 'xzaple12', 'jiri_novosad', 'sedlakp', 'jiriholubcik', 'vinecko', 'xhenzl00', 'xstava05', 'hajny', 'xkrahu03', 'tomasbzonek', 'xjanic06', 'cendar', 'mirek']",30,"['kubb', 'poolee', 'xpavlo04', 'thorXL', 'jiriholubcik', 'vinecko', 'xjanic06', 'jarek', 'ufyzguest', 'jiri_novosad', 'Pau16', 'mage', 'hajny', 'xkrahu03', 'tomasbzonek', 'immortal', 'mirek', 'nano_xtalav00', 'sedlakp', 'xhenzl00', 'roman', 'poloop', 'xzaple12', 'xbotko00', 'xstava05', 'callos', 'zeron', 'jmacak', 'cendar', 'Havlicek']"
13,2,15,23,10,"['roman', 'ufyzguest', 'xpavlo04', 'nano_xtalav00', 'xbotko00', 'mage', 'callos', 'jmacak', 'immortal', 'Havlicek']",5,"['kubb', 'poloop', 'Pau16', 'zeron', 'jarek']",13,"['rasiel', 'xhakto00', 'clown', 'kliball', 'thorXL', 'xzaple12', 'xmisek00', 'loutocky', 'vinecko', 'xuhlar00', 'xhenzl00', 'jendelin1', 'pospa83']",28,"['rasiel', 'kubb', 'xpavlo04', 'kliball', 'thorXL', 'xmisek00', 'vinecko', 'jendelin1', 'jarek', 'xhakto00', 'ufyzguest', 'loutocky', 'Pau16', 'mage', 'immortal', 'nano_xtalav00', 'xhenzl00', 'pospa83', 'roman', 'clown', 'poloop', 'xzaple12', 'xuhlar00', 'xbotko00', 'callos', 'zeron', 'jmacak', 'Havlicek']"
13,3,15,18,1,['poloop'],14,"['roman', 'kubb', 'ufyzguest', 'xpavlo04', 'nano_xtalav00', 'xbotko00', 'Pau16', 'mage', 'callos', 'zeron', 'jmacak', 'immortal', 'Havlicek', 'jarek']",17,"['xholik00', 'xkubin08', 'xhrube00', 'Dallda', 'jirkami', 'susen', 'magellan', 'krivak', 'jiri_novosad', 'lordraia', 'xkroli00', 'majlos', 'benda', 'jchmelik', 'mikkiste', 'berzby', 'hugotek']",32,"['kubb', 'xpavlo04', 'majlos', 'mikkiste', 'jarek', 'xholik00', 'xhrube00', 'Dallda', 'ufyzguest', 'lordraia', 'krivak', 'jiri_novosad', 'Pau16', 'xkroli00', 'jchmelik', 'mage', 'benda', 'berzby', 'hugotek', 'immortal', 'xkubin08', 'magellan', 'nano_xtalav00', 'roman', 'jirkami', 'poloop', 'susen', 'xbotko00', 'callos', 'zeron', 'jmacak', 'Havlicek']"
13,8,15,18,1,['poloop'],14,"['roman', 'kubb', 'ufyzguest', 'xpavlo04', 'nano_xtalav00', 'xbotko00', 'Pau16', 'mage', 'callos', 'zeron', 'jmacak', 'immortal', 'Havlicek', 'jarek']",17,"['xholik00', 'xkubin08', 'xhrube00', 'Dallda', 'jirkami', 'susen', 'magellan', 'krivak', 'jiri_novosad', 'lordraia', 'xkroli00', 'majlos', 'benda', 'jchmelik', 'mikkiste', 'berzby', 'hugotek']",32,"['kubb', 'xpavlo04', 'majlos', 'mikkiste', 'jarek', 'xholik00', 'xhrube00', 'Dallda', 'ufyzguest', 'lordraia', 'krivak', 'jiri_novosad', 'Pau16', 'xkroli00', 'jchmelik', 'mage', 'benda', 'berzby', 'hugotek', 'immortal', 'xkubin08', 'magellan', 'nano_xtalav00', 'roman', 'jirkami', 'poloop', 'susen', 'xbotko00', 'callos', 'zeron', 'jmacak', 'Havlicek']"
14,49,11,23,11,"['djacobs7', 'twoon', 'mistyblue122', 'dmg131', 'jaehlee', 'xuanwu', 'chenying119', 'jrileyEE218', 'ling84', 'branetr', 'twkt03']",0,[],12,"['mrlin', 'jayparker', 'youngy', 'millaniow', 'changw', 'jia_sfo', 'dejia', 'rparsa', 'hspwong', 'crkenney', 'letswin16', 'elvislin']",23,"['letswin16', 'jia_sfo', 'mistyblue122', 'youngy', 'xuanwu', 'chenying119', 'jrileyEE218', 'rparsa', 'djacobs7', 'jayparker', 'hspwong', 'crkenney', 'ling84', 'elvislin', 'twoon', 'mrlin', 'dmg131', 'millaniow', 'jaehlee', 'changw', 'dejia', 'branetr', 'twkt03']"
14,51,11,15,8,"['djacobs7', 'mistyblue122', 'dmg131', 'chenying119', 'jrileyEE218', 'ling84', 'branetr', 'twkt03']",3,"['jaehlee', 'twoon', 'xuanwu']",7,"['youngy', 'millaniow', 'oliviawei', 'peichen', 'crkenney', 'jia_sfo', 'elvislin']",18,"['djacobs7', 'oliviawei', 'peichen', 'crkenney', 'jia_sfo', 'ling84', 'elvislin', 'twoon', 'mistyblue122', 'dmg131', 'millaniow', 'jaehlee', 'youngy', 'xuanwu', 'chenying119', 'jrileyEE218', 'branetr', 'twkt03']"
14,50,11,10,6,"['djacobs7', 'mistyblue122', 'twkt03', 'ling84', 'branetr', 'jrileyEE218']",5,"['twoon', 'dmg131', 'xuanwu', 'chenying119', 'jaehlee']",4,"['rparsa', 'crkenney', 'elvislin', 'youngy']",15,"['djacobs7', 'crkenney', 'ling84', 'elvislin', 'twoon', 'mistyblue122', 'dmg131', 'youngy', 'jaehlee', 'xuanwu', 'chenying119', 'jrileyEE218', 'rparsa', 'branetr', 'twkt03']"
15,46,11,14,9,"['kevinsmith2', 'Sylex', 'xiexienin', 'Beldallan', 'student', 'amywebster', 'mmalmrose', 'kathrynday', 'Amazonense']",2,"['drewcasselberry', 'gelfling']",5,"['jmkluthe', 'chulopackers', 'joehammer79', 'cinglefield', 'timdavis']",16,"['chulopackers', 'joehammer79', 'Beldallan', 'amywebster', 'drewcasselberry', 'cinglefield', 'gelfling', 'timdavis', 'kevinsmith2', 'jmkluthe', 'Sylex', 'xiexienin', 'student', 'mmalmrose', 'kathrynday', 'Amazonense']"
15,41,11,10,8,"['kevinsmith2', 'Sylex', 'student', 'amywebster', 'gelfling', 'mmalmrose', 'kathrynday', 'Amazonense']",3,"['xiexienin', 'drewcasselberry', 'Beldallan']",2,"['timdavis', 'cinglefield']",13,"['Beldallan', 'amywebster', 'drewcasselberry', 'cinglefield', 'gelfling', 'timdavis', 'kevinsmith2', 'Sylex', 'xiexienin', 'student', 'mmalmrose', 'kathrynday', 'Amazonense']"
15,47,11,10,9,"['kevinsmith2', 'Sylex', 'student', 'amywebster', 'drewcasselberry', 'gelfling', 'mmalmrose', 'kathrynday', 'Amazonense']",2,"['xiexienin', 'Beldallan']",1,['timdavis'],12,"['Beldallan', 'amywebster', 'drewcasselberry', 'gelfling', 'timdavis', 'kevinsmith2', 'Sylex', 'xiexienin', 'student', 'mmalmrose', 'kathrynday', 'Amazonense']"
16,19,11,12,3,"['bsg721', 'arbitro', 'littlegu5']",8,"['kanturalihan', 'lxb1111', 'arunp', 'BMONEY', 'Kanturalihan', 'asicliu', 'duranta23', 'askiahill']",9,"['aagar001', 'dtewe001', 'yimingis', 'sgu001', 'jcabi001', 'faroughp', 'kcarp001', 'moccamse', 'mpenchev']",20,"['arbitro', 'aagar001', 'lxb1111', 'littlegu5', 'sgu001', 'moccamse', 'asicliu', 'mpenchev', 'askiahill', 'kcarp001', 'kanturalihan', 'dtewe001', 'yimingis', 'BMONEY', 'arunp', 'jcabi001', 'faroughp', 'bsg721', 'Kanturalihan', 'duranta23']"
17,70,10,112,9,"['lonestar', 'smillies', 'junghanlee', 'rkv000', 'sagadi', 'nsapra', 'crosis', 'sen2904', 'justinsyk']",1,['davydotcom'],103,"['mwarsco', 'jones105', 'kdaiya', 'acallawa', 'garg', 'sprashan', 'dgrothe', 'ttho', 'jkurasz', 'nmisiuna', 'obernada', 'seshaw', 'lcowsert', 'chang61', 'smchaudh', 'zer0xXx', 'pranaynanda', 'johns180', 'ftanjono', 'nlabianc', 'singapaul', 'gustaf89', 'vinsma', 'chermawi', 'dmmitche', 'jwetheri', 'hiddendecoy', 'gzarse', 'babaumga', 'terran010', 'jidthekid', 'MurphyAKL', 'rsherloc', 'Zarastra', 'lpeterus', 'arorar', 'spgreene', 'wangyangboy', 'npanitch', 'mtanoto', 'docdaa008', 'mtummala', 'mhain', 'sstreete', 'kelkwa11', 'mrmillz', 'jgu', 'atruesde', 'jostendo', 'longja', 'sbach', 'werman691', 'brunner2112', 'wehlhard', 'pjyoti', 'kim130', 'dube0', 'swethy', 'dplamber', 'kim131', 'gjross', 'pmongkol', 'rahoward', 'srettber', 'kassovic', 'hsvasi', 'akhilesh', 'nrrojas', 'jtill04', 'pateldm', 'jaycrayz', 'wow676', 'rtrusty', 'jskim', 'freedomjustice', 'wnoh', 'pbayuart', 'czahner', 'astacy', 'mattsbai', 'gshaw', 'wildkid256', 'Bache', 'rparisi', 'han45', 'spamilton1', 'asudibyo', 'bsparson', 'bdannan', 'anraj', 'tdjanoko', 'zconvers', 'Jabzg', 'kklacik', 'jcwirth', 'jshahid', 'john3636', 'bsyoder', 'ahermann', 'gutierjm', 'dulmes', 'joeblu', 'Fisher']",113,"['mwarsco', 'jones105', 'kdaiya', 'junghanlee', 'acallawa', 'garg', 'sprashan', 'dgrothe', 'ttho', 'jkurasz', 'nmisiuna', 'obernada', 'seshaw', 'lcowsert', 'chang61', 'smchaudh', 'zer0xXx', 'pranaynanda', 'johns180', 'ftanjono', 'nlabianc', 'singapaul', 'crosis', 'davydotcom', 'gustaf89', 'vinsma', 'chermawi', 'dmmitche', 'jwetheri', 'hiddendecoy', 'gzarse', 'babaumga', 'terran010', 'jidthekid', 'MurphyAKL', 'rsherloc', 'Zarastra', 'rkv000', 'lpeterus', 'arorar', 'spgreene', 'sagadi', 'wangyangboy', 'npanitch', 'mtanoto', 'docdaa008', 'sen2904', 'mtummala', 'mhain', 'sstreete', 'kelkwa11', 'mrmillz', 'jgu', 'lonestar', 'atruesde', 'jostendo', 'longja', 'sbach', 'justinsyk', 'werman691', 'brunner2112', 'wehlhard', 'pjyoti', 'kim130', 'dube0', 'swethy', 'dplamber', 'kim131', 'smillies', 'gjross', 'pmongkol', 'rahoward', 'srettber', 'kassovic', 'nsapra', 'hsvasi', 'akhilesh', 'nrrojas', 'jtill04', 'pateldm', 'jaycrayz', 'wow676', 'rtrusty', 'jskim', 'freedomjustice', 'wnoh', 'pbayuart', 'czahner', 'astacy', 'mattsbai', 'gshaw', 'wildkid256', 'Bache', 'rparisi', 'han45', 'spamilton1', 'asudibyo', 'bsparson', 'bdannan', 'anraj', 'tdjanoko', 'zconvers', 'Jabzg', 'kklacik', 'jcwirth', 'jshahid', 'john3636', 'bsyoder', 'ahermann', 'gutierjm', 'dulmes', 'joeblu', 'Fisher']"
17,71,10,13,1,['smillies'],9,"['lonestar', 'rkv000', 'junghanlee', 'sagadi', 'nsapra', 'crosis', 'davydotcom', 'sen2904', 'justinsyk']",12,"['dergan', 'sonicalflair', 'thatmushroom', 'mamitche', 'aforkner', 'et279', 'wizdh', 'jkurasz', 'somacroy', 'chermawi', 'pjyoti', 'ebuysse']",22,"['sonicalflair', 'smillies', 'rkv000', 'junghanlee', 'mamitche', 'sagadi', 'nsapra', 'jkurasz', 'sen2904', 'dergan', 'ebuysse', 'thatmushroom', 'lonestar', 'aforkner', 'et279', 'wizdh', 'crosis', 'davydotcom', 'chermawi', 'somacroy', 'justinsyk', 'pjyoti']"
17,69,10,8,1,['nsapra'],9,"['lonestar', 'smillies', 'junghanlee', 'rkv000', 'sagadi', 'crosis', 'davydotcom', 'sen2904', 'justinsyk']",7,"['rtrusty', 'spaik', 'ateixeir', 'johns180', 'nlabianc', 'werman691', 'nmisiuna']",17,"['rtrusty', 'nmisiuna', 'spaik', 'ateixeir', 'lonestar', 'smillies', 'junghanlee', 'rkv000', 'sagadi', 'johns180', 'nlabianc', 'nsapra', 'crosis', 'davydotcom', 'werman691', 'sen2904', 'justinsyk']"
17,72,10,6,1,['davydotcom'],9,"['lonestar', 'smillies', 'junghanlee', 'rkv000', 'sagadi', 'nsapra', 'crosis', 'sen2904', 'justinsyk']",5,"['pmongkol', 'mtanoto', 'wizdh', 'nanohueb', 'csrockerzero']",15,"['lonestar', 'smillies', 'junghanlee', 'rkv000', 'pmongkol', 'sagadi', 'mtanoto', 'nsapra', 'nanohueb', 'crosis', 'davydotcom', 'wizdh', 'sen2904', 'justinsyk', 'csrockerzero']"
19,18,10,12,3,"['jayps2005', 'watermir', 'ecewy']",7,"['lxshry', 'kyban', 'vasili', 'xlong', 'Vertumno', 'kolodzey', 'hauserm']",9,"['cpthomp', 'ningshao', 'colin_shaw2003', 'kunalghosh', 'lyalex', 'easong', 'murat83', 'nupur', 'siliconsolar']",19,"['lxshry', 'cpthomp', 'kunalghosh', 'xlong', 'easong', 'nupur', 'ningshao', 'kyban', 'vasili', 'ecewy', 'colin_shaw2003', 'lyalex', 'jayps2005', 'Vertumno', 'kolodzey', 'hauserm', 'murat83', 'watermir', 'siliconsolar']"
20,18,10,12,6,"['cpthomp', 'ningshao', 'colin_shaw2003', 'kunalghosh', 'murat83', 'nupur']",4,"['ruhstaller', 'jcabi001', 'yimingis', 'ykparksss']",6,"['ecewy', 'lyalex', 'jayps2005', 'easong', 'watermir', 'siliconsolar']",16,"['cpthomp', 'kunalghosh', 'easong', 'ruhstaller', 'nupur', 'ningshao', 'colin_shaw2003', 'ecewy', 'yimingis', 'lyalex', 'jayps2005', 'jcabi001', 'ykparksss', 'murat83', 'watermir', 'siliconsolar']"
20,19,10,12,2,"['jcabi001', 'yimingis']",8,"['cpthomp', 'ningshao', 'colin_shaw2003', 'kunalghosh', 'ykparksss', 'ruhstaller', 'murat83', 'nupur']",10,"['arbitro', 'bsg721', 'aagar001', 'dtewe001', 'sgu001', 'littlegu5', 'faroughp', 'kcarp001', 'moccamse', 'mpenchev']",20,"['cpthomp', 'arbitro', 'kunalghosh', 'aagar001', 'sgu001', 'littlegu5', 'moccamse', 'ruhstaller', 'nupur', 'mpenchev', 'ningshao', 'colin_shaw2003', 'bsg721', 'dtewe001', 'yimingis', 'jcabi001', 'ykparksss', 'faroughp', 'kcarp001', 'murat83']"
21,42,9,15,6,"['ezclub', 'dkttk4', 'bunnoi21', 'kwos001', 'myandante1', 'dubu00']",3,"['yunliu', 'irinel_casian', 'qdled']",9,"['sjsik25', 'cihee08', 'cretalugo', 'skku34', 'ytw4246', 'kykk4', 'salem', 'beahn87', 'gidwldl86']",18,"['yunliu', 'myandante1', 'cretalugo', 'beahn87', 'gidwldl86', 'ezclub', 'dkttk4', 'bunnoi21', 'kwos001', 'sjsik25', 'cihee08', 'skku34', 'ytw4246', 'kykk4', 'irinel_casian', 'salem', 'qdled', 'dubu00']"
22,12,9,24,2,"['tisolamp', 'jrcalver']",7,"['jstanislawczyk', 'naty', 'yanyao', 'razvan28', 'cbasu', 'awinston', 'vskhadka']",22,"['sfairfie', 'tmlowe', 'klfrank', 'smithmc', 'jbernhar', 'boersenn', 'bturk', 'abartow', 'abreisin', 'sbook', 'awibawa', 'lachlanbadger', 'strachan', 'Ainshi', 'mbosley', 'banglin', 'ebarriba', 'skyaw', 'ehalsey', 'mjwaters', 'andrewotte', 'prrussel']",31,"['sfairfie', 'tmlowe', 'tisolamp', 'razvan28', 'klfrank', 'smithmc', 'jbernhar', 'boersenn', 'bturk', 'vskhadka', 'abartow', 'abreisin', 'jstanislawczyk', 'naty', 'sbook', 'awibawa', 'lachlanbadger', 'strachan', 'Ainshi', 'yanyao', 'cbasu', 'awinston', 'mbosley', 'banglin', 'ebarriba', 'skyaw', 'ehalsey', 'mjwaters', 'andrewotte', 'jrcalver', 'prrussel']"
22,13,9,9,2,"['yanyao', 'vskhadka']",7,"['jstanislawczyk', 'naty', 'tisolamp', 'razvan28', 'cbasu', 'awinston', 'jrcalver']",7,"['abreisin', 'Ainshi', 'amalling', 'mkittle', 'sollila', 'attn007', 'mjwaters']",16,"['jrcalver', 'abreisin', 'jstanislawczyk', 'naty', 'Ainshi', 'tisolamp', 'amalling', 'razvan28', 'yanyao', 'mkittle', 'sollila', 'cbasu', 'awinston', 'attn007', 'mjwaters', 'vskhadka']"
22,14,9,6,1,['awinston'],8,"['jstanislawczyk', 'naty', 'tisolamp', 'razvan28', 'yanyao', 'cbasu', 'vskhadka', 'jrcalver']",5,"['mbelcher', 'awibawa', 'rflynn', 'bturk', 'jptucker']",14,"['jrcalver', 'jstanislawczyk', 'naty', 'mbelcher', 'tisolamp', 'awibawa', 'razvan28', 'yanyao', 'rflynn', 'cbasu', 'awinston', 'bturk', 'vskhadka', 'jptucker']"
23,42,8,15,6,"['sjsik25', 'cihee08', 'cretalugo', 'ytw4246', 'kykk4', 'gidwldl86']",2,"['gangneng82', 'meteor1024']",9,"['ezclub', 'dkttk4', 'kwos001', 'bunnoi21', 'myandante1', 'skku34', 'salem', 'beahn87', 'dubu00']",17,"['meteor1024', 'myandante1', 'cretalugo', 'beahn87', 'gidwldl86', 'ezclub', 'sjsik25', 'kwos001', 'bunnoi21', 'dkttk4', 'cihee08', 'skku34', 'ytw4246', 'kykk4', 'salem', 'gangneng82', 'dubu00']"
23,45,8,13,8,"['meteor1024', 'sjsik25', 'cihee08', 'cretalugo', 'ytw4246', 'kykk4', 'gangneng82', 'gidwldl86']",0,[],5,"['skku34', 'hyperlky', 'salem', 'tpwlsdh', 'jackassman']",13,"['meteor1024', 'cretalugo', 'tpwlsdh', 'gidwldl86', 'sjsik25', 'cihee08', 'skku34', 'hyperlky', 'ytw4246', 'kykk4', 'salem', 'gangneng82', 'jackassman']"
26,17,6,16,3,"['petersonidaho', 'zencharren', 'darrinreed']",3,"['Zenonas', 'kirkhofeling', 'angada']",13,"['hbui', 'chrisraymes', 'DarrinReed', 'davidknight', 'dency_daniel', 'stewartsoda', 'ssessi', 'aaronwozniak', 'sahar', 'otrejo', 'jvalmanza', 'lincstar182', 'justinbutterfield']",19,"['angada', 'hbui', 'Zenonas', 'chrisraymes', 'davidknight', 'dency_daniel', 'ssessi', 'aaronwozniak', 'jvalmanza', 'kirkhofeling', 'DarrinReed', 'stewartsoda', 'sahar', 'otrejo', 'lincstar182', 'justinbutterfield', 'petersonidaho', 'zencharren', 'darrinreed']"
28,1,6,8,4,"['agilmore', 'acperkins', 'akschmitt101', 'gcdecker']",2,"['booker', 'gnggu']",4,"['poltera2', 'CWllms', 'gkpolston', 'faroseh']",10,"['booker', 'agilmore', 'gkpolston', 'gcdecker', 'poltera2', 'gnggu', 'faroseh', 'acperkins', 'CWllms', 'akschmitt101']"
32,52,5,11,1,['morvaridd'],4,"['noriosadachika', 'fluff', 'iskory', 'seminente']",10,"['netonim', 'royj', 'mmellor10', 'garrettschlenvogt', 'ryanbeavers', 'tjgraf', 'anujasu', 'grek23', 'myztical7', 'moe']",15,"['netonim', 'fluff', 'mmellor10', 'garrettschlenvogt', 'tjgraf', 'seminente', 'royj', 'noriosadachika', 'morvaridd', 'ryanbeavers', 'anujasu', 'grek23', 'myztical7', 'iskory', 'moe']"
34,26,5,35,5,"['wing', 'haldy', 'Roman', 'xsvabf00', 'KliBall']",0,[],30,"['kubb', 'xpavlo04', 'thorXL', 'xmisek00', 'jiriholubcik', 'vinecko', 'xjanic06', 'jendelin1', 'vidan', 'jarek', 'xpapez00', 'jardakn', 'jiri_novosad', 'Pau16', 'jchmelik', 'mage', 'xkrahu03', 'immortal', 'mirek', 'magellan', 'nano_xtalav00', 'sedlakp', 'clown', 'xzaple12', 'xuhlar00', 'xbotko00', 'sulcj', 'callos', 'zeron', 'Havlicek']",35,"['wing', 'kubb', 'xpavlo04', 'thorXL', 'xmisek00', 'jiriholubcik', 'vinecko', 'xjanic06', 'jendelin1', 'vidan', 'KliBall', 'jarek', 'xpapez00', 'haldy', 'jardakn', 'jiri_novosad', 'Pau16', 'mage', 'xkrahu03', 'immortal', 'mirek', 'magellan', 'nano_xtalav00', 'sedlakp', 'xsvabf00', 'zeron', 'Roman', 'clown', 'xuhlar00', 'xbotko00', 'sulcj', 'jchmelik', 'xzaple12', 'callos', 'Havlicek']"
35,53,5,6,2,"['tcyeh', 'huiwen']",3,"['baudrand', 'chaisant', 'panjoan']",4,"['hmhuang', 'doncr', 'bhsu', 'cchl']",9,"['baudrand', 'doncr', 'bhsu', 'cchl', 'chaisant', 'tcyeh', 'huiwen', 'hmhuang', 'panjoan']"
36,45,5,13,3,"['tpwlsdh', 'jackassman', 'hyperlky']",2,"['padala', 'mikeohale']",10,"['meteor1024', 'sjsik25', 'cihee08', 'cretalugo', 'skku34', 'ytw4246', 'kykk4', 'salem', 'gangneng82', 'gidwldl86']",15,"['meteor1024', 'mikeohale', 'cretalugo', 'padala', 'tpwlsdh', 'gidwldl86', 'sjsik25', 'cihee08', 'skku34', 'ytw4246', 'kykk4', 'salem', 'hyperlky', 'jackassman', 'gangneng82']"
38,34,5,36,4,"['poolee', 'jardakn', 'xkrahu03', 'mirek']",1,['lumpikur'],32,"['kubb', 'xpavlo04', 'thorXL', 'jiriholubcik', 'vinecko', 'xjanic06', 'jendelin1', 'vidan', 'jarek', 'martingt110', 'xpapez00', 'ufyzguest', 'Pau16', 'mage', 'immortal', 'clovek', 'magellan', 'nano_xtalav00', 'sedlakp', 'xhenzl00', 'roman', 'clown', 'poloop', 'xzaple12', 'xuhlar00', 'xbotko00', 'sulcj', 'jchmelik', 'zeron', 'jmacak', 'cendar', 'Havlicek']",37,"['poolee', 'kubb', 'xpavlo04', 'thorXL', 'jiriholubcik', 'vinecko', 'jmacak', 'xjanic06', 'jendelin1', 'vidan', 'jarek', 'martingt110', 'xpapez00', 'ufyzguest', 'jardakn', 'Pau16', 'xkrahu03', 'mage', 'immortal', 'mirek', 'clovek', 'magellan', 'nano_xtalav00', 'sedlakp', 'xhenzl00', 'zeron', 'clown', 'poloop', 'lumpikur', 'xuhlar00', 'xbotko00', 'sulcj', 'jchmelik', 'xzaple12', 'roman', 'cendar', 'Havlicek']"
38,26,5,35,3,"['mirek', 'jardakn', 'xkrahu03']",2,"['lumpikur', 'poolee']",32,"['kubb', 'wing', 'xpavlo04', 'thorXL', 'xmisek00', 'jiriholubcik', 'vinecko', 'xjanic06', 'jendelin1', 'vidan', 'jarek', 'KliBall', 'xpapez00', 'haldy', 'jiri_novosad', 'Pau16', 'jchmelik', 'mage', 'immortal', 'magellan', 'nano_xtalav00', 'sedlakp', 'xsvabf00', 'Roman', 'clown', 'xzaple12', 'xuhlar00', 'xbotko00', 'sulcj', 'callos', 'zeron', 'Havlicek']",37,"['poolee', 'kubb', 'wing', 'xpavlo04', 'thorXL', 'xmisek00', 'jiriholubcik', 'vinecko', 'xjanic06', 'jendelin1', 'vidan', 'jarek', 'KliBall', 'xpapez00', 'haldy', 'jardakn', 'jiri_novosad', 'Pau16', 'xkrahu03', 'mage', 'immortal', 'mirek', 'magellan', 'nano_xtalav00', 'sedlakp', 'xsvabf00', 'zeron', 'Roman', 'clown', 'lumpikur', 'xuhlar00', 'xbotko00', 'sulcj', 'jchmelik', 'xzaple12', 'callos', 'Havlicek']"
38,28,5,34,1,['lumpikur'],4,"['poolee', 'jardakn', 'xkrahu03', 'mirek']",33,"['xnavra28', 'ZdenekNo', 'majlos', 'mikkiste', 'kuzdaso', 'xbartu', 'xhakto00', 'Dallda', 'xhrube00', 'xjaros24', 'ufyzguest', 'czkiller', 'lordraia', 'loutocky', 'jiri_novosad', 'xkroli00', 'xbetla00', 'benda', 'berzby', 'hugotek', 'xzimek01', 'xjanos07', 'xkubin08', 'sedlakp', 'xlazni05', 'reznicekm', 'majlow', 'jirkami', 'poloop', 'xsedam00', 'susen', 'cendar', 'Havlicek']",38,"['poolee', 'xnavra28', 'ZdenekNo', 'majlos', 'mikkiste', 'kuzdaso', 'xbartu', 'xhakto00', 'Dallda', 'xhrube00', 'xjaros24', 'ufyzguest', 'czkiller', 'jardakn', 'lordraia', 'loutocky', 'jiri_novosad', 'xkroli00', 'xbetla00', 'xkrahu03', 'benda', 'berzby', 'hugotek', 'xzimek01', 'mirek', 'xjanos07', 'xkubin08', 'sedlakp', 'xlazni05', 'reznicekm', 'majlow', 'jirkami', 'poloop', 'lumpikur', 'xsedam00', 'susen', 'cendar', 'Havlicek']"
38,43,5,32,3,"['poolee', 'xkrahu03', 'mirek']",2,"['lumpikur', 'jardakn']",29,"['kubb', 'xpavlo04', 'kliball', 'thorXL', 'xmisek00', 'jiriholubcik', 'vinecko', 'xjanic06', 'jendelin1', 'xpapez00', 'ufyzguest', 'jiri_novosad', 'Pau16', 'jchmelik', 'hajny', 'haldy123', 'immortal', 'djnavr', 'sedlakp', 'clown', 'xzaple12', 'xuhlar00', 'xstava05', 'sulcj', 'callos', 'zeron', 'roman', 'cendar', 'Havlicek']",34,"['poolee', 'kubb', 'xpavlo04', 'kliball', 'thorXL', 'xmisek00', 'jiriholubcik', 'vinecko', 'xjanic06', 'jendelin1', 'xpapez00', 'ufyzguest', 'jardakn', 'jiri_novosad', 'Pau16', 'xkrahu03', 'hajny', 'haldy123', 'immortal', 'djnavr', 'mirek', 'sedlakp', 'zeron', 'clown', 'lumpikur', 'cendar', 'xuhlar00', 'xstava05', 'sulcj', 'jchmelik', 'xzaple12', 'roman', 'callos', 'Havlicek']"
38,35,5,31,1,['lumpikur'],4,"['poolee', 'jardakn', 'xkrahu03', 'mirek']",30,"['rasiel', 'kliball', 'xnavra28', 'solda', 'pekosek23', 'xmisek00', 'sedlakp', 'majlos', 'koren', 'NosekZ', 'dallda', 'reznicekm', 'xbartu', 'xhakto00', 'xhrube00', 'jirkami', 'xjaros24', 'ufyzguest', 'Ladas_M', 'czkiller', 'lordraia', 'oti', 'loutocky', 'xsedam00', 'susen', 'xkroli00', 'xbetla00', 'benda', 'berzby', 'hugotek']",35,"['rasiel', 'poolee', 'kliball', 'xnavra28', 'xmisek00', 'majlos', 'dallda', 'xbartu', 'xhakto00', 'xhrube00', 'xjaros24', 'ufyzguest', 'Ladas_M', 'czkiller', 'jardakn', 'lordraia', 'loutocky', 'xkroli00', 'xbetla00', 'xkrahu03', 'benda', 'berzby', 'hugotek', 'mirek', 'solda', 'pekosek23', 'sedlakp', 'koren', 'NosekZ', 'reznicekm', 'jirkami', 'lumpikur', 'oti', 'xsedam00', 'susen']"
38,44,5,30,1,['jardakn'],4,"['lumpikur', 'poolee', 'xkrahu03', 'mirek']",29,"['xkubin08', 'Nosekz', 'xnavra28', 'pekosek23', 'majlos', 'xlazni05', 'mikkiste', 'dallda', 'xbartu', 'xholik00', 'xhrube00', 'jirkami', 'xjaros24', 'Ladas_M', 'czkiller', 'lordraia', 'loutocky', 'krivak', 'oti', 'xkroli00', 'xbetla00', 'xsedam00', 'mage', 'Solda', 'benda', 'berzby', 'hugotek', 'xjanos07', 'lumir']",34,"['poolee', 'xnavra28', 'majlos', 'mikkiste', 'dallda', 'xbartu', 'xholik00', 'xhrube00', 'xjaros24', 'Ladas_M', 'czkiller', 'jardakn', 'lordraia', 'loutocky', 'krivak', 'xkroli00', 'xbetla00', 'xkrahu03', 'mage', 'benda', 'berzby', 'hugotek', 'mirek', 'xjanos07', 'xkubin08', 'Nosekz', 'pekosek23', 'xlazni05', 'jirkami', 'lumpikur', 'oti', 'xsedam00', 'Solda', 'lumir']"
38,48,5,26,3,"['poolee', 'xkrahu03', 'mirek']",2,"['lumpikur', 'jardakn']",23,"['xpavlo04', 'thorXL', 'nano_xtalav00', 'sedlakp', 'jiriholubcik', 'vinecko', 'xhenzl00', 'xjanic06', 'Havlicek', 'jarek', 'roman', 'poloop', 'cendar', 'jiri_novosad', 'Pau16', 'xstava05', 'xbotko00', 'hajny', 'tomasbzonek', 'xzaple12', 'jmacak', 'callos', 'immortal']",28,"['poolee', 'xpavlo04', 'thorXL', 'nano_xtalav00', 'sedlakp', 'jiriholubcik', 'vinecko', 'xhenzl00', 'xjanic06', 'Havlicek', 'jarek', 'roman', 'poloop', 'lumpikur', 'cendar', 'jardakn', 'jiri_novosad', 'Pau16', 'xstava05', 'xbotko00', 'xkrahu03', 'hajny', 'tomasbzonek', 'xzaple12', 'jmacak', 'callos', 'immortal', 'mirek']"
1,60,190,187,181,"['dkim', 'LidiaS', 'axiao', 'jbenjy88', 'nbasu', 'achen', 'ckusel', 'bbanss13', 'ras446', 'ruchino', 'dlc916', 'tgrant', 'egaray', 'ggadodia', 'shezzoid542', 'mquayyum', 'raga07', 'jbenjy8', 'sumeethj', 'ahu22b', 'catherine', 'sespinoza2589', 'bebe', 'pforyt', 'kvargas', 'jholcomb', 'cchang', 'NBailey', 'karkaputto', 'frizz1010', 'lfredin', 'pkasen', 'pfellenz', 'kwang', 'jbanga', 'ccook', 'alexjud', 'jjs390', 'malperin', 'skatragadda', 'tshastry', 'clishea18', 'scope', 'kkurda', 'kpie1', 'JCLIN', 'relic12', 'rsanchez', 'golightly112', 'mrr869', 'ayousef', 'csprangers', 'dennisbluver', 'mkevb1', 'lidias', 'mwhitesides', 'ahu22B', 'mike67876', 'bugaboo0036', 'nflammer', 'lmason', 'cgarcia', 'dsutich', 'jfroberg', 'cteng', 'hsiaochi', 'chrissemple', 'eah635', 'quangcle', 'ashlyprincess', 'KA', 'iabdala', 'phanna', 'tgrimm17', 'ekennedy', 'jcs311', 'klee', 'glewis07', 'peacful_joh', 'abhatt2007', 'ku8809no', 'aviollt', 'aha552', 'jls914', 'tchaudhry', 'lnezirova', 'mikeispt108', 'mfritz', 'nnosavan', 'alyu', 'cschonberg', 'liangcui', 'tgilbert', 'ahood', 'nshabeeb', 'cmehta', 'AlexMorgan', 'sbehnke', 'srn779', 'dlorenzini', 'cellis', 'nrastogi', 'olui', 'mlembo', 'wfm289', 'jpez', 'avohra', 'dpai', 'ssawlani', 'cwa653', 'tjohnson', 'vktdm111', 'darkmetal505', 'twang23', 'luyaozers', 'mpark', 'djohanson', 'ka', 'rmalecky', 'sramalingam', 'rblee88', 'ldsegall', 'jla906', 'kwhite', 'jheide', 'akileshhonasoge', 'cbernardo', 'jmbachu', 'htk351', 'nborzym', 'ncrenshaw', 'eabrams', 'mmehta', 'camasney', 'yfatemi', 'Sbehnke', 'kliu', 'kkim', 'afr422', 'parkerjessup1', 'goh07', 'nsyed', 'icharles', 'stephenachao', 'cleung', 'kmm134', 'vkb217', 'jheppermann', 'cblumen1', 'dsm661', 'akern', 'cyu', 'clawlor', 'hkim', 'Lgilbert', 'mayra', 'ggrocke', 'dmritard96', 'bkang', 'bscallon', 'etrivedi', 'rcwang', 'scai', 'kjohnson', 'csieber', 'kpmarcelino', 'sarvis', 'zbergman', 'lholyoke', 'rbrock', 'yatakui', 'lhan', 'dschuster', 'lbettag', 'jclin', 'lkoehler', 'jsk719', 'ewali', 'jnam', 'aml404', 'stumuluru']",9,"['heatherw', 'mprovors', 'Molly_Kuhlman', 'gowens', 'klang85', 'smishra', 'ahadley', 'ejm', 'j_carver2005']",6,"['mmapodaca', 'emathieson', 'slhatch', 'jroden', 'sstrasser', 'Peacful_Joh']",196,"['axiao', 'jbenjy88', 'achen', 'ras446', 'ruchino', 'dlc916', 'tgrant', 'egaray', 'mmapodaca', 'mquayyum', 'raga07', 'ahu22b', 'pforyt', 'kvargas', 'NBailey', 'karkaputto', 'frizz1010', 'ccook', 'jjs390', 'JCLIN', 'golightly112', 'mkevb1', 'mwhitesides', 'mike67876', 'bugaboo0036', 'klang85', 'cgarcia', 'chrissemple', 'ashlyprincess', 'iabdala', 'gowens', 'jcs311', 'glewis07', 'abhatt2007', 'ku8809no', 'lnezirova', 'alyu', 'tgilbert', 'cmehta', 'sbehnke', 'dlorenzini', 'cellis', 'nrastogi', 'olui', 'wfm289', 'jpez', 'avohra', 'vktdm111', 'darkmetal505', 'twang23', 'mpark', 'ejm', 'rmalecky', 'rblee88', 'Peacful_Joh', 'ldsegall', 'kwhite', 'jheide', 'akileshhonasoge', 'cbernardo', 'jmbachu', 'htk351', 'nborzym', 'ncrenshaw', 'camasney', 'kkim', 'goh07', 'nsyed', 'stephenachao', 'cleung', 'vkb217', 'cblumen1', 'dsm661', 'akern', 'Lgilbert', 'ggrocke', 'hkim', 'clawlor', 'mayra', 'bkang', 'bscallon', 'kpmarcelino', 'zbergman', 'rbrock', 'lhan', 'dschuster', 'jsk719', 'jnam', 'stumuluru', 'dkim', 'LidiaS', 'nbasu', 'ckusel', 'bbanss13', 'ggadodia', 'sstrasser', 'shezzoid542', 'jbenjy8', 'sumeethj', 'catherine', 'sespinoza2589', 'bebe', 'jholcomb', 'cchang', 'lfredin', 'pkasen', 'pfellenz', 'kwang', 'jbanga', 'alexjud', 'malperin', 'skatragadda', 'tshastry', 'clishea18', 'kpie1', 'relic12', 'kkurda', 'scope', 'rsanchez', 'ayousef', 'mrr869', 'csprangers', 'dennisbluver', 'lidias', 'ahu22B', 'nflammer', 'lmason', 'dsutich', 'cteng', 'jfroberg', 'hsiaochi', 'eah635', 'quangcle', 'KA', 'phanna', 'tgrimm17', 'ekennedy', 'klee', 'peacful_joh', 'smishra', 'aha552', 'aviollt', 'jls914', 'Molly_Kuhlman', 'tchaudhry', 'mikeispt108', 'mfritz', 'nnosavan', 'cschonberg', 'liangcui', 'ahood', 'nshabeeb', 'AlexMorgan', 'srn779', 'mlembo', 'dpai', 'ssawlani', 'cwa653', 'emathieson', 'tjohnson', 'luyaozers', 'jroden', 'djohanson', 'ka', 'sramalingam', 'j_carver2005', 'jla906', 'eabrams', 'mmehta', 'yfatemi', 'Sbehnke', 'kliu', 'afr422', 'parkerjessup1', 'icharles', 'slhatch', 'heatherw', 'kmm134', 'jheppermann', 'mprovors', 'cyu', 'dmritard96', 'etrivedi', 'rcwang', 'scai', 'csieber', 'kjohnson', 'sarvis', 'lholyoke', 'yatakui', 'lbettag', 'jclin', 'lkoehler', 'ahadley', 'ewali', 'aml404']"
1,43,190,167,154,"['dkim', 'LidiaS', 'axiao', 'nbasu', 'ckusel', 'bbanss13', 'ruchino', 'dlc916', 'tgrant', 'egaray', 'ggadodia', 'mquayyum', 'raga07', 'jbenjy8', 'sumeethj', 'ahu22b', 'catherine', 'bebe', 'pforyt', 'kvargas', 'jholcomb', 'cchang', 'karkaputto', 'pkasen', 'pfellenz', 'kwang', 'jbanga', 'ccook', 'alexjud', 'jjs390', 'malperin', 'skatragadda', 'tshastry', 'clishea18', 'scope', 'kkurda', 'relic12', 'rsanchez', 'golightly112', 'mrr869', 'dennisbluver', 'mkevb1', 'lidias', 'mwhitesides', 'mike67876', 'bugaboo0036', 'nflammer', 'lmason', 'cgarcia', 'dsutich', 'jfroberg', 'cteng', 'hsiaochi', 'chrissemple', 'eah635', 'quangcle', 'ashlyprincess', 'phanna', 'tgrimm17', 'ekennedy', 'gowens', 'jcs311', 'klee', 'glewis07', 'peacful_joh', 'smishra', 'ku8809no', 'aviollt', 'jls914', 'tchaudhry', 'lnezirova', 'mikeispt108', 'mfritz', 'nnosavan', 'alyu', 'cschonberg', 'liangcui', 'tgilbert', 'ahood', 'nshabeeb', 'cmehta', 'AlexMorgan', 'sbehnke', 'srn779', 'dlorenzini', 'cellis', 'nrastogi', 'olui', 'mlembo', 'wfm289', 'jpez', 'avohra', 'dpai', 'ssawlani', 'vktdm111', 'darkmetal505', 'twang23', 'luyaozers', 'mpark', 'djohanson', 'ka', 'rmalecky', 'sramalingam', 'rblee88', 'ldsegall', 'jla906', 'kwhite', 'jheide', 'akileshhonasoge', 'cbernardo', 'jmbachu', 'htk351', 'nborzym', 'ncrenshaw', 'eabrams', 'mmehta', 'camasney', 'yfatemi', 'kliu', 'kkim', 'afr422', 'parkerjessup1', 'stephenachao', 'cleung', 'kmm134', 'vkb217', 'jheppermann', 'cblumen1', 'akern', 'cyu', 'clawlor', 'hkim', 'Lgilbert', 'mayra', 'ggrocke', 'dmritard96', 'bkang', 'bscallon', 'rcwang', 'scai', 'kjohnson', 'csieber', 'zbergman', 'lholyoke', 'rbrock', 'yatakui', 'dschuster', 'jclin', 'lkoehler', 'jsk719', 'ewali', 'jnam', 'aml404', 'stumuluru']",36,"['iabdala', 'KA', 'heatherw', 'jbenjy88', 'mprovors', 'dsm661', 'achen', 'ras446', 'shezzoid542', 'cwa653', 'etrivedi', 'tjohnson', 'sespinoza2589', 'kpmarcelino', 'abhatt2007', 'sarvis', 'NBailey', 'ejm', 'lfredin', 'aha552', 'frizz1010', 'j_carver2005', 'lhan', 'Molly_Kuhlman', 'lbettag', 'kpie1', 'ahadley', 'JCLIN', 'ayousef', 'csprangers', 'Sbehnke', 'ahu22B', 'goh07', 'klang85', 'nsyed', 'icharles']",13,"['GreekKobe33', 'emathieson', 'cyteng', 'aloveridge', 'udu358', 'stummala', 'yah202', 'mldunham', 'jra696', 'jcamden', 'nbailey', 'vincentchou', 'sstrasser']",203,"['axiao', 'jbenjy88', 'achen', 'ras446', 'ruchino', 'dlc916', 'tgrant', 'egaray', 'GreekKobe33', 'mquayyum', 'raga07', 'ahu22b', 'pforyt', 'kvargas', 'NBailey', 'karkaputto', 'frizz1010', 'ccook', 'jjs390', 'JCLIN', 'cyteng', 'golightly112', 'mkevb1', 'mwhitesides', 'mike67876', 'jcamden', 'bugaboo0036', 'klang85', 'cgarcia', 'chrissemple', 'ashlyprincess', 'iabdala', 'gowens', 'jcs311', 'glewis07', 'abhatt2007', 'ku8809no', 'lnezirova', 'alyu', 'tgilbert', 'cmehta', 'sbehnke', 'dlorenzini', 'cellis', 'nrastogi', 'olui', 'aloveridge', 'wfm289', 'jpez', 'avohra', 'vktdm111', 'darkmetal505', 'twang23', 'mpark', 'ejm', 'rmalecky', 'rblee88', 'ldsegall', 'kwhite', 'jheide', 'akileshhonasoge', 'cbernardo', 'mldunham', 'jmbachu', 'htk351', 'nborzym', 'ncrenshaw', 'camasney', 'udu358', 'kkim', 'goh07', 'nsyed', 'stephenachao', 'cleung', 'vkb217', 'cblumen1', 'dsm661', 'akern', 'Lgilbert', 'ggrocke', 'hkim', 'clawlor', 'mayra', 'nbailey', 'bkang', 'bscallon', 'kpmarcelino', 'zbergman', 'rbrock', 'lhan', 'dschuster', 'jsk719', 'jnam', 'stumuluru', 'dkim', 'LidiaS', 'nbasu', 'ckusel', 'bbanss13', 'vincentchou', 'ggadodia', 'sstrasser', 'shezzoid542', 'jbenjy8', 'sumeethj', 'catherine', 'sespinoza2589', 'bebe', 'jholcomb', 'cchang', 'lfredin', 'pkasen', 'pfellenz', 'kwang', 'jbanga', 'alexjud', 'malperin', 'skatragadda', 'tshastry', 'clishea18', 'kpie1', 'relic12', 'kkurda', 'scope', 'rsanchez', 'ayousef', 'mrr869', 'csprangers', 'dennisbluver', 'lidias', 'ahu22B', 'nflammer', 'lmason', 'dsutich', 'cteng', 'jfroberg', 'hsiaochi', 'eah635', 'quangcle', 'KA', 'phanna', 'tgrimm17', 'ekennedy', 'klee', 'peacful_joh', 'smishra', 'aha552', 'aviollt', 'jls914', 'Molly_Kuhlman', 'tchaudhry', 'mikeispt108', 'mfritz', 'nnosavan', 'cschonberg', 'liangcui', 'ahood', 'nshabeeb', 'AlexMorgan', 'srn779', 'jra696', 'mlembo', 'dpai', 'ssawlani', 'cwa653', 'emathieson', 'tjohnson', 'luyaozers', 'djohanson', 'ka', 'sramalingam', 'j_carver2005', 'jla906', 'eabrams', 'mmehta', 'yfatemi', 'stummala', 'Sbehnke', 'kliu', 'afr422', 'parkerjessup1', 'icharles', 'heatherw', 'kmm134', 'jheppermann', 'mprovors', 'yah202', 'cyu', 'dmritard96', 'etrivedi', 'rcwang', 'scai', 'csieber', 'kjohnson', 'sarvis', 'lholyoke', 'yatakui', 'lbettag', 'jclin', 'lkoehler', 'ahadley', 'ewali', 'aml404']"
1,61,190,8,6,"['heatherw', 'Molly_Kuhlman', 'klang85', 'ahadley', 'ejm', 'j_carver2005']",184,"['dkim', 'LidiaS', 'axiao', 'jbenjy88', 'nbasu', 'achen', 'ckusel', 'bbanss13', 'ras446', 'ruchino', 'dlc916', 'tgrant', 'ggadodia', 'egaray', 'shezzoid542', 'mquayyum', 'jbenjy8', 'raga07', 'sumeethj', 'ahu22b', 'catherine', 'sespinoza2589', 'bebe', 'pforyt', 'kvargas', 'jholcomb', 'cchang', 'NBailey', 'karkaputto', 'lfredin', 'frizz1010', 'pkasen', 'pfellenz', 'kwang', 'jbanga', 'ccook', 'alexjud', 'jjs390', 'malperin', 'skatragadda', 'tshastry', 'clishea18', 'kpie1', 'relic12', 'JCLIN', 'kkurda', 'scope', 'rsanchez', 'golightly112', 'ayousef', 'mrr869', 'mkevb1', 'csprangers', 'dennisbluver', 'lidias', 'mwhitesides', 'ahu22B', 'mike67876', 'bugaboo0036', 'nflammer', 'lmason', 'cgarcia', 'dsutich', 'cteng', 'jfroberg', 'hsiaochi', 'chrissemple', 'ashlyprincess', 'quangcle', 'eah635', 'iabdala', 'KA', 'phanna', 'tgrimm17', 'ekennedy', 'gowens', 'jcs311', 'klee', 'glewis07', 'peacful_joh', 'abhatt2007', 'smishra', 'aha552', 'aviollt', 'ku8809no', 'jls914', 'lnezirova', 'mikeispt108', 'tchaudhry', 'mfritz', 'nnosavan', 'alyu', 'cschonberg', 'liangcui', 'tgilbert', 'ahood', 'nshabeeb', 'cmehta', 'AlexMorgan', 'sbehnke', 'srn779', 'dlorenzini', 'cellis', 'nrastogi', 'olui', 'mlembo', 'wfm289', 'jpez', 'avohra', 'dpai', 'ssawlani', 'cwa653', 'tjohnson', 'vktdm111', 'darkmetal505', 'twang23', 'luyaozers', 'mpark', 'djohanson', 'rmalecky', 'rblee88', 'ka', 'ldsegall', 'jla906', 'kwhite', 'jheide', 'sramalingam', 'akileshhonasoge', 'cbernardo', 'jmbachu', 'htk351', 'nborzym', 'ncrenshaw', 'eabrams', 'mmehta', 'camasney', 'yfatemi', 'Sbehnke', 'kkim', 'kliu', 'afr422', 'parkerjessup1', 'goh07', 'nsyed', 'icharles', 'stephenachao', 'cleung', 'kmm134', 'vkb217', 'jheppermann', 'mprovors', 'dsm661', 'cblumen1', 'Lgilbert', 'ggrocke', 'hkim', 'akern', 'clawlor', 'mayra', 'cyu', 'dmritard96', 'bkang', 'bscallon', 'etrivedi', 'rcwang', 'scai', 'csieber', 'kjohnson', 'kpmarcelino', 'sarvis', 'zbergman', 'lholyoke', 'rbrock', 'yatakui', 'lhan', 'dschuster', 'lbettag', 'jclin', 'lkoehler', 'jsk719', 'ewali', 'jnam', 'aml404', 'stumuluru']",2,"['cmaikens', 'ejblaesi']",192,"['dkim', 'LidiaS', 'axiao', 'jbenjy88', 'nbasu', 'achen', 'ckusel', 'bbanss13', 'ras446', 'ruchino', 'dlc916', 'tgrant', 'ggadodia', 'egaray', 'shezzoid542', 'mquayyum', 'jbenjy8', 'raga07', 'sumeethj', 'ahu22b', 'catherine', 'sespinoza2589', 'bebe', 'pforyt', 'kvargas', 'jholcomb', 'cchang', 'NBailey', 'karkaputto', 'lfredin', 'frizz1010', 'pkasen', 'pfellenz', 'kwang', 'jbanga', 'ccook', 'alexjud', 'jjs390', 'malperin', 'skatragadda', 'tshastry', 'clishea18', 'kpie1', 'relic12', 'JCLIN', 'kkurda', 'scope', 'rsanchez', 'golightly112', 'ayousef', 'mrr869', 'mkevb1', 'csprangers', 'dennisbluver', 'lidias', 'mwhitesides', 'ahu22B', 'mike67876', 'bugaboo0036', 'nflammer', 'lmason', 'klang85', 'cgarcia', 'dsutich', 'cteng', 'jfroberg', 'hsiaochi', 'chrissemple', 'ashlyprincess', 'quangcle', 'eah635', 'iabdala', 'KA', 'phanna', 'tgrimm17', 'ekennedy', 'gowens', 'jcs311', 'klee', 'glewis07', 'peacful_joh', 'abhatt2007', 'smishra', 'aha552', 'aviollt', 'ku8809no', 'jls914', 'Molly_Kuhlman', 'lnezirova', 'mikeispt108', 'tchaudhry', 'mfritz', 'nnosavan', 'alyu', 'cschonberg', 'liangcui', 'tgilbert', 'ahood', 'nshabeeb', 'cmehta', 'AlexMorgan', 'sbehnke', 'srn779', 'dlorenzini', 'cellis', 'nrastogi', 'olui', 'mlembo', 'wfm289', 'jpez', 'avohra', 'dpai', 'ssawlani', 'cwa653', 'tjohnson', 'vktdm111', 'darkmetal505', 'twang23', 'luyaozers', 'mpark', 'djohanson', 'ejm', 'rmalecky', 'rblee88', 'j_carver2005', 'ka', 'ldsegall', 'jla906', 'kwhite', 'jheide', 'sramalingam', 'ejblaesi', 'akileshhonasoge', 'cbernardo', 'cmaikens', 'jmbachu', 'htk351', 'nborzym', 'ncrenshaw', 'eabrams', 'mmehta', 'camasney', 'yfatemi', 'Sbehnke', 'kkim', 'kliu', 'afr422', 'parkerjessup1', 'goh07', 'nsyed', 'icharles', 'stephenachao', 'heatherw', 'cleung', 'kmm134', 'vkb217', 'jheppermann', 'mprovors', 'dsm661', 'cblumen1', 'Lgilbert', 'ggrocke', 'hkim', 'akern', 'clawlor', 'mayra', 'cyu', 'dmritard96', 'bkang', 'bscallon', 'etrivedi', 'rcwang', 'scai', 'csieber', 'kjohnson', 'kpmarcelino', 'sarvis', 'zbergman', 'lholyoke', 'rbrock', 'yatakui', 'lhan', 'dschuster', 'lbettag', 'jclin', 'lkoehler', 'ahadley', 'jsk719', 'ewali', 'jnam', 'aml404', 'stumuluru']"
2,56,68,74,64,"['jasonlin', 'jliu86', 'oliviawei', 'jeonjin7', 'rawisraw', 'darylng', 'ee94040', 'tsewang', 'hrlee', 'npradhan', 'talk2stars', 'rbhobe', 'jonrviper', 'nefcy', 'lthoon', 'bclim', 'ytcheng', 'vijayfrancis7', 'kosar', 'pardalan', 'indepj', 'aniveditha', 'youngy', 'alsune', 'tfcheng', 'khm98', 'jaccy', 'nitindua', 'yoneoka', 'idimen', 'derek502', 'erichoke', 'hailiangmars', 'tila', 'tpslele', 'maduncan', 'yenchuyang', 'mayur20', 'yongpark', 'samehgalal', 'kknutson', 'cdaigle', 'dschou', 'jayparker', 'zhuzhouyuan02', 'changwa', 'jwf', 'shuhu', 'eriki', 'KoalaBlue1', 'xhl20', 'dseo80', 'ngyoung', 'mullings', 'zihong', 'aaronl', 'tskim1', 'vijayp', 'srivats9117', 'nikit', 'tzonghan', '04925848a', 'shengliu', 'rajmisra']",4,"['jrhahn1', 'Gugiyu', 'cjhsieh', 'dvangogh']",10,"['arjun85', 'elaineo', 'jprao', 'Zihong', 'dawsonwong', 'akpec', 'milesteg14', 'farazhb', 'jrileyEE218', 'mbibee']",78,"['darylng', 'jeonjin7', 'rawisraw', 'Zihong', 'ee94040', 'hrlee', 'talk2stars', 'nefcy', 'vijayfrancis7', 'indepj', 'aniveditha', 'alsune', 'dawsonwong', 'nitindua', 'yoneoka', 'derek502', 'erichoke', 'hailiangmars', 'jrhahn1', 'tpslele', 'maduncan', 'mayur20', 'samehgalal', 'arjun85', 'Gugiyu', 'dschou', 'jprao', 'changwa', 'shuhu', 'xhl20', 'ngyoung', 'zihong', 'tskim1', 'nikit', 'tzonghan', 'dvangogh', '04925848a', 'shengliu', 'rajmisra', 'jasonlin', 'jliu86', 'oliviawei', 'tsewang', 'npradhan', 'rbhobe', 'jonrviper', 'lthoon', 'bclim', 'ytcheng', 'kosar', 'pardalan', 'elaineo', 'youngy', 'tfcheng', 'jaccy', 'idimen', 'akpec', 'farazhb', 'tila', 'yenchuyang', 'mbibee', 'yongpark', 'kknutson', 'cdaigle', 'jayparker', 'zhuzhouyuan02', 'milesteg14', 'jwf', 'eriki', 'KoalaBlue1', 'dseo80', 'cjhsieh', 'mullings', 'aaronl', 'vijayp', 'srivats9117', 'jrileyEE218', 'khm98']"
2,57,68,71,63,"['jasonlin', 'jliu86', 'oliviawei', 'jeonjin7', 'rawisraw', 'darylng', 'ee94040', 'tsewang', 'hrlee', 'npradhan', 'talk2stars', 'rbhobe', 'jonrviper', 'nefcy', 'lthoon', 'bclim', 'ytcheng', 'vijayfrancis7', 'kosar', 'pardalan', 'indepj', 'aniveditha', 'youngy', 'alsune', 'tfcheng', 'khm98', 'jaccy', 'nitindua', 'yoneoka', 'idimen', 'derek502', 'erichoke', 'hailiangmars', 'tila', 'tpslele', 'maduncan', 'yenchuyang', 'mayur20', 'yongpark', 'samehgalal', 'kknutson', 'dschou', 'jayparker', 'zhuzhouyuan02', 'changwa', 'jwf', 'shuhu', 'eriki', 'KoalaBlue1', 'xhl20', 'dseo80', 'ngyoung', 'mullings', 'zihong', 'aaronl', 'tskim1', 'vijayp', 'srivats9117', 'nikit', 'tzonghan', '04925848a', 'shengliu', 'rajmisra']",5,"['cdaigle', 'Gugiyu', 'dvangogh', 'jrhahn1', 'cjhsieh']",8,"['arjun85', 'elaineo', 'jprao', 'Zihong', 'akpec', 'farazhb', 'Allans123', 'jrileyEE218']",76,"['darylng', 'jeonjin7', 'rawisraw', 'Zihong', 'ee94040', 'hrlee', 'talk2stars', 'nefcy', 'vijayfrancis7', 'indepj', 'aniveditha', 'alsune', 'nitindua', 'yoneoka', 'derek502', 'erichoke', 'hailiangmars', 'jrhahn1', 'Allans123', 'tpslele', 'maduncan', 'mayur20', 'samehgalal', 'arjun85', 'Gugiyu', 'dschou', 'jprao', 'changwa', 'shuhu', 'xhl20', 'ngyoung', 'zihong', 'tskim1', 'nikit', 'tzonghan', 'dvangogh', '04925848a', 'shengliu', 'rajmisra', 'jasonlin', 'jliu86', 'oliviawei', 'tsewang', 'npradhan', 'rbhobe', 'jonrviper', 'lthoon', 'bclim', 'ytcheng', 'kosar', 'pardalan', 'elaineo', 'youngy', 'tfcheng', 'jaccy', 'idimen', 'akpec', 'farazhb', 'tila', 'yenchuyang', 'yongpark', 'kknutson', 'cdaigle', 'jayparker', 'zhuzhouyuan02', 'jwf', 'eriki', 'KoalaBlue1', 'dseo80', 'cjhsieh', 'mullings', 'aaronl', 'vijayp', 'srivats9117', 'jrileyEE218', 'khm98']"
2,53,68,67,61,"['jasonlin', 'darylng', 'oliviawei', 'jliu86', 'rawisraw', 'tsewang', 'hrlee', 'npradhan', 'talk2stars', 'rbhobe', 'jonrviper', 'nefcy', 'lthoon', 'bclim', 'ytcheng', 'vijayfrancis7', 'pardalan', 'indepj', 'kosar', 'shengliu', 'aniveditha', 'youngy', 'alsune', 'tfcheng', 'idimen', 'nitindua', 'yoneoka', 'derek502', 'jaccy', 'erichoke', 'hailiangmars', 'tila', 'tpslele', 'maduncan', 'yenchuyang', 'mayur20', 'samehgalal', 'cdaigle', 'kknutson', 'dschou', 'zhuzhouyuan02', 'jayparker', 'changwa', 'jwf', 'eriki', 'xhl20', 'KoalaBlue1', 'shuhu', 'dseo80', 'ngyoung', 'mullings', 'zihong', 'aaronl', 'tskim1', 'vijayp', 'srivats9117', 'nikit', 'tzonghan', '04925848a', 'khm98', 'rajmisra']",7,"['Gugiyu', 'jeonjin7', 'ee94040', 'dvangogh', 'jrhahn1', 'cjhsieh', 'yongpark']",6,"['loudin', 'dawsonwong', 'milesteg14', 'farazhb', 'jrileyEE218', 'mbibee']",74,"['darylng', 'jeonjin7', 'rawisraw', 'ee94040', 'hrlee', 'talk2stars', 'nefcy', 'vijayfrancis7', 'indepj', 'aniveditha', 'alsune', 'dawsonwong', 'nitindua', 'yoneoka', 'derek502', 'erichoke', 'hailiangmars', 'jrhahn1', 'tpslele', 'maduncan', 'mayur20', 'samehgalal', 'Gugiyu', 'dschou', 'changwa', 'shuhu', 'xhl20', 'ngyoung', 'zihong', 'tskim1', 'nikit', 'tzonghan', 'dvangogh', '04925848a', 'shengliu', 'rajmisra', 'jasonlin', 'jliu86', 'oliviawei', 'tsewang', 'npradhan', 'rbhobe', 'jonrviper', 'lthoon', 'bclim', 'ytcheng', 'kosar', 'pardalan', 'youngy', 'tfcheng', 'jaccy', 'idimen', 'farazhb', 'tila', 'yenchuyang', 'mbibee', 'yongpark', 'kknutson', 'cdaigle', 'jayparker', 'zhuzhouyuan02', 'milesteg14', 'jwf', 'eriki', 'KoalaBlue1', 'dseo80', 'cjhsieh', 'loudin', 'mullings', 'aaronl', 'vijayp', 'srivats9117', 'jrileyEE218', 'khm98']"
2,54,68,15,14,"['kknutson', 'kosar', 'cdaigle', 'mullings', 'jayparker', 'vijayp', 'rawisraw', 'jaccy', 'nikit', 'hailiangmars', 'eriki', 'ytcheng', 'dseo80', 'mayur20']",54,"['darylng', 'jeonjin7', 'ee94040', 'hrlee', 'talk2stars', 'nefcy', 'vijayfrancis7', 'indepj', 'aniveditha', 'alsune', 'nitindua', 'yoneoka', 'derek502', 'erichoke', 'jrhahn1', 'tpslele', 'maduncan', 'samehgalal', 'Gugiyu', 'dschou', 'changwa', 'shuhu', 'xhl20', 'ngyoung', 'zihong', 'tskim1', 'tzonghan', 'dvangogh', '04925848a', 'shengliu', 'rajmisra', 'jasonlin', 'jliu86', 'oliviawei', 'tsewang', 'npradhan', 'rbhobe', 'jonrviper', 'lthoon', 'bclim', 'pardalan', 'youngy', 'tfcheng', 'idimen', 'tila', 'yenchuyang', 'yongpark', 'zhuzhouyuan02', 'jwf', 'KoalaBlue1', 'cjhsieh', 'aaronl', 'srivats9117', 'khm98']",1,['mbibee'],69,"['darylng', 'jeonjin7', 'rawisraw', 'ee94040', 'hrlee', 'talk2stars', 'nefcy', 'vijayfrancis7', 'indepj', 'aniveditha', 'alsune', 'nitindua', 'yoneoka', 'derek502', 'erichoke', 'hailiangmars', 'jrhahn1', 'tpslele', 'maduncan', 'mayur20', 'samehgalal', 'Gugiyu', 'dschou', 'changwa', 'shuhu', 'xhl20', 'ngyoung', 'zihong', 'tskim1', 'nikit', 'tzonghan', 'dvangogh', '04925848a', 'shengliu', 'rajmisra', 'jasonlin', 'jliu86', 'oliviawei', 'tsewang', 'npradhan', 'rbhobe', 'jonrviper', 'lthoon', 'bclim', 'ytcheng', 'kosar', 'pardalan', 'youngy', 'tfcheng', 'jaccy', 'idimen', 'tila', 'yenchuyang', 'mbibee', 'yongpark', 'kknutson', 'cdaigle', 'jayparker', 'zhuzhouyuan02', 'jwf', 'eriki', 'KoalaBlue1', 'dseo80', 'cjhsieh', 'mullings', 'aaronl', 'vijayp', 'srivats9117', 'khm98']"
3,71,32,14,11,"['LKy', 'cloud', 'pcg53747', 'deathsosth', 'getchar', 'tcyeh', 'hwcheng', 'Littleh', 'graphalgo', 'apaphix', 'eencnudon']",21,"['seario', 'sbaliga', 'sabbas', 'paradox', 'tjbadcock', 'appeli', 'coffeemate', 'steve01903', 'agacosta', 'ftempasuedu', 'kdeepak1984', 'ryanboesch', 'jingjing', 'tjchiu', 'rmh724', 'maciekligowski', 'pigguo', 'arikan', 'kchandr5', 'sarathcpt', 'stacy']",3,"['beznp', 'tarks', 'eric197542']",35,"['LKy', 'cloud', 'seario', 'tcyeh', 'eric197542', 'sbaliga', 'sabbas', 'paradox', 'tjbadcock', 'appeli', 'coffeemate', 'steve01903', 'agacosta', 'ftempasuedu', 'kdeepak1984', 'getchar', 'ryanboesch', 'jingjing', 'tjchiu', 'hwcheng', 'Littleh', 'apaphix', 'rmh724', 'maciekligowski', 'pigguo', 'arikan', 'beznp', 'kchandr5', 'sarathcpt', 'tarks', 'deathsosth', 'stacy', 'graphalgo', 'pcg53747', 'eencnudon']"
3,72,32,13,8,"['rmh724', 'kchandr5', 'sarathcpt', 'coffeemate', 'ftempasuedu', 'kdeepak1984', 'jingjing', 'sbaliga']",24,"['LKy', 'cloud', 'seario', 'tcyeh', 'sabbas', 'paradox', 'tjbadcock', 'appeli', 'steve01903', 'agacosta', 'getchar', 'ryanboesch', 'tjchiu', 'hwcheng', 'Littleh', 'apaphix', 'maciekligowski', 'pigguo', 'arikan', 'deathsosth', 'stacy', 'graphalgo', 'pcg53747', 'eencnudon']",5,"['panrets', 'bharanr', 'asgoerni', 'ahossai', 'bpadman1']",37,"['LKy', 'cloud', 'seario', 'tcyeh', 'sbaliga', 'sabbas', 'paradox', 'tjbadcock', 'appeli', 'coffeemate', 'steve01903', 'agacosta', 'ftempasuedu', 'asgoerni', 'kdeepak1984', 'getchar', 'ryanboesch', 'jingjing', 'tjchiu', 'hwcheng', 'bpadman1', 'Littleh', 'apaphix', 'rmh724', 'maciekligowski', 'panrets', 'pigguo', 'bharanr', 'arikan', 'kchandr5', 'sarathcpt', 'deathsosth', 'stacy', 'ahossai', 'graphalgo', 'pcg53747', 'eencnudon']"
3,68,32,9,1,['jingjing'],31,"['LKy', 'cloud', 'seario', 'tcyeh', 'sbaliga', 'sabbas', 'paradox', 'tjbadcock', 'appeli', 'coffeemate', 'steve01903', 'agacosta', 'ftempasuedu', 'kdeepak1984', 'getchar', 'ryanboesch', 'tjchiu', 'hwcheng', 'Littleh', 'apaphix', 'rmh724', 'maciekligowski', 'pigguo', 'arikan', 'kchandr5', 'sarathcpt', 'deathsosth', 'stacy', 'graphalgo', 'pcg53747', 'eencnudon']",8,"['harish', 'kotanaveen', 'scsong71', 'bhupathikalpana', 'lnaveen', 'raamsid', 'moturukh', 'ranjithpadidala']",40,"['LKy', 'cloud', 'seario', 'tcyeh', 'sbaliga', 'raamsid', 'sabbas', 'paradox', 'tjbadcock', 'appeli', 'coffeemate', 'steve01903', 'agacosta', 'ftempasuedu', 'kotanaveen', 'kdeepak1984', 'getchar', 'ryanboesch', 'jingjing', 'tjchiu', 'hwcheng', 'lnaveen', 'Littleh', 'apaphix', 'ranjithpadidala', 'rmh724', 'maciekligowski', 'harish', 'pigguo', 'arikan', 'bhupathikalpana', 'kchandr5', 'sarathcpt', 'deathsosth', 'stacy', 'scsong71', 'graphalgo', 'moturukh', 'pcg53747', 'eencnudon']"
3,69,32,6,3,"['getchar', 'pcg53747', 'deathsosth']",29,"['LKy', 'cloud', 'seario', 'tcyeh', 'sbaliga', 'sabbas', 'paradox', 'tjbadcock', 'appeli', 'coffeemate', 'steve01903', 'agacosta', 'ftempasuedu', 'kdeepak1984', 'ryanboesch', 'jingjing', 'tjchiu', 'hwcheng', 'Littleh', 'apaphix', 'rmh724', 'maciekligowski', 'pigguo', 'arikan', 'kchandr5', 'sarathcpt', 'stacy', 'graphalgo', 'eencnudon']",3,"['beznp', 'tarks', 'eric197542']",35,"['LKy', 'cloud', 'seario', 'tcyeh', 'eric197542', 'sbaliga', 'sabbas', 'paradox', 'tjbadcock', 'appeli', 'coffeemate', 'steve01903', 'agacosta', 'ftempasuedu', 'kdeepak1984', 'getchar', 'ryanboesch', 'jingjing', 'tjchiu', 'hwcheng', 'Littleh', 'apaphix', 'rmh724', 'maciekligowski', 'pigguo', 'arikan', 'beznp', 'kchandr5', 'sarathcpt', 'tarks', 'deathsosth', 'stacy', 'graphalgo', 'pcg53747', 'eencnudon']"
3,70,32,6,3,"['pcg53747', 'deathsosth', 'eencnudon']",29,"['LKy', 'cloud', 'seario', 'tcyeh', 'sbaliga', 'sabbas', 'paradox', 'tjbadcock', 'appeli', 'coffeemate', 'steve01903', 'agacosta', 'ftempasuedu', 'kdeepak1984', 'getchar', 'ryanboesch', 'jingjing', 'tjchiu', 'hwcheng', 'Littleh', 'apaphix', 'rmh724', 'maciekligowski', 'pigguo', 'arikan', 'kchandr5', 'sarathcpt', 'stacy', 'graphalgo']",3,"['beznp', 'tarks', 'eric197542']",35,"['LKy', 'cloud', 'seario', 'tcyeh', 'eric197542', 'sbaliga', 'sabbas', 'paradox', 'tjbadcock', 'appeli', 'coffeemate', 'steve01903', 'agacosta', 'ftempasuedu', 'kdeepak1984', 'getchar', 'ryanboesch', 'jingjing', 'tjchiu', 'hwcheng', 'Littleh', 'apaphix', 'rmh724', 'maciekligowski', 'pigguo', 'arikan', 'beznp', 'kchandr5', 'sarathcpt', 'tarks', 'deathsosth', 'stacy', 'graphalgo', 'pcg53747', 'eencnudon']"
4,64,28,25,22,"['s042201', 's042463', 'crapy', 'dirac1928', 'seb6006', 's042570', 'EnthusiasticStudent', 'yoda', 's042515', 'paw', 'Pikachu', 'paoloween', 'ToBeAss', 'johan', 'chris100', 'hoomie', 'nierhoff', 'eskrut', 'maksimz', 'krugster', 'mibole', 'jonasdue']",6,"['xaratustra', 's042177', 'rparsa', 'qiankun', 'ehosseini', 'MTM']",3,"['hildur', 'nanomads', 'mabazain']",31,"['s042201', 's042463', 'nanomads', 'crapy', 'dirac1928', 'seb6006', 's042570', 'EnthusiasticStudent', 'yoda', 'mabazain', 's042515', 'rparsa', 'paw', 'Pikachu', 'MTM', 'paoloween', 'ToBeAss', 'johan', 'xaratustra', 'chris100', 'hildur', 'hoomie', 'nierhoff', 's042177', 'eskrut', 'qiankun', 'maksimz', 'krugster', 'mibole', 'ehosseini', 'jonasdue']"
5,12,28,19,14,"['namtih58', 'lude251', 'jithudevineni', 'agnichunduri', 'pramod_dude2003', 'ponugupati', 'deepthinano', 'nagavender', 'suchitradhadigam', 'abhishekmidturi', 'subbarao', 'jilani919', 'saikeerthig', 'omkareshwarnaik']",14,"['rajkirangottipati', 'venkatvasu', 'vasu_katangooru', 'phcaobq', 'siddhuchow', 'raghuramsrinivasr', 'fernandorios6', 'rajkirangotti', 'hameed425', 'robdavid', 'malleswari', 'maxon_999', 'vickyb', 'alkuslikis']",5,"['sravan', 'panyamak', 'aliuddin', 'p_deepthi13', 'moin95']",33,"['sravan', 'panyamak', 'lude251', 'ponugupati', 'moin95', 'fernandorios6', 'suchitradhadigam', 'namtih58', 'vasu_katangooru', 'raghuramsrinivasr', 'rajkirangotti', 'maxon_999', 'p_deepthi13', 'venkatvasu', 'phcaobq', 'siddhuchow', 'deepthinano', 'nagavender', 'abhishekmidturi', 'malleswari', 'saikeerthig', 'omkareshwarnaik', 'rajkirangottipati', 'aliuddin', 'jithudevineni', 'agnichunduri', 'pramod_dude2003', 'hameed425', 'robdavid', 'subbarao', 'jilani919', 'vickyb', 'alkuslikis']"
5,14,28,7,7,"['rajkirangottipati', 'venkatvasu', 'vasu_katangooru', 'raghuramsrinivasr', 'malleswari', 'subbarao', 'maxon_999']",21,"['lude251', 'ponugupati', 'fernandorios6', 'suchitradhadigam', 'namtih58', 'rajkirangotti', 'phcaobq', 'siddhuchow', 'deepthinano', 'nagavender', 'abhishekmidturi', 'saikeerthig', 'omkareshwarnaik', 'jithudevineni', 'agnichunduri', 'pramod_dude2003', 'hameed425', 'robdavid', 'jilani919', 'vickyb', 'alkuslikis']",0,[],28,"['lude251', 'venkatvasu', 'ponugupati', 'phcaobq', 'siddhuchow', 'fernandorios6', 'deepthinano', 'nagavender', 'suchitradhadigam', 'abhishekmidturi', 'malleswari', 'saikeerthig', 'omkareshwarnaik', 'rajkirangottipati', 'namtih58', 'jithudevineni', 'agnichunduri', 'vasu_katangooru', 'pramod_dude2003', 'raghuramsrinivasr', 'rajkirangotti', 'hameed425', 'robdavid', 'subbarao', 'jilani919', 'maxon_999', 'vickyb', 'alkuslikis']"
5,13,28,5,4,"['rajkirangotti', 'lude251', 'abhishekmidturi', 'raghuramsrinivasr']",24,"['venkatvasu', 'ponugupati', 'phcaobq', 'siddhuchow', 'fernandorios6', 'deepthinano', 'nagavender', 'suchitradhadigam', 'malleswari', 'saikeerthig', 'omkareshwarnaik', 'rajkirangottipati', 'namtih58', 'jithudevineni', 'agnichunduri', 'vasu_katangooru', 'pramod_dude2003', 'hameed425', 'robdavid', 'subbarao', 'jilani919', 'maxon_999', 'vickyb', 'alkuslikis']",1,['myersrr'],29,"['lude251', 'venkatvasu', 'ponugupati', 'phcaobq', 'siddhuchow', 'fernandorios6', 'myersrr', 'deepthinano', 'nagavender', 'suchitradhadigam', 'abhishekmidturi', 'malleswari', 'saikeerthig', 'omkareshwarnaik', 'rajkirangottipati', 'namtih58', 'jithudevineni', 'agnichunduri', 'vasu_katangooru', 'pramod_dude2003', 'raghuramsrinivasr', 'rajkirangotti', 'hameed425', 'robdavid', 'subbarao', 'jilani919', 'maxon_999', 'vickyb', 'alkuslikis']"
6,26,27,32,22,"['SwedishViking', 'gokberk', 'mlelshei', 'davidko', 'Vel0th', 'albynanu', 'bjnils', 'tanzil', 'mikaelkv', 'shamsa', 'parizek', 't36', 'elyas', 'johoi', 'rozycki', 'anita80', 'gustbee', 'Nicoinn', 'dahir', 'svedend', 'saad', 'blubbe']",5,"['simulering', 'steppen7', 'Aemo', 'akkallio', 'petroff']",10,"['sebricci', 'robin77i', 'maxem', 'Bondu', 'andrexx', 'semetria', 'bellmanz', 'krissboy', 'lukasvogl13', 'mhci']",37,"['robin77i', 'steppen7', 'Aemo', 'bellmanz', 'SwedishViking', 'gokberk', 'mlelshei', 'davidko', 'Vel0th', 'sebricci', 'mhci', 'Bondu', 'albynanu', 'akkallio', 'bjnils', 'lukasvogl13', 'tanzil', 'mikaelkv', 'shamsa', 'krissboy', 'parizek', 't36', 'elyas', 'petroff', 'andrexx', 'simulering', 'johoi', 'rozycki', 'anita80', 'maxem', 'semetria', 'gustbee', 'Nicoinn', 'dahir', 'svedend', 'saad', 'blubbe']"
6,51,27,27,22,"['Aemo', 'SwedishViking', 'gokberk', 'mlelshei', 'davidko', 'Vel0th', 'albynanu', 'bjnils', 'tanzil', 'mikaelkv', 'shamsa', 'parizek', 't36', 'elyas', 'johoi', 'rozycki', 'anita80', 'gustbee', 'Nicoinn', 'svedend', 'saad', 'blubbe']",5,"['simulering', 'steppen7', 'dahir', 'akkallio', 'petroff']",5,"['maxem', 'sebricci', 'robin77i', 'bellmanz', 'krissboy']",32,"['robin77i', 'steppen7', 'Aemo', 'bellmanz', 'SwedishViking', 'gokberk', 'mlelshei', 'davidko', 'Vel0th', 'sebricci', 'albynanu', 'akkallio', 'bjnils', 'tanzil', 'mikaelkv', 'shamsa', 'krissboy', 'parizek', 't36', 'elyas', 'petroff', 'simulering', 'johoi', 'rozycki', 'anita80', 'maxem', 'gustbee', 'Nicoinn', 'dahir', 'svedend', 'saad', 'blubbe']"
6,27,27,26,18,"['johoi', 'svedend', 'rozycki', 'anita80', 'mikaelkv', 'albynanu', 'gustbee', 'Nicoinn', 'dahir', 'blubbe', 'bjnils', 'gokberk', 'parizek', 'saad', 'tanzil', 'mlelshei', 'davidko', 'elyas']",9,"['simulering', 'Vel0th', 'steppen7', 'Aemo', 'shamsa', 'SwedishViking', 'akkallio', 't36', 'petroff']",8,"['sebricci', 'robin77i', 'maxem', 'semetria', 'bellmanz', 'krissboy', 'lukasvogl13', 'andrexx']",35,"['robin77i', 'steppen7', 'Aemo', 'bellmanz', 'SwedishViking', 'gokberk', 'mlelshei', 'davidko', 'Vel0th', 'sebricci', 'albynanu', 'akkallio', 'bjnils', 'lukasvogl13', 'tanzil', 'mikaelkv', 'shamsa', 'krissboy', 'parizek', 't36', 'elyas', 'petroff', 'andrexx', 'simulering', 'johoi', 'rozycki', 'anita80', 'maxem', 'semetria', 'gustbee', 'Nicoinn', 'dahir', 'svedend', 'saad', 'blubbe']"
7,58,25,45,23,"['jasonmartens', 'alicialoon', 'afranklin', 'ltrevino', 'bvgregor', 'agross', 'mmarkese', 'jrudoy', 'djacobs', 'ssaddemi', 'mjc222', 'rbanakis', 'afasolinu', 'drhee', 'Chisda', 'zsidik', 'asi071', 'xlu', 'tifalok', 'abartolai', 'dmondschean', 'jradcliffe', 'ljordano']",2,"['eed1987', 'garlandlisa']",22,"['nathancboren', 'alice', 'slhatch', 'aos422', 'chngnisbbgy', 'cgoldschmidt', 'chisda', 'nonhub1122', 'mmapodaca', 'amunoz', 'sifatshahjahan', 'mrosenberg', 'jroden', 'alyszczarz', 'willybaw', 'cal321', 'tejerina', 'darkslayer13', 'choel', 'christian', 'mhartrich', 'tgadzikwa']",47,"['nathancboren', 'alice', 'jasonmartens', 'alicialoon', 'chisda', 'ltrevino', 'bvgregor', 'agross', 'mmapodaca', 'mmarkese', 'amunoz', 'sifatshahjahan', 'mrosenberg', 'eed1987', 'jroden', 'alyszczarz', 'mjc222', 'darkslayer13', 'drhee', 'zsidik', 'garlandlisa', 'abartolai', 'dmondschean', 'ljordano', 'slhatch', 'aos422', 'chngnisbbgy', 'cgoldschmidt', 'afranklin', 'nonhub1122', 'jradcliffe', 'jrudoy', 'djacobs', 'ssaddemi', 'willybaw', 'cal321', 'tejerina', 'rbanakis', 'Chisda', 'asi071', 'xlu', 'choel', 'christian', 'mhartrich', 'tifalok', 'tgadzikwa', 'afasolinu']"
7,42,25,27,23,"['jasonmartens', 'alicialoon', 'afranklin', 'ltrevino', 'bvgregor', 'agross', 'mmarkese', 'jrudoy', 'djacobs', 'ssaddemi', 'mjc222', 'rbanakis', 'afasolinu', 'drhee', 'Chisda', 'zsidik', 'asi071', 'xlu', 'tifalok', 'abartolai', 'dmondschean', 'jradcliffe', 'ljordano']",2,"['eed1987', 'garlandlisa']",4,"['mmapodaca', 'rtaylor', 'wedmonds', 'rsuffrin']",29,"['jasonmartens', 'alicialoon', 'afranklin', 'ltrevino', 'bvgregor', 'agross', 'jradcliffe', 'mmarkese', 'mmapodaca', 'jrudoy', 'eed1987', 'djacobs', 'ssaddemi', 'mjc222', 'rbanakis', 'wedmonds', 'drhee', 'Chisda', 'zsidik', 'rsuffrin', 'asi071', 'xlu', 'rtaylor', 'garlandlisa', 'abartolai', 'dmondschean', 'tifalok', 'ljordano', 'afasolinu']"
8,65,25,41,2,"['esteenbe', 'rajanim']",23,"['QuantumDot', 'nsashraf', 'melissalili', 'abebeh', 'jmnunez1', 'tejbelagodu', 'prabhubharathan', 'achalk', 'sairaghunath', 'anandecy3035', 'anupsasikumar', 'ericdailey', 'cjlasu', 'Trupthi', 'rmdong', 'aluby', 'gokulaka', 'lazafq123', 'teresawei221', 'jazminjazzy', 'zwfchopin', 'cjnolja', 'Huskerfan333']",39,"['potluri9', 'nagaraj', 'gsraghu', 'kajalpatil', 'mini_moses', 'jwala', 'raamsid', 'khader_7786', 'chsumanth14', 'kotanaveen', 'yphani', 'praneet9', 'abed820', 'lnaveen', 'guttivishu', 'ranjithpadidala', 'radhikak', 'adeflux', 'harish', 'bharatsainani', 'pavansiu', 'umechelimila', 'ajay43', 'mdsadiq', 'rahul24', 'bhupathikalpana', 'agayathri', 'karthikc', 'sribotla82', 'sbreddy', 'ssahmed', 'pavan26kp', 'sairam', 'jahnvi', 'irshad', 'harani', 'rakeshk', 'moturukh', 'ashfaq']",64,"['nsashraf', 'nagaraj', 'jmnunez1', 'prabhubharathan', 'mini_moses', 'achalk', 'sairaghunath', 'anandecy3035', 'anupsasikumar', 'khader_7786', 'praneet9', 'cjlasu', 'lnaveen', 'aluby', 'guttivishu', 'ranjithpadidala', 'adeflux', 'gokulaka', 'harish', 'lazafq123', 'bharatsainani', 'pavansiu', 'teresawei221', 'ajay43', 'mdsadiq', 'jazminjazzy', 'zwfchopin', 'cjnolja', 'agayathri', 'karthikc', 'sribotla82', 'sbreddy', 'ssahmed', 'jahnvi', 'irshad', 'moturukh', 'Huskerfan333', 'QuantumDot', 'esteenbe', 'potluri9', 'melissalili', 'abebeh', 'tejbelagodu', 'gsraghu', 'kajalpatil', 'jwala', 'raamsid', 'chsumanth14', 'ericdailey', 'kotanaveen', 'yphani', 'abed820', 'Trupthi', 'rmdong', 'radhikak', 'umechelimila', 'rahul24', 'bhupathikalpana', 'pavan26kp', 'sairam', 'harani', 'rakeshk', 'rajanim', 'ashfaq']"
8,20,25,28,1,['rajanim'],24,"['QuantumDot', 'esteenbe', 'nsashraf', 'melissalili', 'abebeh', 'jmnunez1', 'tejbelagodu', 'prabhubharathan', 'achalk', 'sairaghunath', 'anandecy3035', 'anupsasikumar', 'ericdailey', 'cjlasu', 'Trupthi', 'rmdong', 'aluby', 'gokulaka', 'lazafq123', 'teresawei221', 'jazminjazzy', 'zwfchopin', 'cjnolja', 'Huskerfan333']",27,"['potluri9', 'nagaraj', 'gsraghu', 'mini_moses', 'jwala', 'khader_7786', 'chsumanth14', 'kotanaveen', 'yphani', 'praneet9', 'abed820', 'lnaveen', 'guttivishu', 'ranjithpadidala', 'radhikak', 'adeflux', 'harish', 'bharatsainani', 'ajay43', 'rahul24', 'bhupathikalpana', 'agayathri', 'sribotla82', 'ssahmed', 'sairam', 'harani', 'rakeshk']",52,"['QuantumDot', 'esteenbe', 'potluri9', 'nsashraf', 'melissalili', 'abebeh', 'jmnunez1', 'tejbelagodu', 'nagaraj', 'gsraghu', 'prabhubharathan', 'mini_moses', 'achalk', 'sairaghunath', 'jwala', 'anandecy3035', 'anupsasikumar', 'khader_7786', 'chsumanth14', 'ericdailey', 'kotanaveen', 'yphani', 'praneet9', 'abed820', 'cjlasu', 'Trupthi', 'lnaveen', 'rmdong', 'aluby', 'guttivishu', 'ranjithpadidala', 'radhikak', 'adeflux', 'gokulaka', 'harish', 'lazafq123', 'bharatsainani', 'ajay43', 'teresawei221', 'jazminjazzy', 'rahul24', 'zwfchopin', 'cjnolja', 'bhupathikalpana', 'agayathri', 'sribotla82', 'ssahmed', 'sairam', 'harani', 'rakeshk', 'rajanim', 'Huskerfan333']"
8,66,25,26,20,"['esteenbe', 'nsashraf', 'melissalili', 'jmnunez1', 'tejbelagodu', 'prabhubharathan', 'achalk', 'sairaghunath', 'anandecy3035', 'anupsasikumar', 'ericdailey', 'cjlasu', 'Trupthi', 'rmdong', 'aluby', 'gokulaka', 'lazafq123', 'teresawei221', 'zwfchopin', 'Huskerfan333']",5,"['QuantumDot', 'abebeh', 'jazminjazzy', 'rajanim', 'cjnolja']",6,"['nipunchaplot', 'Vasileska', 'xoai479', 'myztical7', 'jcharri1', 'srivatsaaithal']",31,"['QuantumDot', 'Vasileska', 'esteenbe', 'nsashraf', 'melissalili', 'abebeh', 'jmnunez1', 'tejbelagodu', 'prabhubharathan', 'achalk', 'sairaghunath', 'srivatsaaithal', 'anandecy3035', 'anupsasikumar', 'ericdailey', 'cjlasu', 'Trupthi', 'myztical7', 'rmdong', 'aluby', 'gokulaka', 'lazafq123', 'teresawei221', 'jazminjazzy', 'jcharri1', 'zwfchopin', 'cjnolja', 'nipunchaplot', 'xoai479', 'rajanim', 'Huskerfan333']"
9,16,22,20,15,"['abartow', 'hmurdoch2', 'santoshkumar', 'yalanz', 'mrakita', 'ccqian', 'hmurdoch', 'Ayesha', 'dsamson', 'dhruvsingh', 'yjing', 'hsinhaouh', 'grlong', 'banglin', 'fangoua']",7,"['thal', 'rnemeth', 'gvkarthik', 'juby', 'hessks', 'siryu011', 'kim87']",5,"['strachan', 'cbburger', 'oliverm', 'apalaria', 'iyums']",27,"['hessks', 'hmurdoch', 'dhruvsingh', 'grlong', 'abartow', 'cbburger', 'oliverm', 'mrakita', 'apalaria', 'kim87', 'yjing', 'hsinhaouh', 'hmurdoch2', 'strachan', 'santoshkumar', 'rnemeth', 'gvkarthik', 'juby', 'ccqian', 'banglin', 'Ayesha', 'yalanz', 'fangoua', 'thal', 'siryu011', 'dsamson', 'iyums']"
10,75,19,20,11,"['nasaman02', 'rsdeford', 'sdials', 'tallxcrunner', 'kim131', 'pnice', 'jgu', 'kjharrin', 'bcaulkin', 'pakighunda', 'leoromanovsky']",8,"['giganano', 'zhangkun', 'wancc3', 'ahmd080', 'obrienam', 'dtruax', 'davydotcom', 'Gohanto']",9,"['boilerjh', 'smchaudh', 'dakezi', 'cchong', 'apradhan', 'simy', 'kmsj2', 'anascimejr', 'npaulraj']",28,"['nasaman02', 'tallxcrunner', 'kim131', 'zhangkun', 'bcaulkin', 'kmsj2', 'Gohanto', 'rsdeford', 'smchaudh', 'pakighunda', 'obrienam', 'dtruax', 'davydotcom', 'npaulraj', 'leoromanovsky', 'giganano', 'dakezi', 'pnice', 'simy', 'ahmd080', 'anascimejr', 'sdials', 'boilerjh', 'cchong', 'jgu', 'apradhan', 'kjharrin', 'wancc3']"
11,58,17,45,17,"['nathancboren', 'alice', 'sifatshahjahan', 'amunoz', 'choel', 'darkslayer13', 'christian', 'aos422', 'chngnisbbgy', 'mrosenberg', 'cgoldschmidt', 'mhartrich', 'chisda', 'alyszczarz', 'nonhub1122', 'willybaw', 'cal321']",0,[],28,"['slhatch', 'jasonmartens', 'alicialoon', 'afranklin', 'ltrevino', 'bvgregor', 'agross', 'mmapodaca', 'mmarkese', 'jradcliffe', 'jrudoy', 'jroden', 'djacobs', 'ssaddemi', 'mjc222', 'tejerina', 'rbanakis', 'drhee', 'Chisda', 'zsidik', 'asi071', 'xlu', 'abartolai', 'dmondschean', 'tifalok', 'ljordano', 'tgadzikwa', 'afasolinu']",45,"['nathancboren', 'alice', 'slhatch', 'aos422', 'jasonmartens', 'chngnisbbgy', 'cgoldschmidt', 'alicialoon', 'chisda', 'afranklin', 'ltrevino', 'bvgregor', 'nonhub1122', 'agross', 'mmapodaca', 'mmarkese', 'jradcliffe', 'sifatshahjahan', 'amunoz', 'jrudoy', 'mrosenberg', 'jroden', 'djacobs', 'alyszczarz', 'willybaw', 'ssaddemi', 'cal321', 'mjc222', 'tejerina', 'rbanakis', 'darkslayer13', 'drhee', 'Chisda', 'zsidik', 'asi071', 'xlu', 'choel', 'christian', 'mhartrich', 'abartolai', 'dmondschean', 'tifalok', 'ljordano', 'tgadzikwa', 'afasolinu']"
13,55,14,12,8,"['agah', 'isomr3b51', 'cren', 'manhlee', 'qhuynh', 'michaelz', 'fitsumvt', 'pzellner']",6,"['fishbowl', 'da400king', 'rbeckner27', 'joehokie', 'akyurtlu', 'xilinix']",4,"['eyc610', 'petchow9348', 'ing_johanan', 'chakanamja']",18,"['rbeckner27', 'agah', 'ing_johanan', 'qhuynh', 'joehokie', 'chakanamja', 'fitsumvt', 'fishbowl', 'da400king', 'petchow9348', 'cren', 'eyc610', 'manhlee', 'michaelz', 'akyurtlu', 'xilinix', 'isomr3b51', 'pzellner']"
13,52,14,10,8,"['rbeckner27', 'cren', 'qhuynh', 'manhlee', 'michaelz', 'akyurtlu', 'fitsumvt', 'pzellner']",6,"['fishbowl', 'da400king', 'agah', 'joehokie', 'xilinix', 'isomr3b51']",2,"['CodeScript', 'petchow9348']",16,"['rbeckner27', 'agah', 'qhuynh', 'joehokie', 'fitsumvt', 'CodeScript', 'fishbowl', 'da400king', 'petchow9348', 'cren', 'manhlee', 'michaelz', 'akyurtlu', 'xilinix', 'isomr3b51', 'pzellner']"
14,43,13,167,10,"['GreekKobe33', 'cyteng', 'aloveridge', 'udu358', 'stummala', 'yah202', 'mldunham', 'jra696', 'nbailey', 'vincentchou']",3,"['siks7661', 'elpmis', 'magnusk8']",157,"['dkim', 'LidiaS', 'axiao', 'nbasu', 'ckusel', 'bbanss13', 'ruchino', 'dlc916', 'tgrant', 'egaray', 'ggadodia', 'sstrasser', 'mquayyum', 'raga07', 'jbenjy8', 'sumeethj', 'ahu22b', 'catherine', 'bebe', 'pforyt', 'kvargas', 'jholcomb', 'cchang', 'karkaputto', 'pkasen', 'pfellenz', 'kwang', 'jbanga', 'ccook', 'alexjud', 'jjs390', 'malperin', 'skatragadda', 'tshastry', 'clishea18', 'scope', 'kkurda', 'relic12', 'rsanchez', 'golightly112', 'mrr869', 'dennisbluver', 'mkevb1', 'lidias', 'mwhitesides', 'jcamden', 'mike67876', 'bugaboo0036', 'nflammer', 'lmason', 'cgarcia', 'dsutich', 'cteng', 'jfroberg', 'hsiaochi', 'chrissemple', 'eah635', 'quangcle', 'ashlyprincess', 'phanna', 'tgrimm17', 'ekennedy', 'gowens', 'jcs311', 'klee', 'glewis07', 'peacful_joh', 'smishra', 'ku8809no', 'aviollt', 'jls914', 'tchaudhry', 'lnezirova', 'mikeispt108', 'mfritz', 'nnosavan', 'alyu', 'cschonberg', 'liangcui', 'tgilbert', 'ahood', 'nshabeeb', 'cmehta', 'AlexMorgan', 'sbehnke', 'srn779', 'dlorenzini', 'cellis', 'nrastogi', 'olui', 'mlembo', 'wfm289', 'jpez', 'avohra', 'dpai', 'ssawlani', 'emathieson', 'vktdm111', 'darkmetal505', 'twang23', 'luyaozers', 'mpark', 'djohanson', 'ka', 'rmalecky', 'sramalingam', 'rblee88', 'ldsegall', 'jla906', 'kwhite', 'jheide', 'akileshhonasoge', 'cbernardo', 'jmbachu', 'htk351', 'nborzym', 'ncrenshaw', 'eabrams', 'mmehta', 'camasney', 'yfatemi', 'kliu', 'kkim', 'afr422', 'parkerjessup1', 'stephenachao', 'cleung', 'kmm134', 'vkb217', 'jheppermann', 'cblumen1', 'akern', 'cyu', 'clawlor', 'hkim', 'Lgilbert', 'mayra', 'ggrocke', 'dmritard96', 'bkang', 'bscallon', 'rcwang', 'scai', 'kjohnson', 'csieber', 'zbergman', 'lholyoke', 'rbrock', 'yatakui', 'dschuster', 'jclin', 'lkoehler', 'jsk719', 'ewali', 'jnam', 'aml404', 'stumuluru']",170,"['dkim', 'LidiaS', 'axiao', 'nbasu', 'ckusel', 'bbanss13', 'ruchino', 'dlc916', 'tgrant', 'vincentchou', 'egaray', 'ggadodia', 'sstrasser', 'GreekKobe33', 'mquayyum', 'raga07', 'jbenjy8', 'sumeethj', 'ahu22b', 'catherine', 'bebe', 'pforyt', 'kvargas', 'jholcomb', 'cchang', 'karkaputto', 'pkasen', 'pfellenz', 'kwang', 'jbanga', 'ccook', 'alexjud', 'jjs390', 'malperin', 'skatragadda', 'tshastry', 'clishea18', 'scope', 'kkurda', 'relic12', 'cyteng', 'rsanchez', 'golightly112', 'mrr869', 'dennisbluver', 'mkevb1', 'lidias', 'mwhitesides', 'jcamden', 'mike67876', 'bugaboo0036', 'nflammer', 'lmason', 'cgarcia', 'dsutich', 'cteng', 'jfroberg', 'hsiaochi', 'chrissemple', 'eah635', 'quangcle', 'ashlyprincess', 'phanna', 'tgrimm17', 'ekennedy', 'gowens', 'jcs311', 'klee', 'glewis07', 'peacful_joh', 'smishra', 'ku8809no', 'aviollt', 'jls914', 'tchaudhry', 'lnezirova', 'mikeispt108', 'mfritz', 'nnosavan', 'alyu', 'cschonberg', 'liangcui', 'siks7661', 'tgilbert', 'ahood', 'nshabeeb', 'cmehta', 'AlexMorgan', 'sbehnke', 'jra696', 'srn779', 'dlorenzini', 'cellis', 'nrastogi', 'aloveridge', 'olui', 'mlembo', 'wfm289', 'jpez', 'avohra', 'dpai', 'ssawlani', 'emathieson', 'vktdm111', 'darkmetal505', 'twang23', 'luyaozers', 'mpark', 'djohanson', 'ka', 'elpmis', 'rmalecky', 'sramalingam', 'rblee88', 'ldsegall', 'jla906', 'kwhite', 'jheide', 'akileshhonasoge', 'cbernardo', 'mldunham', 'jmbachu', 'htk351', 'nborzym', 'ncrenshaw', 'eabrams', 'mmehta', 'camasney', 'udu358', 'yfatemi', 'stummala', 'kliu', 'kkim', 'afr422', 'parkerjessup1', 'stephenachao', 'cleung', 'kmm134', 'vkb217', 'jheppermann', 'cblumen1', 'yah202', 'akern', 'cyu', 'clawlor', 'hkim', 'Lgilbert', 'nbailey', 'mayra', 'ggrocke', 'dmritard96', 'bkang', 'bscallon', 'rcwang', 'scai', 'kjohnson', 'csieber', 'zbergman', 'lholyoke', 'rbrock', 'yatakui', 'dschuster', 'jclin', 'lkoehler', 'magnusk8', 'jsk719', 'ewali', 'jnam', 'aml404', 'stumuluru']"
15,46,13,12,11,"['ingridrodriguez', 'maomasvicio', 'Jonas77', 'MAOMASVICIO', 'HP1717', 'jaguerrero', 'hp1717', 'miguel1014182447', 'porro', 'amapri', 'manchito']",2,"['essamdz', 'ebende']",1,['hmendez'],14,"['hmendez', 'essamdz', 'ebende', 'MAOMASVICIO', 'jaguerrero', 'hp1717', 'miguel1014182447', 'manchito', 'ingridrodriguez', 'maomasvicio', 'Jonas77', 'HP1717', 'porro', 'amapri']"
16,8,10,13,9,"['thedark', 'kobaya67', 'kevinjmajor', 'nherring', 'sharjohn', 'mforney1', 'ja81881', 'simiger', 'snakezap23']",1,['alexandergiles'],4,"['jc50fb', 'vatano', 'Minghong', 'harsh2312']",14,"['kobaya67', 'nherring', 'jc50fb', 'mforney1', 'simiger', 'thedark', 'kevinjmajor', 'alexandergiles', 'sharjohn', 'vatano', 'Minghong', 'harsh2312', 'ja81881', 'snakezap23']"
16,6,10,7,4,"['ja81881', 'simiger', 'thedark', 'kobaya67']",6,"['kevinjmajor', 'alexandergiles', 'nherring', 'sharjohn', 'mforney1', 'snakezap23']",3,"['jc50fb', 'simigercn', 'harsh2312']",13,"['thedark', 'kevinjmajor', 'kobaya67', 'simigercn', 'alexandergiles', 'nherring', 'sharjohn', 'jc50fb', 'mforney1', 'harsh2312', 'ja81881', 'simiger', 'snakezap23']"
16,5,10,6,4,"['snakezap23', 'simiger', 'kevinjmajor', 'nherring']",6,"['thedark', 'kobaya67', 'alexandergiles', 'sharjohn', 'mforney1', 'ja81881']",2,"['jc50fb', 'Minghong']",12,"['thedark', 'kevinjmajor', 'kobaya67', 'alexandergiles', 'nherring', 'sharjohn', 'jc50fb', 'mforney1', 'Minghong', 'ja81881', 'simiger', 'snakezap23']"
17,50,9,11,7,"['pinomaiuli', 'sdonati', 'nicola_ing', 'federicomignani', 'esangiorgi', 'bombardi', 'filippozangheri']",2,"['adrila', 'chiaraluccaroni']",4,"['buldus2', 'gdromu', 'marioguido', 'mbraccioli']",13,"['pinomaiuli', 'buldus2', 'marioguido', 'mbraccioli', 'bombardi', 'adrila', 'chiaraluccaroni', 'sdonati', 'nicola_ing', 'federicomignani', 'esangiorgi', 'gdromu', 'filippozangheri']"
18,19,9,8,2,"['PilotNation', 'jhirano']",7,"['senthil', 'lamcguir', 'praoiticica', 'camartin', 'noliver', 'neil1357', 'magnuspaulsson']",6,"['davidk13', 'rgobble', 'johlee', 'goldenstaralpha', 'morristi', 'mzhang86']",15,"['senthil', 'lamcguir', 'davidk13', 'mzhang86', 'PilotNation', 'rgobble', 'jhirano', 'praoiticica', 'camartin', 'johlee', 'noliver', 'goldenstaralpha', 'morristi', 'neil1357', 'magnuspaulsson']"
19,75,9,20,5,"['boilerjh', 'cchong', 'dakezi', 'simy', 'npaulraj']",4,"['weehan85', 'msrivas', 'abraham', 'anandg112']",15,"['nasaman02', 'rsdeford', 'sdials', 'smchaudh', 'tallxcrunner', 'kim131', 'pnice', 'apradhan', 'jgu', 'kjharrin', 'bcaulkin', 'pakighunda', 'kmsj2', 'anascimejr', 'leoromanovsky']",24,"['nasaman02', 'dakezi', 'tallxcrunner', 'kim131', 'simy', 'pnice', 'bcaulkin', 'kmsj2', 'anascimejr', 'anandg112', 'rsdeford', 'sdials', 'boilerjh', 'cchong', 'smchaudh', 'apradhan', 'jgu', 'kjharrin', 'abraham', 'weehan85', 'pakighunda', 'msrivas', 'npaulraj', 'leoromanovsky']"
19,77,9,12,4,"['npaulraj', 'dakezi', 'msrivas', 'anandg112']",5,"['boilerjh', 'cchong', 'simy', 'abraham', 'weehan85']",8,"['mcrew', 'rlacy', 'tigertear', 'saxep01', 'tfrye', 'kmsj2', 'snikitha', 'jostendo']",17,"['mcrew', 'rlacy', 'dakezi', 'saxep01', 'simy', 'kmsj2', 'snikitha', 'anandg112', 'boilerjh', 'cchong', 'tigertear', 'abraham', 'weehan85', 'tfrye', 'msrivas', 'npaulraj', 'jostendo']"
19,76,9,11,2,"['boilerjh', 'dakezi']",7,"['cchong', 'simy', 'abraham', 'weehan85', 'msrivas', 'anandg112', 'npaulraj']",9,"['mcrew', 'tigertear', 'nosonwan', 'cberrios', 'jrieger', 'arteliad', 'kmsj2', 'wizdh', 'jwetheri']",18,"['mcrew', 'dakezi', 'cberrios', 'jrieger', 'nosonwan', 'simy', 'kmsj2', 'anandg112', 'boilerjh', 'cchong', 'tigertear', 'arteliad', 'abraham', 'weehan85', 'wizdh', 'msrivas', 'jwetheri', 'npaulraj']"
19,74,9,6,2,"['npaulraj', 'anandg112']",7,"['boilerjh', 'cchong', 'dakezi', 'simy', 'abraham', 'weehan85', 'msrivas']",4,"['pbayuart', 'anascimejr', 'makimaya', 'sukwanto']",13,"['boilerjh', 'cchong', 'dakezi', 'simy', 'sukwanto', 'pbayuart', 'abraham', 'weehan85', 'anascimejr', 'msrivas', 'anandg112', 'makimaya', 'npaulraj']"
20,17,9,6,5,"['tuhinsinha', 'liangz', 'mspletze', 'pourghaz', 'oogiedoogie']",4,"['atambat', 'tslack', 'zavattieri', 'jfloro']",1,['chindan29'],10,"['atambat', 'chindan29', 'tuhinsinha', 'zavattieri', 'liangz', 'jfloro', 'mspletze', 'pourghaz', 'oogiedoogie', 'tslack']"
21,19,6,8,6,"['davidk13', 'rgobble', 'johlee', 'goldenstaralpha', 'morristi', 'mzhang86']",0,[],2,"['PilotNation', 'jhirano']",8,"['davidk13', 'PilotNation', 'rgobble', 'jhirano', 'johlee', 'goldenstaralpha', 'morristi', 'mzhang86']"
23,44,6,6,2,"['marcocampanati', 'Fiorentini']",4,"['mastrapasqua', 'melkamu', 'catherin', 'palestri']",4,"['buldus2', 'marioguido', 'mbraccioli', 'gianni']",10,"['marcocampanati', 'Fiorentini', 'catherin', 'buldus2', 'melkamu', 'marioguido', 'mbraccioli', 'palestri', 'mastrapasqua', 'gianni']"
23,45,6,6,1,['melkamu'],5,"['marcocampanati', 'Fiorentini', 'catherin', 'palestri', 'mastrapasqua']",5,"['damotg', 'seifuassefa', 'Behde_K', 'behde_k', 'Behde_k']",11,"['marcocampanati', 'damotg', 'seifuassefa', 'Fiorentini', 'Behde_K', 'Behde_k', 'catherin', 'melkamu', 'palestri', 'mastrapasqua', 'behde_k']"
25,26,5,32,2,"['Bondu', 'semetria']",3,"['tgarma', 'jparamesh', 'mahendra']",30,"['robin77i', 'bellmanz', 'SwedishViking', 'gokberk', 'mlelshei', 'davidko', 'Vel0th', 'sebricci', 'mhci', 'albynanu', 'bjnils', 'lukasvogl13', 'tanzil', 'mikaelkv', 'shamsa', 'krissboy', 'parizek', 't36', 'elyas', 'andrexx', 'johoi', 'maxem', 'anita80', 'rozycki', 'gustbee', 'Nicoinn', 'dahir', 'svedend', 'saad', 'blubbe']",35,"['robin77i', 'bellmanz', 'SwedishViking', 'gokberk', 'mlelshei', 'davidko', 'Vel0th', 'sebricci', 'Bondu', 'albynanu', 'mahendra', 'bjnils', 'lukasvogl13', 'tanzil', 'tgarma', 'mikaelkv', 'shamsa', 'krissboy', 'parizek', 'jparamesh', 't36', 'elyas', 'andrexx', 'johoi', 'maxem', 'anita80', 'rozycki', 'semetria', 'gustbee', 'Nicoinn', 'dahir', 'blubbe', 'svedend', 'saad', 'mhci']"
25,27,5,26,1,['semetria'],4,"['jparamesh', 'tgarma', 'mahendra', 'Bondu']",25,"['svedend', 'robin77i', 'mikaelkv', 'bellmanz', 'krissboy', 'gokberk', 'parizek', 'mlelshei', 'davidko', 'andrexx', 'elyas', 'johoi', 'sebricci', 'maxem', 'anita80', 'rozycki', 'albynanu', 'gustbee', 'Nicoinn', 'dahir', 'bjnils', 'lukasvogl13', 'tanzil', 'saad', 'blubbe']",30,"['tgarma', 'svedend', 'robin77i', 'mikaelkv', 'bellmanz', 'krissboy', 'gokberk', 'parizek', 'jparamesh', 'mlelshei', 'davidko', 'andrexx', 'elyas', 'johoi', 'sebricci', 'maxem', 'anita80', 'rozycki', 'Bondu', 'semetria', 'albynanu', 'gustbee', 'Nicoinn', 'dahir', 'mahendra', 'bjnils', 'lukasvogl13', 'tanzil', 'saad', 'blubbe']"
26,77,5,12,5,"['mcrew', 'saxep01', 'tfrye', 'snikitha', 'jostendo']",0,[],7,"['rlacy', 'tigertear', 'dakezi', 'kmsj2', 'msrivas', 'anandg112', 'npaulraj']",12,"['mcrew', 'rlacy', 'dakezi', 'saxep01', 'snikitha', 'kmsj2', 'anandg112', 'tigertear', 'tfrye', 'msrivas', 'npaulraj', 'jostendo']"
26,76,5,11,1,['mcrew'],4,"['saxep01', 'tfrye', 'snikitha', 'jostendo']",10,"['boilerjh', 'tigertear', 'dakezi', 'cberrios', 'jrieger', 'nosonwan', 'arteliad', 'kmsj2', 'wizdh', 'jwetheri']",15,"['mcrew', 'dakezi', 'cberrios', 'jrieger', 'saxep01', 'nosonwan', 'snikitha', 'kmsj2', 'boilerjh', 'tigertear', 'arteliad', 'tfrye', 'wizdh', 'jwetheri', 'jostendo']"
28,76,5,11,4,"['wizdh', 'arteliad', 'cberrios', 'nosonwan']",1,['ajcain'],7,"['mcrew', 'boilerjh', 'tigertear', 'dakezi', 'jrieger', 'kmsj2', 'jwetheri']",12,"['mcrew', 'cberrios', 'nosonwan', 'dakezi', 'jrieger', 'kmsj2', 'boilerjh', 'tigertear', 'arteliad', 'ajcain', 'wizdh', 'jwetheri']"
29,50,5,11,3,"['buldus2', 'marioguido', 'mbraccioli']",2,"['bputnam42', 'gianni']",8,"['pinomaiuli', 'sdonati', 'nicola_ing', 'federicomignani', 'esangiorgi', 'bombardi', 'gdromu', 'filippozangheri']",13,"['bputnam42', 'pinomaiuli', 'buldus2', 'marioguido', 'mbraccioli', 'bombardi', 'sdonati', 'nicola_ing', 'federicomignani', 'esangiorgi', 'gianni', 'gdromu', 'filippozangheri']"
29,44,5,6,4,"['buldus2', 'marioguido', 'mbraccioli', 'gianni']",1,['bputnam42'],2,"['marcocampanati', 'Fiorentini']",7,"['marcocampanati', 'bputnam42', 'Fiorentini', 'buldus2', 'marioguido', 'mbraccioli', 'gianni']"
30,34,5,7,5,"['divsnvik', 'gangadharan', 'deepthi', 'vikram', 'savi']",0,[],2,"['supreeya', 'divya']",7,"['divsnvik', 'gangadharan', 'divya', 'supreeya', 'deepthi', 'vikram', 'savi']"
30,35,5,7,5,"['divsnvik', 'gangadharan', 'deepthi', 'vikram', 'savi']",0,[],2,"['supreeya', 'divya']",7,"['divsnvik', 'gangadharan', 'divya', 'supreeya', 'deepthi', 'vikram', 'savi']"
30,36,5,7,5,"['divsnvik', 'gangadharan', 'deepthi', 'vikram', 'savi']",0,[],2,"['supreeya', 'divya']",7,"['divsnvik', 'gangadharan', 'divya', 'supreeya', 'deepthi', 'vikram', 'savi']"
30,37,5,7,5,"['divsnvik', 'gangadharan', 'deepthi', 'vikram', 'savi']",0,[],2,"['supreeya', 'divya']",7,"['divsnvik', 'gangadharan', 'divya', 'supreeya', 'deepthi', 'vikram', 'savi']"
30,38,5,7,5,"['divsnvik', 'gangadharan', 'deepthi', 'vikram', 'savi']",0,[],2,"['supreeya', 'divya']",7,"['divsnvik', 'gangadharan', 'divya', 'supreeya', 'deepthi', 'vikram', 'savi']"
30,39,5,7,5,"['divsnvik', 'gangadharan', 'deepthi', 'vikram', 'savi']",0,[],2,"['supreeya', 'divya']",7,"['divsnvik', 'gangadharan', 'divya', 'supreeya', 'deepthi', 'vikram', 'savi']"
30,40,5,7,5,"['divsnvik', 'gangadharan', 'deepthi', 'vikram', 'savi']",0,[],2,"['supreeya', 'divya']",7,"['divsnvik', 'gangadharan', 'divya', 'supreeya', 'deepthi', 'vikram', 'savi']"
30,41,5,7,5,"['divsnvik', 'gangadharan', 'deepthi', 'vikram', 'savi']",0,[],2,"['supreeya', 'divya']",7,"['divsnvik', 'gangadharan', 'divya', 'supreeya', 'deepthi', 'vikram', 'savi']"
30,31,5,6,5,"['divsnvik', 'gangadharan', 'deepthi', 'vikram', 'savi']",0,[],1,['divya'],6,"['divsnvik', 'gangadharan', 'divya', 'deepthi', 'vikram', 'savi']"
30,32,5,6,5,"['divsnvik', 'gangadharan', 'deepthi', 'vikram', 'savi']",0,[],1,['divya'],6,"['divsnvik', 'gangadharan', 'divya', 'deepthi', 'vikram', 'savi']"
30,33,5,6,4,"['gangadharan', 'deepthi', 'vikram', 'savi']",1,['divsnvik'],2,"['supreeya', 'divya']",7,"['divsnvik', 'gangadharan', 'divya', 'supreeya', 'deepthi', 'vikram', 'savi']"
