MClusterID,XClusterID,MClusterSize,XClusterSize,OverlapSize,OverlapMembers,MOnlySize,MOnlyMembers,XOnlySize,XOnlyMembers,CombinedSize,CombinedMembers
1,36,449,371,360,"['gbanner', 'WUTTARAPATRIYAKUL', 'dburk', 'hknai', 'ASiddiqui', 'dwu', 'ldelaney', 'swahab', 'msarkulova', 'rkaringada', 'chaimann', 'dnebel', 'athaler', 'awhittington', 'mfenech', 'adhar2', 'mpsorkin', 'awagner', 'jmehra', 'jsneed', 'cpowersmaher', 'zharb', 'jteno', 'asiddiqui', 'jlt453', 'eschaefer', 'mtapkowski', 'cliu', 'jobremski', 'jramsley', 'jdarby', 'skramer', 'kmp423', 'kalbertine', 'kfreer', 'zsersland', 'ealtman', 'sdaudi', 'pszalwinski', 'als753', 'jaq945', 'spark', 'fome', 'sarnold', 'nmsingh', 'ecunningham', 'eskim', 'noodles5', 'djwhack03', 'bdemurihaeberle', 'tsn821', 'alopez', 'ehaug', 'jbeltran', 'rpickering', 'mfrancisco', 'ewest', 'cblack', 'smo596', 'pliu', 'agoodman', 'csherman', 'lowen', 'sdixit', 'dflint', 'dwg482', 'dsiegal', 'astrick', 'jmeissner', 'cwhite', 'smiller', 'lfoulke', 'jcarson', 'tchou', 'pnolan', 'amorales', 'jschulze', 'wuttarapatriyakul', 'jroig1', 'pbaranwal', 'kparekh', 'mja276', 'seankim', 'mzou', 'jjaume', 'jneilsson', 'xbasko', 'ysalah', 'nchu', 'kstoddart', 'suchida', 'nperkins', 'mradadia', 'gdasovich', 'ktietjen', 'erausch', 'ndvora', 'npentelovitch', 'cvega', 'sstrong', 'kbg813', 'mkalina', 'acm', 'slu', 'abeswick', 'kmorgan', 'ohkwon', 'jaltenhofen', 'vmanko', 'hdurschlag', 'jdavid', 'elemasters', 'mfederspiel', 'slhatch', 'pkalkat', 'rkhazai', 'aaronbenjamin', 'ckwan', 'jlopez', 'jilliann2', 'jweishaar', 'darosner', 'asisodia', 'evelyncarter', 'jchowaniec', 'mhoffmann', 'kcebrian', 'srao', 'fuckme', 'igemp', 'dcooperberg', 'sdang', 'ameyers', 'amelnyk', 'nshultz', 'mfenstermaker', 'cmcgourty', 'jguliap', 'kkao', 'ksulzer', 'kmortensen', 'eohira', 'dshabeeb', 'barlas', 'gschultz', 'erobinson', 'psampath', 'KTietjen', 'slasselle', 'bweisse', 'Juliadeschenes', 'mmotiani', 'brwass', 'kschuette', 'jallen', 'ekatz', 'wstokely', 'lwelke', 'stacilaci56', 'yongjoo87', 'ebell', 'bfrett', 'jdeschenes', 'yixak', 'dfang', 'jkircher', 'LWELKE', 'mroebuck', 'hwolfman', 'vleung', 'dspade', 'emurphy', 'osostan', 'mrahman23', 'mbykowski', 'clin', 'ccl356', 'mgilmour', 'cvenatta', 'jmenkin', 'prettynpink221', 'kkang', 'cchristianson', 'jlye', 'jesnyder', 'jlee', 'sfriedman', 'bpk122', 'nfrench', 'ktakahashi', 'damaranto', 'mhyre', 'marthachang', 'jlemaster', 'hschroeder', 'tcouri', 'gescobar', 'cpai', 'kkovatch', 'ganderson', 'aahmad', 'bniklinska', 'jstroup', 'kroderer', 'jswanson', 'jsnyder', 'churley', 'rgribben', 'ktommerdahl', 'kgspears', 'swilson', 'aelmy', 'aloon', 'rferraro', 'msood', 'jmarrone', 'sju', 'slim', 'aschattner', 'claireboland', 'dmenon', 'dwang', 'uchidas', 'geieea', 'jyoung88', 'dufford', 'frankzhang', 'tgonzales', 'pcoleman', 'jzona', 'lbrengman', 'wsun', 'dliu', 'klandry', 'mkahle', 'cgrandau', 'SHaolinquan', 'eunterbrink', 'sflores', 'cconrad', 'aepstein', 'cclark', 'bmattson', 'dculhane', 'ksampson', 'ahurd', 'bmanojlovic', 'shanks53', 'leochild2005', 'rkatz', 'swundrow', 'ashutton', 'jdrake', 'Shaolinquan', 'grebesco', 'Aaronbenjamin', 'aocchiuti', 'psteptoe', 'Mehwish916', 'bsummersgill', 'amahajan', 'treber', 'asarwark', 'smoy', 'ndhawan', 'sfarley', 'calfonso', 'jdattilo', 'roub0008', 'mphilben', 'kshedd', 'wpearse', 'jbragg', 'jsavitsky', 'aechevarria', 'robbrown', 'jdawson', 'ccarhart', 'SLIM', 'cmiksis', 'rwinnegar', 'jbastiaens', 'rlee', 'sburrill', 'lstene', 'clu', 'fzhang', 'jgavil', 'bvu', 'laurahchoi', 'lweiss', 'mlowes', 'bschaefer', 'bschnedl', 'smoffett', 'jpineda', 'lkingsbury', 'vrivas', 'jdinneen', 'ebader', 'smui', 'khiggins', 'rsmith', 'jcummins', 'dshafir', 'bwalker423', 'asantamarina', 'msivasubramaniam', 'bbrochu', 'dblumenthal', 'jordanduval', 'bfu109', 'scrow', 'skim', 'jhan', 'dyao', 'aroybal', 'lkarvelis', 'elliottwallace', 'dbaik', 'dtorres', 'swalchuk', 'rgopal', 'nkraska', 'crush', 'cdipompeo', 'ymanibog', 'g3styx', 'ikos', 'bnielsen', 'chaselhorst', 'abruzek', 'mchen', 'aka220', 'laybar', 'tpoole', 'aasthana', 'arahman', 'awellman', 'mamofa', 'xyin', 'JuliaDesChenes', 'mkubiak', 'jswenson', 'atalai', 'vvalenzuela', 'abarr', 'rmetzler', 'cfrench', 'jps939', 'csouthard', 'kbatra', 'soconnell', 'mshah22', 'asprague', 'rtsang', 'del982', 'cpark', 'chem10107', 'ikornblau']",89,"['lawchang88', 'parker9', 'vladmanko', 'clifford', 'Ikornblau', 'LKINGSBURY', 'danielbaik', 'lfs919', 'MChen', 'ckilic', 'rmb907', 'JMeissner', 'fkhan', 'agast', 'wheat_thin636', 'toconnell', 'smw823', 'jhl326', 'ktaylor', 'cpa475', 'choel', 'JSavitsky', 'jroig', 'jwang10', 'petarvidak', 'KKessler', 'vivekanandbhardwaj', 'akim', 'jonaltenhofen', 'Asprague', 'pdziedzic', 'acarroll', 'mickey', 'kstoerzinger', 'cnh872', 'mnovacanes', 'tofinesse333', 'rbaroch', 'edawson', 'lgerkowicz', 'akhan', 'querner', 'chicah444', 'pmodi', 'mis130', 'SSINGH', 'jerickson', 'therrmann', 'AWellman', 'jmehrotra', 'dsturgeon', 'mbarrett', 'LauraK', 'Edawson', 'jjones', 'jsteinberg', 'apumm', 'dchoi', 'agassifeng', 'jdshank44', 'nash73', 'rickyp999', 'bigkrezca32', 'shaolinquan', 'evedgebah', 'asuresh', 'kcysewski', 'zes975', 'mickey_g3', 'sindhu108', 'dsy389', 'dal767', 'aji536', 'chastings', 'Akhan', 'jessicag', 'heisenman', 'mfederspiel1', 'zeidlab', 'jshabosky', 'cboland', 'kjs901', 'prabath', 'mehwish916', 'Dangel', 'kvb507', 'aim512', 'alang', 'jschulze1']",11,"['tejerina', 'dcao', 'ausmanlk', 'vgunderson', 'jroden', 'achin', 'Preets15', 'justineshaw', 'balenwhi', 'mfa713', 'alondanon']",460,"['gbanner', 'WUTTARAPATRIYAKUL', 'dburk', 'hknai', 'ASiddiqui', 'parker9', 'dwu', 'vladmanko', 'ldelaney', 'swahab', 'clifford', 'msarkulova', 'rkaringada', 'Ikornblau', 'LKINGSBURY', 'danielbaik', 'chaimann', 'dnebel', 'ckilic', 'athaler', 'awhittington', 'mfenech', 'adhar2', 'mpsorkin', 'awagner', 'tejerina', 'jmehra', 'fkhan', 'jsneed', 'cpowersmaher', 'zharb', 'jteno', 'asiddiqui', 'jlt453', 'choel', 'eschaefer', 'mtapkowski', 'cliu', 'jobremski', 'jramsley', 'jdarby', 'skramer', 'jroig', 'jwang10', 'kmp423', 'kalbertine', 'kfreer', 'zsersland', 'sdaudi', 'ealtman', 'pszalwinski', 'als753', 'jaq945', 'spark', 'fome', 'sarnold', 'nmsingh', 'noodles5', 'eskim', 'ecunningham', 'djwhack03', 'mickey', 'bdemurihaeberle', 'tsn821', 'alopez', 'ehaug', 'jbeltran', 'tofinesse333', 'rpickering', 'mfrancisco', 'ewest', 'cblack', 'smo596', 'lgerkowicz', 'pliu', 'agoodman', 'csherman', 'mis130', 'lowen', 'sdixit', 'dwg482', 'dflint', 'dsiegal', 'astrick', 'jmeissner', 'cwhite', 'smiller', 'lfoulke', 'jcarson', 'apumm', 'tchou', 'jdshank44', 'pnolan', 'amorales', 'jschulze', 'wuttarapatriyakul', 'jroig1', 'pbaranwal', 'kparekh', 'mja276', 'seankim', 'mzou', 'jjaume', 'jneilsson', 'asuresh', 'xbasko', 'dcao', 'ysalah', 'nchu', 'kstoddart', 'mickey_g3', 'suchida', 'nperkins', 'aji536', 'jessicag', 'mradadia', 'gdasovich', 'ktietjen', 'heisenman', 'ndvora', 'erausch', 'npentelovitch', 'zeidlab', 'cboland', 'jshabosky', 'cvega', 'sstrong', 'Dangel', 'kbg813', 'kvb507', 'alang', 'mkalina', 'acm', 'slu', 'abeswick', 'achin', 'kmorgan', 'lawchang88', 'ohkwon', 'jaltenhofen', 'vmanko', 'hdurschlag', 'elemasters', 'jdavid', 'mfederspiel', 'slhatch', 'pkalkat', 'rkhazai', 'aaronbenjamin', 'ckwan', 'jlopez', 'jilliann2', 'jweishaar', 'darosner', 'asisodia', 'wheat_thin636', 'evelyncarter', 'jchowaniec', 'smw823', 'mhoffmann', 'kcebrian', 'srao', 'fuckme', 'cpa475', 'igemp', 'dcooperberg', 'sdang', 'ameyers', 'petarvidak', 'vivekanandbhardwaj', 'amelnyk', 'nshultz', 'jonaltenhofen', 'mfenstermaker', 'cmcgourty', 'Preets15', 'jguliap', 'kkao', 'ksulzer', 'kmortensen', 'cnh872', 'eohira', 'dshabeeb', 'barlas', 'psampath', 'gschultz', 'erobinson', 'KTietjen', 'slasselle', 'bweisse', 'Juliadeschenes', 'akhan', 'brwass', 'mmotiani', 'kschuette', 'pmodi', 'jallen', 'ekatz', 'lwelke', 'wstokely', 'stacilaci56', 'yongjoo87', 'ebell', 'bfrett', 'jdeschenes', 'mbarrett', 'mfa713', 'yixak', 'jjones', 'jsteinberg', 'dfang', 'jkircher', 'LWELKE', 'justineshaw', 'mroebuck', 'hwolfman', 'vleung', 'dspade', 'emurphy', 'rickyp999', 'shaolinquan', 'osostan', 'mrahman23', 'mbykowski', 'clin', 'ccl356', 'zes975', 'mgilmour', 'cvenatta', 'jmenkin', 'chastings', 'prettynpink221', 'cchristianson', 'kkang', 'jlye', 'jesnyder', 'jlee', 'sfriedman', 'bpk122', 'nfrench', 'ktakahashi', 'aim512', 'jschulze1', 'damaranto', 'mhyre', 'marthachang', 'jlemaster', 'hschroeder', 'tcouri', 'gescobar', 'cpai', 'kkovatch', 'ganderson', 'aahmad', 'lfs919', 'bniklinska', 'MChen', 'jstroup', 'kroderer', 'jswanson', 'ausmanlk', 'jsnyder', 'churley', 'agast', 'ktommerdahl', 'rgribben', 'kgspears', 'toconnell', 'swilson', 'aelmy', 'aloon', 'rferraro', 'msood', 'jmarrone', 'ktaylor', 'sju', 'slim', 'aschattner', 'claireboland', 'dmenon', 'dwang', 'uchidas', 'JSavitsky', 'geieea', 'jyoung88', 'dufford', 'frankzhang', 'pcoleman', 'tgonzales', 'jzona', 'Asprague', 'pdziedzic', 'lbrengman', 'wsun', 'kstoerzinger', 'dliu', 'vgunderson', 'klandry', 'mkahle', 'cgrandau', 'SHaolinquan', 'eunterbrink', 'sflores', 'mnovacanes', 'cconrad', 'aepstein', 'cclark', 'bmattson', 'rbaroch', 'edawson', 'dculhane', 'querner', 'ksampson', 'ahurd', 'shanks53', 'bmanojlovic', 'chicah444', 'leochild2005', 'swundrow', 'rkatz', 'ashutton', 'jdrake', 'Shaolinquan', 'jerickson', 'grebesco', 'Aaronbenjamin', 'aocchiuti', 'AWellman', 'jmehrotra', 'psteptoe', 'Edawson', 'Mehwish916', 'bsummersgill', 'amahajan', 'treber', 'asarwark', 'dchoi', 'ndhawan', 'sfarley', 'nash73', 'smoy', 'calfonso', 'jdattilo', 'kcysewski', 'roub0008', 'mphilben', 'kshedd', 'sindhu108', 'dsy389', 'Akhan', 'mfederspiel1', 'wpearse', 'jbragg', 'jsavitsky', 'mehwish916', 'aechevarria', 'robbrown', 'jdawson', 'SLIM', 'ccarhart', 'cmiksis', 'rwinnegar', 'jbastiaens', 'rlee', 'sburrill', 'lstene', 'clu', 'fzhang', 'jgavil', 'bvu', 'laurahchoi', 'rmb907', 'lweiss', 'mlowes', 'bschaefer', 'JMeissner', 'balenwhi', 'bschnedl', 'smoffett', 'jhl326', 'jpineda', 'lkingsbury', 'vrivas', 'jdinneen', 'ebader', 'smui', 'khiggins', 'rsmith', 'jcummins', 'dshafir', 'bwalker423', 'asantamarina', 'msivasubramaniam', 'KKessler', 'bbrochu', 'dblumenthal', 'jordanduval', 'akim', 'jroden', 'scrow', 'bfu109', 'skim', 'jhan', 'acarroll', 'dyao', 'aroybal', 'lkarvelis', 'elliottwallace', 'dbaik', 'dtorres', 'swalchuk', 'rgopal', 'nkraska', 'SSINGH', 'crush', 'cdipompeo', 'ymanibog', 'g3styx', 'ikos', 'therrmann', 'dsturgeon', 'bnielsen', 'mchen', 'LauraK', 'abruzek', 'chaselhorst', 'aka220', 'laybar', 'aasthana', 'tpoole', 'arahman', 'awellman', 'agassifeng', 'mamofa', 'xyin', 'bigkrezca32', 'JuliaDesChenes', 'mkubiak', 'jswenson', 'atalai', 'evedgebah', 'vvalenzuela', 'abarr', 'rmetzler', 'cfrench', 'jps939', 'csouthard', 'alondanon', 'kbatra', 'dal767', 'soconnell', 'mshah22', 'asprague', 'rtsang', 'del982', 'kjs901', 'cpark', 'chem10107', 'prabath', 'ikornblau']"
1,21,449,311,306,"['gbanner', 'dburk', 'abeswick', 'hknai', 'hschroeder', 'ccarhart', 'kmorgan', 'lawchang88', 'tcouri', 'jbastiaens', 'gescobar', 'vladmanko', 'ldelaney', 'clifford', 'rlee', 'sburrill', 'ganderson', 'msarkulova', 'Ikornblau', 'LKINGSBURY', 'danielbaik', 'hdurschlag', 'clu', 'fzhang', 'jgavil', 'lfs919', 'laurahchoi', 'dnebel', 'bniklinska', 'MChen', 'mhyre', 'awhittington', 'rmb907', 'jstroup', 'mlowes', 'bschaefer', 'mfenech', 'pkalkat', 'adhar2', 'kroderer', 'rkhazai', 'jswanson', 'ckwan', 'awagner', 'jmehra', 'JMeissner', 'fkhan', 'cpowersmaher', 'agast', 'jweishaar', 'darosner', 'wheat_thin636', 'asisodia', 'rgribben', 'jteno', 'evelyncarter', 'ktommerdahl', 'jchowaniec', 'toconnell', 'smw823', 'swilson', 'ikornblau', 'rferraro', 'mhoffmann', 'kcebrian', 'jhl326', 'jpineda', 'jmarrone', 'ktaylor', 'jlt453', 'srao', 'vrivas', 'jdinneen', 'cpa475', 'igemp', 'khiggins', 'choel', 'eschaefer', 'aschattner', 'rsmith', 'dcooperberg', 'claireboland', 'dmenon', 'dwang', 'jobremski', 'sdang', 'JSavitsky', 'jramsley', 'asantamarina', 'msivasubramaniam', 'jdarby', 'skramer', 'jwang10', 'kmp423', 'kalbertine', 'akim', 'kfreer', 'jyoung88', 'zsersland', 'ealtman', 'dufford', 'frankzhang', 'tgonzales', 'nshultz', 'pszalwinski', 'pcoleman', 'jonaltenhofen', 'als753', 'jzona', 'Asprague', 'jaq945', 'pdziedzic', 'bschnedl', 'spark', 'fome', 'mfenstermaker', 'cmcgourty', 'bfu109', 'lbrengman', 'skim', 'sarnold', 'noodles5', 'ecunningham', 'eskim', 'wsun', 'acarroll', 'kkao', 'dblumenthal', 'djwhack03', 'dliu', 'kstoerzinger', 'bdemurihaeberle', 'ksulzer', 'SHaolinquan', 'kmortensen', 'tsn821', 'alopez', 'ehaug', 'cnh872', 'eohira', 'sflores', 'mnovacanes', 'aroybal', 'dshabeeb', 'jbeltran', 'gschultz', 'erobinson', 'tofinesse333', 'rpickering', 'psampath', 'aepstein', 'mfrancisco', 'KTietjen', 'cclark', 'slasselle', 'jhan', 'bweisse', 'bmattson', 'ewest', 'dtorres', 'rbaroch', 'swalchuk', 'cblack', 'smo596', 'lgerkowicz', 'dculhane', 'akhan', 'ksampson', 'agoodman', 'ahurd', 'mmotiani', 'brwass', 'csherman', 'shanks53', 'rgopal', 'chicah444', 'pmodi', 'mis130', 'nkraska', 'lowen', 'ashutton', 'ymanibog', 'g3styx', 'sdixit', 'ekatz', 'wstokely', 'jdrake', 'dflint', 'dwg482', 'stacilaci56', 'aocchiuti', 'therrmann', 'dsiegal', 'AWellman', 'yongjoo87', 'ebell', 'jmehrotra', 'scrow', 'dsturgeon', 'mbarrett', 'abruzek', 'LauraK', 'jmeissner', 'yixak', 'cwhite', 'bsummersgill', 'amahajan', 'treber', 'aka220', 'dfang', 'aasthana', 'LWELKE', 'arahman', 'apumm', 'jcarson', 'mroebuck', 'dchoi', 'vleung', 'agassifeng', 'tchou', 'mamofa', 'jdshank44', 'dspade', 'pnolan', 'amorales', 'ndhawan', 'rickyp999', 'xyin', 'jschulze', 'wuttarapatriyakul', 'shaolinquan', 'bigkrezca32', 'pbaranwal', 'JuliaDesChenes', 'calfonso', 'mbykowski', 'kparekh', 'mja276', 'mkubiak', 'seankim', 'jswenson', 'mzou', 'atalai', 'clin', 'evedgebah', 'asuresh', 'jdattilo', 'xbasko', 'vvalenzuela', 'abarr', 'rmetzler', 'ysalah', 'kcysewski', 'zes975', 'cfrench', 'jps939', 'nchu', 'kstoddart', 'kshedd', 'sindhu108', 'mgilmour', 'dsy389', 'kbatra', 'dal767', 'suchida', 'nperkins', 'aji536', 'jmenkin', 'chastings', 'jessicag', 'Akhan', 'soconnell', 'gdasovich', 'prettynpink221', 'ktietjen', 'erausch', 'heisenman', 'ndvora', 'zeidlab', 'jshabosky', 'cboland', 'npentelovitch', 'kkang', 'jlye', 'jesnyder', 'jlee', 'mfederspiel1', 'wpearse', 'jbragg', 'mshah22', 'jsavitsky', 'rtsang', 'del982', 'mehwish916', 'cpark', 'sstrong', 'nfrench', 'Dangel', 'kvb507', 'kbg813', 'aim512', 'alang', 'acm', 'aechevarria', 'slu', 'robbrown']",143,"['jdawson', 'WUTTARAPATRIYAKUL', 'marthachang', 'jlemaster', 'SLIM', 'ASiddiqui', 'cmiksis', 'rwinnegar', 'parker9', 'dwu', 'ohkwon', 'jaltenhofen', 'cpai', 'swahab', 'vmanko', 'kkovatch', 'rkaringada', 'lstene', 'aahmad', 'elemasters', 'jdavid', 'bvu', 'chaimann', 'ckilic', 'athaler', 'lweiss', 'mfederspiel', 'slhatch', 'mpsorkin', 'aaronbenjamin', 'jsneed', 'jlopez', 'jsnyder', 'churley', 'jilliann2', 'zharb', 'kgspears', 'asiddiqui', 'smoffett', 'aelmy', 'aloon', 'msood', 'lkingsbury', 'fuckme', 'sju', 'slim', 'ebader', 'smui', 'mtapkowski', 'cliu', 'jcummins', 'dshafir', 'bwalker423', 'uchidas', 'geieea', 'ameyers', 'jroig', 'petarvidak', 'KKessler', 'vivekanandbhardwaj', 'amelnyk', 'bbrochu', 'sdaudi', 'jordanduval', 'nmsingh', 'jguliap', 'dyao', 'mickey', 'klandry', 'mkahle', 'cgrandau', 'eunterbrink', 'cconrad', 'barlas', 'lkarvelis', 'elliottwallace', 'dbaik', 'edawson', 'Juliadeschenes', 'querner', 'pliu', 'bmanojlovic', 'kschuette', 'leochild2005', 'SSINGH', 'jallen', 'swundrow', 'rkatz', 'crush', 'cdipompeo', 'lwelke', 'Shaolinquan', 'jerickson', 'grebesco', 'Aaronbenjamin', 'ikos', 'psteptoe', 'bfrett', 'jdeschenes', 'bnielsen', 'astrick', 'mchen', 'chaselhorst', 'Edawson', 'Mehwish916', 'smiller', 'jjones', 'asarwark', 'laybar', 'lfoulke', 'jsteinberg', 'tpoole', 'jkircher', 'hwolfman', 'awellman', 'sfarley', 'smoy', 'nash73', 'emurphy', 'jroig1', 'osostan', 'mrahman23', 'jjaume', 'jneilsson', 'ccl356', 'roub0008', 'mphilben', 'mickey_g3', 'csouthard', 'cvenatta', 'damaranto', 'mradadia', 'cchristianson', 'asprague', 'sfriedman', 'kjs901', 'prabath', 'bpk122', 'cvega', 'chem10107', 'ktakahashi', 'mkalina', 'jschulze1']",5,"['dcao', 'vgunderson', 'ajm105', 'mfa713', 'alondanon']",454,"['gbanner', 'WUTTARAPATRIYAKUL', 'dburk', 'hknai', 'ASiddiqui', 'parker9', 'dwu', 'vladmanko', 'ldelaney', 'swahab', 'clifford', 'msarkulova', 'rkaringada', 'Ikornblau', 'LKINGSBURY', 'danielbaik', 'chaimann', 'dnebel', 'ckilic', 'athaler', 'awhittington', 'mfenech', 'adhar2', 'mpsorkin', 'awagner', 'jmehra', 'fkhan', 'jsneed', 'cpowersmaher', 'zharb', 'jteno', 'asiddiqui', 'jlt453', 'choel', 'eschaefer', 'mtapkowski', 'cliu', 'jobremski', 'jramsley', 'jdarby', 'skramer', 'jroig', 'jwang10', 'kmp423', 'kalbertine', 'kfreer', 'zsersland', 'sdaudi', 'ealtman', 'pszalwinski', 'als753', 'jaq945', 'spark', 'fome', 'sarnold', 'nmsingh', 'noodles5', 'eskim', 'ecunningham', 'djwhack03', 'mickey', 'bdemurihaeberle', 'tsn821', 'alopez', 'ehaug', 'jbeltran', 'tofinesse333', 'rpickering', 'mfrancisco', 'ewest', 'cblack', 'smo596', 'lgerkowicz', 'pliu', 'agoodman', 'csherman', 'mis130', 'lowen', 'sdixit', 'dwg482', 'dflint', 'dsiegal', 'astrick', 'jmeissner', 'cwhite', 'smiller', 'lfoulke', 'jcarson', 'apumm', 'tchou', 'jdshank44', 'pnolan', 'amorales', 'jschulze', 'wuttarapatriyakul', 'jroig1', 'pbaranwal', 'kparekh', 'mja276', 'seankim', 'mzou', 'jjaume', 'jneilsson', 'asuresh', 'xbasko', 'dcao', 'ysalah', 'nchu', 'kstoddart', 'mickey_g3', 'suchida', 'nperkins', 'aji536', 'jessicag', 'mradadia', 'gdasovich', 'ktietjen', 'heisenman', 'ndvora', 'erausch', 'npentelovitch', 'zeidlab', 'cboland', 'jshabosky', 'cvega', 'sstrong', 'Dangel', 'kbg813', 'kvb507', 'alang', 'mkalina', 'acm', 'slu', 'abeswick', 'kmorgan', 'lawchang88', 'ohkwon', 'jaltenhofen', 'vmanko', 'hdurschlag', 'elemasters', 'jdavid', 'mfederspiel', 'slhatch', 'pkalkat', 'rkhazai', 'aaronbenjamin', 'ckwan', 'jlopez', 'jilliann2', 'jweishaar', 'darosner', 'asisodia', 'wheat_thin636', 'evelyncarter', 'jchowaniec', 'smw823', 'mhoffmann', 'kcebrian', 'srao', 'fuckme', 'cpa475', 'igemp', 'dcooperberg', 'sdang', 'ameyers', 'petarvidak', 'vivekanandbhardwaj', 'amelnyk', 'nshultz', 'jonaltenhofen', 'mfenstermaker', 'cmcgourty', 'jguliap', 'kkao', 'ksulzer', 'kmortensen', 'cnh872', 'eohira', 'dshabeeb', 'barlas', 'psampath', 'gschultz', 'erobinson', 'KTietjen', 'slasselle', 'bweisse', 'Juliadeschenes', 'akhan', 'brwass', 'mmotiani', 'kschuette', 'pmodi', 'jallen', 'ekatz', 'lwelke', 'wstokely', 'stacilaci56', 'yongjoo87', 'ebell', 'bfrett', 'jdeschenes', 'mbarrett', 'mfa713', 'yixak', 'jjones', 'jsteinberg', 'dfang', 'jkircher', 'LWELKE', 'mroebuck', 'hwolfman', 'vleung', 'dspade', 'emurphy', 'rickyp999', 'shaolinquan', 'osostan', 'mrahman23', 'mbykowski', 'clin', 'ccl356', 'zes975', 'ajm105', 'mgilmour', 'cvenatta', 'jmenkin', 'chastings', 'prettynpink221', 'cchristianson', 'kkang', 'jlye', 'jesnyder', 'jlee', 'sfriedman', 'bpk122', 'nfrench', 'ktakahashi', 'aim512', 'jschulze1', 'damaranto', 'mhyre', 'marthachang', 'jlemaster', 'hschroeder', 'tcouri', 'gescobar', 'cpai', 'kkovatch', 'ganderson', 'aahmad', 'lfs919', 'bniklinska', 'MChen', 'jstroup', 'kroderer', 'jswanson', 'jsnyder', 'churley', 'agast', 'ktommerdahl', 'rgribben', 'kgspears', 'toconnell', 'swilson', 'aelmy', 'aloon', 'rferraro', 'msood', 'jmarrone', 'ktaylor', 'sju', 'slim', 'aschattner', 'claireboland', 'dmenon', 'dwang', 'uchidas', 'JSavitsky', 'geieea', 'jyoung88', 'dufford', 'frankzhang', 'pcoleman', 'tgonzales', 'jzona', 'Asprague', 'pdziedzic', 'lbrengman', 'wsun', 'kstoerzinger', 'dliu', 'vgunderson', 'klandry', 'mkahle', 'cgrandau', 'SHaolinquan', 'eunterbrink', 'sflores', 'mnovacanes', 'cconrad', 'aepstein', 'cclark', 'bmattson', 'rbaroch', 'edawson', 'dculhane', 'querner', 'ksampson', 'ahurd', 'shanks53', 'bmanojlovic', 'chicah444', 'leochild2005', 'swundrow', 'rkatz', 'ashutton', 'jdrake', 'Shaolinquan', 'jerickson', 'grebesco', 'Aaronbenjamin', 'aocchiuti', 'AWellman', 'jmehrotra', 'psteptoe', 'Edawson', 'Mehwish916', 'bsummersgill', 'amahajan', 'treber', 'asarwark', 'dchoi', 'ndhawan', 'sfarley', 'nash73', 'smoy', 'calfonso', 'jdattilo', 'kcysewski', 'roub0008', 'mphilben', 'kshedd', 'sindhu108', 'dsy389', 'Akhan', 'mfederspiel1', 'wpearse', 'jbragg', 'jsavitsky', 'mehwish916', 'aechevarria', 'robbrown', 'jdawson', 'SLIM', 'ccarhart', 'cmiksis', 'rwinnegar', 'jbastiaens', 'rlee', 'sburrill', 'lstene', 'clu', 'fzhang', 'jgavil', 'bvu', 'laurahchoi', 'rmb907', 'lweiss', 'mlowes', 'bschaefer', 'JMeissner', 'bschnedl', 'smoffett', 'jhl326', 'jpineda', 'lkingsbury', 'vrivas', 'jdinneen', 'ebader', 'smui', 'khiggins', 'rsmith', 'jcummins', 'dshafir', 'bwalker423', 'asantamarina', 'msivasubramaniam', 'KKessler', 'bbrochu', 'dblumenthal', 'jordanduval', 'akim', 'scrow', 'bfu109', 'skim', 'jhan', 'acarroll', 'dyao', 'aroybal', 'lkarvelis', 'elliottwallace', 'dbaik', 'dtorres', 'swalchuk', 'rgopal', 'nkraska', 'SSINGH', 'crush', 'cdipompeo', 'ymanibog', 'g3styx', 'ikos', 'therrmann', 'dsturgeon', 'bnielsen', 'mchen', 'LauraK', 'abruzek', 'chaselhorst', 'aka220', 'laybar', 'aasthana', 'tpoole', 'arahman', 'awellman', 'agassifeng', 'mamofa', 'xyin', 'bigkrezca32', 'JuliaDesChenes', 'mkubiak', 'jswenson', 'atalai', 'evedgebah', 'vvalenzuela', 'abarr', 'rmetzler', 'cfrench', 'jps939', 'csouthard', 'alondanon', 'kbatra', 'dal767', 'soconnell', 'mshah22', 'asprague', 'rtsang', 'del982', 'kjs901', 'cpark', 'chem10107', 'prabath', 'ikornblau']"
1,37,449,19,17,"['jcummins', 'mickey', 'pdziedzic', 'jjones', 'jsteinberg', 'ckilic', 'geieea', 'psteptoe', 'sburrill', 'cfrench', 'jroig', 'eunterbrink', 'ktakahashi', 'rtsang', 'mickey_g3', 'jordanduval', 'jjaume']",432,"['gbanner', 'WUTTARAPATRIYAKUL', 'dburk', 'marthachang', 'jlemaster', 'hknai', 'hschroeder', 'ASiddiqui', 'tcouri', 'parker9', 'dwu', 'gescobar', 'vladmanko', 'cpai', 'ldelaney', 'swahab', 'clifford', 'kkovatch', 'ganderson', 'msarkulova', 'rkaringada', 'Ikornblau', 'LKINGSBURY', 'danielbaik', 'aahmad', 'lfs919', 'chaimann', 'dnebel', 'bniklinska', 'MChen', 'athaler', 'awhittington', 'jstroup', 'mfenech', 'adhar2', 'kroderer', 'mpsorkin', 'jswanson', 'awagner', 'jmehra', 'fkhan', 'jsneed', 'cpowersmaher', 'jsnyder', 'churley', 'agast', 'zharb', 'ktommerdahl', 'rgribben', 'kgspears', 'jteno', 'toconnell', 'asiddiqui', 'swilson', 'aelmy', 'aloon', 'jschulze1', 'rferraro', 'msood', 'jmarrone', 'ktaylor', 'jlt453', 'sju', 'slim', 'choel', 'eschaefer', 'aschattner', 'mtapkowski', 'cliu', 'claireboland', 'dmenon', 'dwang', 'jobremski', 'uchidas', 'JSavitsky', 'jramsley', 'jdarby', 'skramer', 'jwang10', 'kmp423', 'kalbertine', 'kfreer', 'jyoung88', 'zsersland', 'sdaudi', 'ealtman', 'dufford', 'frankzhang', 'pcoleman', 'pszalwinski', 'tgonzales', 'jzona', 'als753', 'Asprague', 'jaq945', 'spark', 'fome', 'lbrengman', 'sarnold', 'nmsingh', 'noodles5', 'eskim', 'ecunningham', 'wsun', 'djwhack03', 'kstoerzinger', 'dliu', 'klandry', 'mkahle', 'bdemurihaeberle', 'cgrandau', 'SHaolinquan', 'tsn821', 'alopez', 'ehaug', 'sflores', 'mnovacanes', 'cconrad', 'jbeltran', 'tofinesse333', 'rpickering', 'aepstein', 'cclark', 'mfrancisco', 'bmattson', 'ewest', 'rbaroch', 'edawson', 'cblack', 'smo596', 'lgerkowicz', 'dculhane', 'querner', 'pliu', 'ksampson', 'agoodman', 'ahurd', 'csherman', 'shanks53', 'bmanojlovic', 'chicah444', 'leochild2005', 'mis130', 'swundrow', 'rkatz', 'lowen', 'ashutton', 'sdixit', 'jdrake', 'dwg482', 'dflint', 'Shaolinquan', 'jerickson', 'grebesco', 'Aaronbenjamin', 'aocchiuti', 'dsiegal', 'AWellman', 'jmehrotra', 'astrick', 'Edawson', 'jmeissner', 'Mehwish916', 'cwhite', 'bsummersgill', 'amahajan', 'smiller', 'treber', 'asarwark', 'lfoulke', 'jcarson', 'apumm', 'dchoi', 'tchou', 'jdshank44', 'pnolan', 'amorales', 'ndhawan', 'sfarley', 'nash73', 'jschulze', 'wuttarapatriyakul', 'smoy', 'jroig1', 'pbaranwal', 'calfonso', 'kparekh', 'mja276', 'seankim', 'mzou', 'jneilsson', 'asuresh', 'jdattilo', 'xbasko', 'ysalah', 'kcysewski', 'roub0008', 'mphilben', 'nchu', 'kstoddart', 'kshedd', 'sindhu108', 'dsy389', 'suchida', 'nperkins', 'aji536', 'Akhan', 'jessicag', 'mradadia', 'gdasovich', 'ktietjen', 'heisenman', 'ndvora', 'erausch', 'npentelovitch', 'zeidlab', 'cboland', 'jshabosky', 'mfederspiel1', 'wpearse', 'jbragg', 'prabath', 'jsavitsky', 'mehwish916', 'cvega', 'sstrong', 'Dangel', 'kbg813', 'kvb507', 'alang', 'mkalina', 'acm', 'aechevarria', 'slu', 'robbrown', 'jdawson', 'abeswick', 'SLIM', 'ccarhart', 'kmorgan', 'cmiksis', 'rwinnegar', 'lawchang88', 'jbastiaens', 'ohkwon', 'jaltenhofen', 'vmanko', 'rlee', 'lstene', 'clu', 'hdurschlag', 'fzhang', 'elemasters', 'jdavid', 'jgavil', 'bvu', 'laurahchoi', 'rmb907', 'lweiss', 'mlowes', 'mfederspiel', 'slhatch', 'bschaefer', 'pkalkat', 'rkhazai', 'aaronbenjamin', 'ckwan', 'JMeissner', 'jlopez', 'jilliann2', 'jweishaar', 'darosner', 'asisodia', 'wheat_thin636', 'bschnedl', 'evelyncarter', 'jchowaniec', 'smoffett', 'smw823', 'mhoffmann', 'kcebrian', 'jhl326', 'jpineda', 'lkingsbury', 'srao', 'vrivas', 'fuckme', 'jdinneen', 'ebader', 'smui', 'cpa475', 'igemp', 'khiggins', 'rsmith', 'dcooperberg', 'dshafir', 'bwalker423', 'asantamarina', 'sdang', 'msivasubramaniam', 'ameyers', 'petarvidak', 'KKessler', 'vivekanandbhardwaj', 'amelnyk', 'bbrochu', 'dblumenthal', 'nshultz', 'akim', 'jonaltenhofen', 'scrow', 'bfu109', 'skim', 'jhan', 'mfenstermaker', 'cmcgourty', 'acarroll', 'jguliap', 'kkao', 'dyao', 'ksulzer', 'kmortensen', 'cnh872', 'eohira', 'aroybal', 'dshabeeb', 'barlas', 'lkarvelis', 'elliottwallace', 'psampath', 'gschultz', 'erobinson', 'KTietjen', 'slasselle', 'bweisse', 'dbaik', 'dtorres', 'swalchuk', 'Juliadeschenes', 'akhan', 'brwass', 'mmotiani', 'rgopal', 'kschuette', 'pmodi', 'nkraska', 'SSINGH', 'jallen', 'crush', 'cdipompeo', 'ymanibog', 'g3styx', 'ekatz', 'lwelke', 'wstokely', 'stacilaci56', 'ikos', 'therrmann', 'yongjoo87', 'ebell', 'bfrett', 'jdeschenes', 'dsturgeon', 'bnielsen', 'mbarrett', 'mchen', 'LauraK', 'abruzek', 'chaselhorst', 'yixak', 'aka220', 'laybar', 'dfang', 'jkircher', 'aasthana', 'tpoole', 'LWELKE', 'arahman', 'mroebuck', 'hwolfman', 'vleung', 'awellman', 'agassifeng', 'mamofa', 'dspade', 'xyin', 'emurphy', 'rickyp999', 'bigkrezca32', 'shaolinquan', 'osostan', 'JuliaDesChenes', 'mrahman23', 'mbykowski', 'mkubiak', 'jswenson', 'atalai', 'evedgebah', 'clin', 'ccl356', 'vvalenzuela', 'abarr', 'rmetzler', 'zes975', 'jps939', 'mgilmour', 'csouthard', 'cvenatta', 'kbatra', 'dal767', 'jmenkin', 'soconnell', 'chastings', 'prettynpink221', 'cchristianson', 'kkang', 'jlye', 'jesnyder', 'mshah22', 'jlee', 'asprague', 'sfriedman', 'del982', 'kjs901', 'bpk122', 'cpark', 'nfrench', 'chem10107', 'aim512', 'damaranto', 'mhyre', 'ikornblau']",2,"['achin', 'alondanon']",451,"['gbanner', 'WUTTARAPATRIYAKUL', 'dburk', 'marthachang', 'jlemaster', 'hknai', 'hschroeder', 'ASiddiqui', 'tcouri', 'parker9', 'dwu', 'gescobar', 'vladmanko', 'cpai', 'ldelaney', 'swahab', 'clifford', 'kkovatch', 'ganderson', 'msarkulova', 'rkaringada', 'Ikornblau', 'LKINGSBURY', 'danielbaik', 'aahmad', 'lfs919', 'chaimann', 'dnebel', 'bniklinska', 'MChen', 'ckilic', 'athaler', 'awhittington', 'jstroup', 'mfenech', 'adhar2', 'kroderer', 'mpsorkin', 'jswanson', 'awagner', 'jmehra', 'fkhan', 'jsneed', 'cpowersmaher', 'jsnyder', 'churley', 'agast', 'zharb', 'ktommerdahl', 'rgribben', 'kgspears', 'jteno', 'toconnell', 'asiddiqui', 'swilson', 'aelmy', 'aloon', 'jschulze1', 'rferraro', 'msood', 'jmarrone', 'ktaylor', 'jlt453', 'sju', 'slim', 'choel', 'eschaefer', 'aschattner', 'mtapkowski', 'cliu', 'claireboland', 'dmenon', 'dwang', 'jobremski', 'uchidas', 'JSavitsky', 'jramsley', 'geieea', 'jdarby', 'skramer', 'jroig', 'jwang10', 'kmp423', 'kalbertine', 'kfreer', 'jyoung88', 'zsersland', 'sdaudi', 'ealtman', 'dufford', 'frankzhang', 'pcoleman', 'pszalwinski', 'tgonzales', 'jzona', 'als753', 'Asprague', 'pdziedzic', 'jaq945', 'spark', 'fome', 'lbrengman', 'sarnold', 'nmsingh', 'noodles5', 'eskim', 'ecunningham', 'wsun', 'djwhack03', 'mickey', 'kstoerzinger', 'dliu', 'klandry', 'mkahle', 'bdemurihaeberle', 'cgrandau', 'SHaolinquan', 'tsn821', 'alopez', 'ehaug', 'eunterbrink', 'sflores', 'mnovacanes', 'cconrad', 'jbeltran', 'tofinesse333', 'rpickering', 'aepstein', 'cclark', 'mfrancisco', 'bmattson', 'ewest', 'rbaroch', 'edawson', 'cblack', 'smo596', 'lgerkowicz', 'dculhane', 'querner', 'pliu', 'ksampson', 'agoodman', 'ahurd', 'csherman', 'shanks53', 'bmanojlovic', 'chicah444', 'leochild2005', 'mis130', 'swundrow', 'rkatz', 'lowen', 'ashutton', 'sdixit', 'jdrake', 'dwg482', 'dflint', 'Shaolinquan', 'jerickson', 'grebesco', 'Aaronbenjamin', 'aocchiuti', 'dsiegal', 'AWellman', 'jmehrotra', 'psteptoe', 'astrick', 'Edawson', 'jmeissner', 'Mehwish916', 'cwhite', 'bsummersgill', 'amahajan', 'smiller', 'treber', 'asarwark', 'lfoulke', 'jcarson', 'apumm', 'dchoi', 'tchou', 'jdshank44', 'pnolan', 'amorales', 'ndhawan', 'sfarley', 'nash73', 'jschulze', 'wuttarapatriyakul', 'smoy', 'jroig1', 'pbaranwal', 'calfonso', 'kparekh', 'mja276', 'seankim', 'mzou', 'jjaume', 'jneilsson', 'asuresh', 'jdattilo', 'xbasko', 'ysalah', 'kcysewski', 'roub0008', 'mphilben', 'nchu', 'kstoddart', 'mickey_g3', 'kshedd', 'sindhu108', 'dsy389', 'suchida', 'nperkins', 'aji536', 'Akhan', 'jessicag', 'mradadia', 'gdasovich', 'ktietjen', 'heisenman', 'ndvora', 'erausch', 'npentelovitch', 'zeidlab', 'cboland', 'jshabosky', 'mfederspiel1', 'wpearse', 'jbragg', 'prabath', 'jsavitsky', 'mehwish916', 'cvega', 'sstrong', 'Dangel', 'kbg813', 'kvb507', 'alang', 'mkalina', 'acm', 'aechevarria', 'slu', 'robbrown', 'jdawson', 'abeswick', 'achin', 'SLIM', 'ccarhart', 'kmorgan', 'cmiksis', 'rwinnegar', 'lawchang88', 'jbastiaens', 'ohkwon', 'jaltenhofen', 'vmanko', 'rlee', 'sburrill', 'lstene', 'clu', 'hdurschlag', 'fzhang', 'elemasters', 'jdavid', 'jgavil', 'bvu', 'laurahchoi', 'rmb907', 'lweiss', 'mlowes', 'mfederspiel', 'slhatch', 'bschaefer', 'pkalkat', 'rkhazai', 'aaronbenjamin', 'ckwan', 'JMeissner', 'jlopez', 'jilliann2', 'jweishaar', 'darosner', 'asisodia', 'wheat_thin636', 'bschnedl', 'evelyncarter', 'jchowaniec', 'smoffett', 'smw823', 'mhoffmann', 'kcebrian', 'jhl326', 'jpineda', 'lkingsbury', 'srao', 'vrivas', 'fuckme', 'jdinneen', 'ebader', 'smui', 'cpa475', 'igemp', 'khiggins', 'rsmith', 'dcooperberg', 'jcummins', 'dshafir', 'bwalker423', 'asantamarina', 'sdang', 'msivasubramaniam', 'ameyers', 'petarvidak', 'KKessler', 'vivekanandbhardwaj', 'amelnyk', 'bbrochu', 'dblumenthal', 'jordanduval', 'nshultz', 'akim', 'jonaltenhofen', 'scrow', 'bfu109', 'skim', 'jhan', 'mfenstermaker', 'cmcgourty', 'acarroll', 'jguliap', 'kkao', 'dyao', 'ksulzer', 'kmortensen', 'cnh872', 'eohira', 'aroybal', 'dshabeeb', 'barlas', 'lkarvelis', 'elliottwallace', 'psampath', 'gschultz', 'erobinson', 'KTietjen', 'slasselle', 'bweisse', 'dbaik', 'dtorres', 'swalchuk', 'Juliadeschenes', 'akhan', 'brwass', 'mmotiani', 'rgopal', 'kschuette', 'pmodi', 'nkraska', 'SSINGH', 'jallen', 'crush', 'cdipompeo', 'ymanibog', 'g3styx', 'ekatz', 'lwelke', 'wstokely', 'stacilaci56', 'ikos', 'therrmann', 'yongjoo87', 'ebell', 'bfrett', 'jdeschenes', 'dsturgeon', 'bnielsen', 'mbarrett', 'mchen', 'LauraK', 'abruzek', 'chaselhorst', 'yixak', 'aka220', 'jjones', 'laybar', 'jsteinberg', 'dfang', 'jkircher', 'aasthana', 'tpoole', 'LWELKE', 'arahman', 'mroebuck', 'hwolfman', 'vleung', 'awellman', 'agassifeng', 'mamofa', 'dspade', 'xyin', 'emurphy', 'rickyp999', 'bigkrezca32', 'shaolinquan', 'osostan', 'JuliaDesChenes', 'mrahman23', 'mbykowski', 'mkubiak', 'jswenson', 'atalai', 'evedgebah', 'clin', 'ccl356', 'vvalenzuela', 'abarr', 'rmetzler', 'zes975', 'cfrench', 'jps939', 'mgilmour', 'csouthard', 'alondanon', 'cvenatta', 'kbatra', 'dal767', 'jmenkin', 'soconnell', 'chastings', 'prettynpink221', 'cchristianson', 'kkang', 'jlye', 'jesnyder', 'mshah22', 'jlee', 'asprague', 'rtsang', 'sfriedman', 'del982', 'kjs901', 'bpk122', 'cpark', 'nfrench', 'chem10107', 'ktakahashi', 'aim512', 'damaranto', 'mhyre', 'ikornblau']"
1,15,449,13,12,"['cblack', 'tofinesse333', 'mehwish916', 'therrmann', 'jmarrone', 'slasselle', 'lbrengman', 'jwang10', 'mfenech', 'wpearse', 'mzou', 'robbrown']",437,"['gbanner', 'WUTTARAPATRIYAKUL', 'dburk', 'marthachang', 'jlemaster', 'hknai', 'hschroeder', 'ASiddiqui', 'tcouri', 'parker9', 'dwu', 'gescobar', 'vladmanko', 'cpai', 'ldelaney', 'swahab', 'clifford', 'kkovatch', 'ganderson', 'msarkulova', 'rkaringada', 'Ikornblau', 'LKINGSBURY', 'danielbaik', 'aahmad', 'lfs919', 'chaimann', 'dnebel', 'bniklinska', 'MChen', 'ckilic', 'athaler', 'awhittington', 'jstroup', 'adhar2', 'kroderer', 'mpsorkin', 'jswanson', 'awagner', 'jmehra', 'fkhan', 'jsneed', 'cpowersmaher', 'jsnyder', 'churley', 'agast', 'zharb', 'ktommerdahl', 'rgribben', 'kgspears', 'jteno', 'toconnell', 'asiddiqui', 'swilson', 'aelmy', 'aloon', 'jschulze1', 'rferraro', 'msood', 'ktaylor', 'jlt453', 'sju', 'slim', 'choel', 'eschaefer', 'aschattner', 'mtapkowski', 'cliu', 'claireboland', 'dmenon', 'dwang', 'jobremski', 'uchidas', 'JSavitsky', 'jramsley', 'geieea', 'jdarby', 'skramer', 'jroig', 'kmp423', 'kalbertine', 'kfreer', 'jyoung88', 'zsersland', 'sdaudi', 'ealtman', 'dufford', 'frankzhang', 'pcoleman', 'pszalwinski', 'tgonzales', 'jzona', 'als753', 'Asprague', 'pdziedzic', 'jaq945', 'spark', 'fome', 'sarnold', 'nmsingh', 'noodles5', 'eskim', 'ecunningham', 'wsun', 'djwhack03', 'mickey', 'kstoerzinger', 'dliu', 'klandry', 'mkahle', 'bdemurihaeberle', 'cgrandau', 'SHaolinquan', 'tsn821', 'alopez', 'ehaug', 'eunterbrink', 'sflores', 'mnovacanes', 'cconrad', 'jbeltran', 'rpickering', 'aepstein', 'cclark', 'mfrancisco', 'bmattson', 'ewest', 'rbaroch', 'edawson', 'smo596', 'lgerkowicz', 'dculhane', 'querner', 'pliu', 'ksampson', 'agoodman', 'ahurd', 'csherman', 'shanks53', 'bmanojlovic', 'chicah444', 'leochild2005', 'mis130', 'swundrow', 'rkatz', 'lowen', 'ashutton', 'sdixit', 'jdrake', 'dwg482', 'dflint', 'Shaolinquan', 'jerickson', 'grebesco', 'Aaronbenjamin', 'aocchiuti', 'dsiegal', 'AWellman', 'jmehrotra', 'psteptoe', 'astrick', 'Edawson', 'jmeissner', 'Mehwish916', 'cwhite', 'bsummersgill', 'amahajan', 'smiller', 'treber', 'asarwark', 'lfoulke', 'jcarson', 'apumm', 'dchoi', 'tchou', 'jdshank44', 'pnolan', 'amorales', 'ndhawan', 'sfarley', 'nash73', 'jschulze', 'wuttarapatriyakul', 'smoy', 'jroig1', 'pbaranwal', 'calfonso', 'kparekh', 'mja276', 'seankim', 'jjaume', 'jneilsson', 'asuresh', 'jdattilo', 'xbasko', 'ysalah', 'kcysewski', 'roub0008', 'mphilben', 'nchu', 'kstoddart', 'mickey_g3', 'kshedd', 'sindhu108', 'dsy389', 'suchida', 'nperkins', 'aji536', 'Akhan', 'jessicag', 'mradadia', 'gdasovich', 'ktietjen', 'heisenman', 'ndvora', 'erausch', 'npentelovitch', 'zeidlab', 'cboland', 'jshabosky', 'mfederspiel1', 'jbragg', 'prabath', 'jsavitsky', 'cvega', 'sstrong', 'Dangel', 'kbg813', 'kvb507', 'alang', 'mkalina', 'acm', 'aechevarria', 'slu', 'jdawson', 'abeswick', 'SLIM', 'ccarhart', 'kmorgan', 'cmiksis', 'rwinnegar', 'lawchang88', 'jbastiaens', 'ohkwon', 'jaltenhofen', 'vmanko', 'rlee', 'sburrill', 'lstene', 'clu', 'hdurschlag', 'fzhang', 'elemasters', 'jdavid', 'jgavil', 'bvu', 'laurahchoi', 'rmb907', 'lweiss', 'mlowes', 'mfederspiel', 'slhatch', 'bschaefer', 'pkalkat', 'rkhazai', 'aaronbenjamin', 'ckwan', 'JMeissner', 'jlopez', 'jilliann2', 'jweishaar', 'darosner', 'asisodia', 'wheat_thin636', 'bschnedl', 'evelyncarter', 'jchowaniec', 'smoffett', 'smw823', 'mhoffmann', 'kcebrian', 'jhl326', 'jpineda', 'lkingsbury', 'srao', 'vrivas', 'fuckme', 'jdinneen', 'ebader', 'smui', 'cpa475', 'igemp', 'khiggins', 'rsmith', 'dcooperberg', 'jcummins', 'dshafir', 'bwalker423', 'asantamarina', 'sdang', 'msivasubramaniam', 'ameyers', 'petarvidak', 'KKessler', 'vivekanandbhardwaj', 'amelnyk', 'bbrochu', 'dblumenthal', 'jordanduval', 'nshultz', 'akim', 'jonaltenhofen', 'scrow', 'bfu109', 'skim', 'jhan', 'mfenstermaker', 'cmcgourty', 'acarroll', 'jguliap', 'kkao', 'dyao', 'ksulzer', 'kmortensen', 'cnh872', 'eohira', 'aroybal', 'dshabeeb', 'barlas', 'lkarvelis', 'elliottwallace', 'psampath', 'gschultz', 'erobinson', 'KTietjen', 'bweisse', 'dbaik', 'dtorres', 'swalchuk', 'Juliadeschenes', 'akhan', 'brwass', 'mmotiani', 'rgopal', 'kschuette', 'pmodi', 'nkraska', 'SSINGH', 'jallen', 'crush', 'cdipompeo', 'ymanibog', 'g3styx', 'ekatz', 'lwelke', 'wstokely', 'stacilaci56', 'ikos', 'yongjoo87', 'ebell', 'bfrett', 'jdeschenes', 'dsturgeon', 'bnielsen', 'mbarrett', 'mchen', 'LauraK', 'abruzek', 'chaselhorst', 'yixak', 'aka220', 'jjones', 'laybar', 'jsteinberg', 'dfang', 'jkircher', 'aasthana', 'tpoole', 'LWELKE', 'arahman', 'mroebuck', 'hwolfman', 'vleung', 'awellman', 'agassifeng', 'mamofa', 'dspade', 'xyin', 'emurphy', 'rickyp999', 'bigkrezca32', 'shaolinquan', 'osostan', 'JuliaDesChenes', 'mrahman23', 'mbykowski', 'mkubiak', 'jswenson', 'atalai', 'evedgebah', 'clin', 'ccl356', 'vvalenzuela', 'abarr', 'rmetzler', 'zes975', 'cfrench', 'jps939', 'mgilmour', 'csouthard', 'cvenatta', 'kbatra', 'dal767', 'jmenkin', 'soconnell', 'chastings', 'prettynpink221', 'cchristianson', 'kkang', 'jlye', 'jesnyder', 'mshah22', 'jlee', 'asprague', 'rtsang', 'sfriedman', 'del982', 'kjs901', 'bpk122', 'cpark', 'nfrench', 'chem10107', 'ktakahashi', 'aim512', 'damaranto', 'mhyre', 'ikornblau']",1,['dcao'],450,"['gbanner', 'WUTTARAPATRIYAKUL', 'dburk', 'marthachang', 'jlemaster', 'hknai', 'hschroeder', 'ASiddiqui', 'tcouri', 'parker9', 'dwu', 'gescobar', 'vladmanko', 'cpai', 'ldelaney', 'swahab', 'clifford', 'kkovatch', 'ganderson', 'msarkulova', 'rkaringada', 'Ikornblau', 'LKINGSBURY', 'danielbaik', 'aahmad', 'lfs919', 'chaimann', 'dnebel', 'bniklinska', 'MChen', 'ckilic', 'athaler', 'awhittington', 'jstroup', 'mfenech', 'adhar2', 'kroderer', 'mpsorkin', 'jswanson', 'awagner', 'jmehra', 'fkhan', 'jsneed', 'cpowersmaher', 'jsnyder', 'churley', 'agast', 'zharb', 'ktommerdahl', 'rgribben', 'kgspears', 'jteno', 'toconnell', 'asiddiqui', 'swilson', 'aelmy', 'aloon', 'jschulze1', 'rferraro', 'msood', 'jmarrone', 'ktaylor', 'jlt453', 'sju', 'slim', 'choel', 'eschaefer', 'aschattner', 'mtapkowski', 'cliu', 'claireboland', 'dmenon', 'dwang', 'jobremski', 'uchidas', 'JSavitsky', 'jramsley', 'geieea', 'jdarby', 'skramer', 'jroig', 'jwang10', 'kmp423', 'kalbertine', 'kfreer', 'jyoung88', 'zsersland', 'sdaudi', 'ealtman', 'dufford', 'frankzhang', 'pcoleman', 'pszalwinski', 'tgonzales', 'jzona', 'als753', 'Asprague', 'pdziedzic', 'jaq945', 'spark', 'fome', 'lbrengman', 'sarnold', 'nmsingh', 'noodles5', 'eskim', 'ecunningham', 'wsun', 'djwhack03', 'mickey', 'kstoerzinger', 'dliu', 'klandry', 'mkahle', 'bdemurihaeberle', 'cgrandau', 'SHaolinquan', 'tsn821', 'alopez', 'ehaug', 'eunterbrink', 'sflores', 'mnovacanes', 'cconrad', 'jbeltran', 'tofinesse333', 'rpickering', 'aepstein', 'cclark', 'mfrancisco', 'bmattson', 'ewest', 'rbaroch', 'edawson', 'cblack', 'smo596', 'lgerkowicz', 'dculhane', 'querner', 'pliu', 'ksampson', 'agoodman', 'ahurd', 'csherman', 'shanks53', 'bmanojlovic', 'chicah444', 'leochild2005', 'mis130', 'swundrow', 'rkatz', 'lowen', 'ashutton', 'sdixit', 'jdrake', 'dwg482', 'dflint', 'Shaolinquan', 'jerickson', 'grebesco', 'Aaronbenjamin', 'aocchiuti', 'dsiegal', 'AWellman', 'jmehrotra', 'psteptoe', 'astrick', 'Edawson', 'jmeissner', 'Mehwish916', 'cwhite', 'bsummersgill', 'amahajan', 'smiller', 'treber', 'asarwark', 'lfoulke', 'jcarson', 'apumm', 'dchoi', 'tchou', 'jdshank44', 'pnolan', 'amorales', 'ndhawan', 'sfarley', 'nash73', 'jschulze', 'wuttarapatriyakul', 'smoy', 'jroig1', 'pbaranwal', 'calfonso', 'kparekh', 'mja276', 'seankim', 'mzou', 'jjaume', 'jneilsson', 'asuresh', 'jdattilo', 'xbasko', 'dcao', 'ysalah', 'kcysewski', 'roub0008', 'mphilben', 'nchu', 'kstoddart', 'mickey_g3', 'kshedd', 'sindhu108', 'dsy389', 'suchida', 'nperkins', 'aji536', 'Akhan', 'jessicag', 'mradadia', 'gdasovich', 'ktietjen', 'heisenman', 'ndvora', 'erausch', 'npentelovitch', 'zeidlab', 'cboland', 'jshabosky', 'mfederspiel1', 'wpearse', 'jbragg', 'prabath', 'jsavitsky', 'mehwish916', 'cvega', 'sstrong', 'Dangel', 'kbg813', 'kvb507', 'alang', 'mkalina', 'acm', 'aechevarria', 'slu', 'robbrown', 'jdawson', 'abeswick', 'SLIM', 'ccarhart', 'kmorgan', 'cmiksis', 'rwinnegar', 'lawchang88', 'jbastiaens', 'ohkwon', 'jaltenhofen', 'vmanko', 'rlee', 'sburrill', 'lstene', 'clu', 'hdurschlag', 'fzhang', 'elemasters', 'jdavid', 'jgavil', 'bvu', 'laurahchoi', 'rmb907', 'lweiss', 'mlowes', 'mfederspiel', 'slhatch', 'bschaefer', 'pkalkat', 'rkhazai', 'aaronbenjamin', 'ckwan', 'JMeissner', 'jlopez', 'jilliann2', 'jweishaar', 'darosner', 'asisodia', 'wheat_thin636', 'bschnedl', 'evelyncarter', 'jchowaniec', 'smoffett', 'smw823', 'mhoffmann', 'kcebrian', 'jhl326', 'jpineda', 'lkingsbury', 'srao', 'vrivas', 'fuckme', 'jdinneen', 'ebader', 'smui', 'cpa475', 'igemp', 'khiggins', 'rsmith', 'dcooperberg', 'jcummins', 'dshafir', 'bwalker423', 'asantamarina', 'sdang', 'msivasubramaniam', 'ameyers', 'petarvidak', 'KKessler', 'vivekanandbhardwaj', 'amelnyk', 'bbrochu', 'dblumenthal', 'jordanduval', 'nshultz', 'akim', 'jonaltenhofen', 'scrow', 'bfu109', 'skim', 'jhan', 'mfenstermaker', 'cmcgourty', 'acarroll', 'jguliap', 'kkao', 'dyao', 'ksulzer', 'kmortensen', 'cnh872', 'eohira', 'aroybal', 'dshabeeb', 'barlas', 'lkarvelis', 'elliottwallace', 'psampath', 'gschultz', 'erobinson', 'KTietjen', 'slasselle', 'bweisse', 'dbaik', 'dtorres', 'swalchuk', 'Juliadeschenes', 'akhan', 'brwass', 'mmotiani', 'rgopal', 'kschuette', 'pmodi', 'nkraska', 'SSINGH', 'jallen', 'crush', 'cdipompeo', 'ymanibog', 'g3styx', 'ekatz', 'lwelke', 'wstokely', 'stacilaci56', 'ikos', 'therrmann', 'yongjoo87', 'ebell', 'bfrett', 'jdeschenes', 'dsturgeon', 'bnielsen', 'mbarrett', 'mchen', 'LauraK', 'abruzek', 'chaselhorst', 'yixak', 'aka220', 'jjones', 'laybar', 'jsteinberg', 'dfang', 'jkircher', 'aasthana', 'tpoole', 'LWELKE', 'arahman', 'mroebuck', 'hwolfman', 'vleung', 'awellman', 'agassifeng', 'mamofa', 'dspade', 'xyin', 'emurphy', 'rickyp999', 'bigkrezca32', 'shaolinquan', 'osostan', 'JuliaDesChenes', 'mrahman23', 'mbykowski', 'mkubiak', 'jswenson', 'atalai', 'evedgebah', 'clin', 'ccl356', 'vvalenzuela', 'abarr', 'rmetzler', 'zes975', 'cfrench', 'jps939', 'mgilmour', 'csouthard', 'cvenatta', 'kbatra', 'dal767', 'jmenkin', 'soconnell', 'chastings', 'prettynpink221', 'cchristianson', 'kkang', 'jlye', 'jesnyder', 'mshah22', 'jlee', 'asprague', 'rtsang', 'sfriedman', 'del982', 'kjs901', 'bpk122', 'cpark', 'nfrench', 'chem10107', 'ktakahashi', 'aim512', 'damaranto', 'mhyre', 'ikornblau']"
1,20,449,12,11,"['pszalwinski', 'dcooperberg', 'erobinson', 'stacilaci56', 'emurphy', 'hknai', 'jmarrone', 'nchu', 'kalbertine', 'seankim', 'swilson']",438,"['gbanner', 'WUTTARAPATRIYAKUL', 'dburk', 'marthachang', 'jlemaster', 'hschroeder', 'ASiddiqui', 'tcouri', 'parker9', 'dwu', 'gescobar', 'vladmanko', 'cpai', 'ldelaney', 'swahab', 'clifford', 'kkovatch', 'ganderson', 'msarkulova', 'rkaringada', 'Ikornblau', 'LKINGSBURY', 'danielbaik', 'aahmad', 'lfs919', 'chaimann', 'dnebel', 'bniklinska', 'MChen', 'ckilic', 'athaler', 'awhittington', 'jstroup', 'mfenech', 'adhar2', 'kroderer', 'mpsorkin', 'jswanson', 'awagner', 'jmehra', 'fkhan', 'jsneed', 'cpowersmaher', 'jsnyder', 'churley', 'agast', 'zharb', 'ktommerdahl', 'rgribben', 'kgspears', 'jteno', 'toconnell', 'asiddiqui', 'aelmy', 'aloon', 'jschulze1', 'rferraro', 'msood', 'ktaylor', 'jlt453', 'sju', 'slim', 'choel', 'eschaefer', 'aschattner', 'mtapkowski', 'cliu', 'claireboland', 'dmenon', 'dwang', 'jobremski', 'uchidas', 'JSavitsky', 'jramsley', 'geieea', 'jdarby', 'skramer', 'jroig', 'jwang10', 'kmp423', 'kfreer', 'jyoung88', 'zsersland', 'sdaudi', 'ealtman', 'dufford', 'frankzhang', 'pcoleman', 'tgonzales', 'jzona', 'als753', 'Asprague', 'pdziedzic', 'jaq945', 'spark', 'fome', 'lbrengman', 'sarnold', 'nmsingh', 'noodles5', 'eskim', 'ecunningham', 'wsun', 'djwhack03', 'mickey', 'kstoerzinger', 'dliu', 'klandry', 'mkahle', 'bdemurihaeberle', 'cgrandau', 'SHaolinquan', 'tsn821', 'alopez', 'ehaug', 'eunterbrink', 'sflores', 'mnovacanes', 'cconrad', 'jbeltran', 'tofinesse333', 'rpickering', 'aepstein', 'cclark', 'mfrancisco', 'bmattson', 'ewest', 'rbaroch', 'edawson', 'cblack', 'smo596', 'lgerkowicz', 'dculhane', 'querner', 'pliu', 'ksampson', 'agoodman', 'ahurd', 'csherman', 'shanks53', 'bmanojlovic', 'chicah444', 'leochild2005', 'mis130', 'swundrow', 'rkatz', 'lowen', 'ashutton', 'sdixit', 'jdrake', 'dwg482', 'dflint', 'Shaolinquan', 'jerickson', 'grebesco', 'Aaronbenjamin', 'aocchiuti', 'dsiegal', 'AWellman', 'jmehrotra', 'psteptoe', 'astrick', 'Edawson', 'jmeissner', 'Mehwish916', 'cwhite', 'bsummersgill', 'amahajan', 'smiller', 'treber', 'asarwark', 'lfoulke', 'jcarson', 'apumm', 'dchoi', 'tchou', 'jdshank44', 'pnolan', 'amorales', 'ndhawan', 'sfarley', 'nash73', 'jschulze', 'wuttarapatriyakul', 'smoy', 'jroig1', 'pbaranwal', 'calfonso', 'kparekh', 'mja276', 'mzou', 'jjaume', 'jneilsson', 'asuresh', 'jdattilo', 'xbasko', 'ysalah', 'kcysewski', 'roub0008', 'mphilben', 'kstoddart', 'mickey_g3', 'kshedd', 'sindhu108', 'dsy389', 'suchida', 'nperkins', 'aji536', 'Akhan', 'jessicag', 'mradadia', 'gdasovich', 'ktietjen', 'heisenman', 'ndvora', 'erausch', 'npentelovitch', 'zeidlab', 'cboland', 'jshabosky', 'mfederspiel1', 'wpearse', 'jbragg', 'prabath', 'jsavitsky', 'mehwish916', 'cvega', 'sstrong', 'Dangel', 'kbg813', 'kvb507', 'alang', 'mkalina', 'acm', 'aechevarria', 'slu', 'robbrown', 'jdawson', 'abeswick', 'SLIM', 'ccarhart', 'kmorgan', 'cmiksis', 'rwinnegar', 'lawchang88', 'jbastiaens', 'ohkwon', 'jaltenhofen', 'vmanko', 'rlee', 'sburrill', 'lstene', 'clu', 'hdurschlag', 'fzhang', 'elemasters', 'jdavid', 'jgavil', 'bvu', 'laurahchoi', 'rmb907', 'lweiss', 'mlowes', 'mfederspiel', 'slhatch', 'bschaefer', 'pkalkat', 'rkhazai', 'aaronbenjamin', 'ckwan', 'JMeissner', 'jlopez', 'jilliann2', 'jweishaar', 'darosner', 'asisodia', 'wheat_thin636', 'bschnedl', 'evelyncarter', 'jchowaniec', 'smoffett', 'smw823', 'mhoffmann', 'kcebrian', 'jhl326', 'jpineda', 'lkingsbury', 'srao', 'vrivas', 'fuckme', 'jdinneen', 'ebader', 'smui', 'cpa475', 'igemp', 'khiggins', 'rsmith', 'jcummins', 'dshafir', 'bwalker423', 'asantamarina', 'sdang', 'msivasubramaniam', 'ameyers', 'petarvidak', 'KKessler', 'vivekanandbhardwaj', 'amelnyk', 'bbrochu', 'dblumenthal', 'jordanduval', 'nshultz', 'akim', 'jonaltenhofen', 'scrow', 'bfu109', 'skim', 'jhan', 'mfenstermaker', 'cmcgourty', 'acarroll', 'jguliap', 'kkao', 'dyao', 'ksulzer', 'kmortensen', 'cnh872', 'eohira', 'aroybal', 'dshabeeb', 'barlas', 'lkarvelis', 'elliottwallace', 'psampath', 'gschultz', 'KTietjen', 'slasselle', 'bweisse', 'dbaik', 'dtorres', 'swalchuk', 'Juliadeschenes', 'akhan', 'brwass', 'mmotiani', 'rgopal', 'kschuette', 'pmodi', 'nkraska', 'SSINGH', 'jallen', 'crush', 'cdipompeo', 'ymanibog', 'g3styx', 'ekatz', 'lwelke', 'wstokely', 'ikos', 'therrmann', 'yongjoo87', 'ebell', 'bfrett', 'jdeschenes', 'dsturgeon', 'bnielsen', 'mbarrett', 'mchen', 'LauraK', 'abruzek', 'chaselhorst', 'yixak', 'aka220', 'jjones', 'laybar', 'jsteinberg', 'dfang', 'jkircher', 'aasthana', 'tpoole', 'LWELKE', 'arahman', 'mroebuck', 'hwolfman', 'vleung', 'awellman', 'agassifeng', 'mamofa', 'dspade', 'xyin', 'rickyp999', 'bigkrezca32', 'shaolinquan', 'osostan', 'JuliaDesChenes', 'mrahman23', 'mbykowski', 'mkubiak', 'jswenson', 'atalai', 'evedgebah', 'clin', 'ccl356', 'vvalenzuela', 'abarr', 'rmetzler', 'zes975', 'cfrench', 'jps939', 'mgilmour', 'csouthard', 'cvenatta', 'kbatra', 'dal767', 'jmenkin', 'soconnell', 'chastings', 'prettynpink221', 'cchristianson', 'kkang', 'jlye', 'jesnyder', 'mshah22', 'jlee', 'asprague', 'rtsang', 'sfriedman', 'del982', 'kjs901', 'bpk122', 'cpark', 'nfrench', 'chem10107', 'ktakahashi', 'aim512', 'damaranto', 'mhyre', 'ikornblau']",1,['jroden'],450,"['gbanner', 'WUTTARAPATRIYAKUL', 'dburk', 'marthachang', 'jlemaster', 'hknai', 'hschroeder', 'ASiddiqui', 'tcouri', 'parker9', 'dwu', 'gescobar', 'vladmanko', 'cpai', 'ldelaney', 'swahab', 'clifford', 'kkovatch', 'ganderson', 'msarkulova', 'rkaringada', 'Ikornblau', 'LKINGSBURY', 'danielbaik', 'aahmad', 'lfs919', 'chaimann', 'dnebel', 'bniklinska', 'MChen', 'ckilic', 'athaler', 'awhittington', 'jstroup', 'mfenech', 'adhar2', 'kroderer', 'mpsorkin', 'jswanson', 'awagner', 'jmehra', 'fkhan', 'jsneed', 'cpowersmaher', 'jsnyder', 'churley', 'agast', 'zharb', 'ktommerdahl', 'rgribben', 'kgspears', 'jteno', 'toconnell', 'asiddiqui', 'swilson', 'aelmy', 'aloon', 'jschulze1', 'rferraro', 'msood', 'jmarrone', 'ktaylor', 'jlt453', 'sju', 'slim', 'choel', 'eschaefer', 'aschattner', 'mtapkowski', 'cliu', 'claireboland', 'dmenon', 'dwang', 'jobremski', 'uchidas', 'JSavitsky', 'jramsley', 'geieea', 'jdarby', 'skramer', 'jroig', 'jwang10', 'kmp423', 'kalbertine', 'kfreer', 'jyoung88', 'zsersland', 'sdaudi', 'ealtman', 'dufford', 'frankzhang', 'pcoleman', 'pszalwinski', 'tgonzales', 'jzona', 'als753', 'Asprague', 'pdziedzic', 'jaq945', 'spark', 'fome', 'lbrengman', 'sarnold', 'nmsingh', 'noodles5', 'eskim', 'ecunningham', 'wsun', 'djwhack03', 'mickey', 'kstoerzinger', 'dliu', 'klandry', 'mkahle', 'bdemurihaeberle', 'cgrandau', 'SHaolinquan', 'tsn821', 'alopez', 'ehaug', 'eunterbrink', 'sflores', 'mnovacanes', 'cconrad', 'jbeltran', 'tofinesse333', 'rpickering', 'aepstein', 'cclark', 'mfrancisco', 'bmattson', 'ewest', 'rbaroch', 'edawson', 'cblack', 'smo596', 'lgerkowicz', 'dculhane', 'querner', 'pliu', 'ksampson', 'agoodman', 'ahurd', 'csherman', 'shanks53', 'bmanojlovic', 'chicah444', 'leochild2005', 'mis130', 'swundrow', 'rkatz', 'lowen', 'ashutton', 'sdixit', 'jdrake', 'dwg482', 'dflint', 'Shaolinquan', 'jerickson', 'grebesco', 'Aaronbenjamin', 'aocchiuti', 'dsiegal', 'AWellman', 'jmehrotra', 'psteptoe', 'astrick', 'Edawson', 'jmeissner', 'Mehwish916', 'cwhite', 'bsummersgill', 'amahajan', 'smiller', 'treber', 'asarwark', 'lfoulke', 'jcarson', 'apumm', 'dchoi', 'tchou', 'jdshank44', 'pnolan', 'amorales', 'ndhawan', 'sfarley', 'nash73', 'jschulze', 'wuttarapatriyakul', 'smoy', 'jroig1', 'pbaranwal', 'calfonso', 'kparekh', 'mja276', 'seankim', 'mzou', 'jjaume', 'jneilsson', 'asuresh', 'jdattilo', 'xbasko', 'ysalah', 'kcysewski', 'roub0008', 'mphilben', 'nchu', 'kstoddart', 'mickey_g3', 'kshedd', 'sindhu108', 'dsy389', 'suchida', 'nperkins', 'aji536', 'Akhan', 'jessicag', 'mradadia', 'gdasovich', 'ktietjen', 'heisenman', 'ndvora', 'erausch', 'npentelovitch', 'zeidlab', 'cboland', 'jshabosky', 'mfederspiel1', 'wpearse', 'jbragg', 'prabath', 'jsavitsky', 'mehwish916', 'cvega', 'sstrong', 'Dangel', 'kbg813', 'kvb507', 'alang', 'mkalina', 'acm', 'aechevarria', 'slu', 'robbrown', 'jdawson', 'abeswick', 'SLIM', 'ccarhart', 'kmorgan', 'cmiksis', 'rwinnegar', 'lawchang88', 'jbastiaens', 'ohkwon', 'jaltenhofen', 'vmanko', 'rlee', 'sburrill', 'lstene', 'clu', 'hdurschlag', 'fzhang', 'elemasters', 'jdavid', 'jgavil', 'bvu', 'laurahchoi', 'rmb907', 'lweiss', 'mlowes', 'mfederspiel', 'slhatch', 'bschaefer', 'pkalkat', 'rkhazai', 'aaronbenjamin', 'ckwan', 'JMeissner', 'jlopez', 'jilliann2', 'jweishaar', 'darosner', 'asisodia', 'wheat_thin636', 'bschnedl', 'evelyncarter', 'jchowaniec', 'smoffett', 'smw823', 'mhoffmann', 'kcebrian', 'jhl326', 'jpineda', 'lkingsbury', 'srao', 'vrivas', 'fuckme', 'jdinneen', 'ebader', 'smui', 'cpa475', 'igemp', 'khiggins', 'rsmith', 'dcooperberg', 'jcummins', 'dshafir', 'bwalker423', 'asantamarina', 'sdang', 'msivasubramaniam', 'ameyers', 'petarvidak', 'KKessler', 'vivekanandbhardwaj', 'amelnyk', 'bbrochu', 'dblumenthal', 'jordanduval', 'nshultz', 'akim', 'jonaltenhofen', 'jroden', 'scrow', 'bfu109', 'skim', 'jhan', 'mfenstermaker', 'cmcgourty', 'acarroll', 'jguliap', 'kkao', 'dyao', 'ksulzer', 'kmortensen', 'cnh872', 'eohira', 'aroybal', 'dshabeeb', 'barlas', 'lkarvelis', 'elliottwallace', 'psampath', 'gschultz', 'erobinson', 'KTietjen', 'slasselle', 'bweisse', 'dbaik', 'dtorres', 'swalchuk', 'Juliadeschenes', 'akhan', 'brwass', 'mmotiani', 'rgopal', 'kschuette', 'pmodi', 'nkraska', 'SSINGH', 'jallen', 'crush', 'cdipompeo', 'ymanibog', 'g3styx', 'ekatz', 'lwelke', 'wstokely', 'stacilaci56', 'ikos', 'therrmann', 'yongjoo87', 'ebell', 'bfrett', 'jdeschenes', 'dsturgeon', 'bnielsen', 'mbarrett', 'mchen', 'LauraK', 'abruzek', 'chaselhorst', 'yixak', 'aka220', 'jjones', 'laybar', 'jsteinberg', 'dfang', 'jkircher', 'aasthana', 'tpoole', 'LWELKE', 'arahman', 'mroebuck', 'hwolfman', 'vleung', 'awellman', 'agassifeng', 'mamofa', 'dspade', 'xyin', 'emurphy', 'rickyp999', 'bigkrezca32', 'shaolinquan', 'osostan', 'JuliaDesChenes', 'mrahman23', 'mbykowski', 'mkubiak', 'jswenson', 'atalai', 'evedgebah', 'clin', 'ccl356', 'vvalenzuela', 'abarr', 'rmetzler', 'zes975', 'cfrench', 'jps939', 'mgilmour', 'csouthard', 'cvenatta', 'kbatra', 'dal767', 'jmenkin', 'soconnell', 'chastings', 'prettynpink221', 'cchristianson', 'kkang', 'jlye', 'jesnyder', 'mshah22', 'jlee', 'asprague', 'rtsang', 'sfriedman', 'del982', 'kjs901', 'bpk122', 'cpark', 'nfrench', 'chem10107', 'ktakahashi', 'aim512', 'damaranto', 'mhyre', 'ikornblau']"
2,55,181,145,134,"['longja', 'wehlhard', 'atruesde', 'gustaf89', 'tdjanoko', 'aashi', 'chermawi', 'freedomjustice', 'rahoward', 'smchaudh', 'docdaa008', 'pranaynanda', 'mrhee', 'zeich', 'elric22', 'bache', 'griffinm', 'jidthekid', 'dtruax', 'bsarlitt', 'john3636', 'mtanoto', 'ahartnet', 'kyangchul', 'sbach', 'wizdh', 'dulmes', 'Bache', 'ashayat', 'danielac', 'jostendo', 'bmroozia', 'rachitbiyani', 'jkurasz', 'fuzzy_maraca77', 'irony59', 'JoeBlu', 'jsterlin', 'tmoffitt', 'werman691', 'bskorupa', 'wow676', 'dvanclev', 'wnoh', 'anraj', 'jtill04', 'sdidla', 'asudibyo', 'mwarsco', 'kklacik', 'ftanjono', 'mharger', 'jskim', 'npanitch', 'apuri', 'alayi', 'mrmillz', 'stoneagelove', 'skovich', 'pateldm', 'dsutherl', 'rsherloc', 'deetman', 'seshaw', 'dube0', 'johns180', 'bdannan', 'kim130', 'zer0xxx', 'csrockerzero', 'lai', 'jshahid', 'cabault', 'et279', 'sstreete', 'ttho', 'akhilesh', 'ebuysse', 'gzarse', 'Jabzg', 'jgries', 'rtrusty', 'lpeterus', 'ajplaymaker', 'bsyoder', 'samkothari79', 'xmzhang', 'terran010', 'kim131', 'pbayuart', 'wang209', 'taylorcl', 'mhain', 'spgreene', 'lmertes', 'mdsnyder', 'nlabianc', 'chang61', 'tcollopy', 'czahner', 'bashir', 'aforkner', 'dgrothe', 'jgu', 'kelkwa11', 'nmisiuna', 'jwetheri', 'obernada', 'zarastra', 'jackfrost9p', 'millies', 'sprashan', 'sundeepvem', 'sageorge', 'rkv0000', 'babaumga', 'han45', 'nannachh', 'jkalbfle', 'mtummala', 'brunner2112', 'smith571', 'nchirla', 'mille177', 'Zarastra', 'kassovic', 'astacy', 'vinsma', 'rparisi', 'ahermann', 'jaycrayz', 'gpajot', 'dplamber', 'singapaul']",47,"['jones105', 'hsvasi', 'jsommer', 'kdaiya', 'dhum', 'dmmitche', 'jdickers', 'nanohueb', 'dergan', 'sonicalflair', 'spamilton1', 'joeblu', 'nrrojas', 'pmongkol', 'lpuglisi', 'kbussmann', 'trs4ece', 'parimal', 'swethy', 'spank_fusion', 'hiddendecoy', 'MurphyAKL', 'wangyangboy', 'ajrobiso', 'judoma', 'gbalmer', 'srettber', 'zconvers', 'bsparson', 'mickcrowley', 'gutierjm', 'gjross', 'mamitche', 'chadhag', 'ormgi', 'zer0xXx', 'dopkick', 'chaines', 'romanchd', 'lcowsert', 'gshaw', 'Fisher', 'camyers', 'ezarowny', 'somacroy', 'arorar', 'acallawa']",11,"['wildkid256', 'neudeck', 'sumeetkumargupta', 'mswallow', 'yi0', 'jcwirth', 'dmsnell', 'jfawcett', 'priyam', 'ongt', 'scyther314159']",192,"['longja', 'chermawi', 'freedomjustice', 'rahoward', 'zeich', 'elric22', 'bache', 'wangyangboy', 'jidthekid', 'mickcrowley', 'john3636', 'wizdh', 'danielac', 'ashayat', 'sumeetkumargupta', 'rachitbiyani', 'jkurasz', 'fuzzy_maraca77', 'JoeBlu', 'jsterlin', 'wow676', 'wnoh', 'anraj', 'sdidla', 'jtill04', 'spamilton1', 'jfawcett', 'mwarsco', 'lpuglisi', 'ftanjono', 'parimal', 'jskim', 'apuri', 'stoneagelove', 'dsutherl', 'srettber', 'bsparson', 'deetman', 'chadhag', 'dube0', 'dopkick', 'kim130', 'gshaw', 'Fisher', 'cabault', 'sstreete', 'camyers', 'yi0', 'ttho', 'akhilesh', 'jones105', 'jgries', 'dmmitche', 'samkothari79', 'kim131', 'pmongkol', 'wang209', 'trs4ece', 'mdsnyder', 'chang61', 'bashir', 'dgrothe', 'mamitche', 'nmisiuna', 'jwetheri', 'obernada', 'jackfrost9p', 'zer0xXx', 'sprashan', 'ezarowny', 'arorar', 'han45', 'scyther314159', 'nannachh', 'kbussmann', 'spank_fusion', 'mtummala', 'brunner2112', 'smith571', 'Zarastra', 'MurphyAKL', 'ajrobiso', 'kassovic', 'rparisi', 'gpajot', 'dplamber', 'dmsnell', 'jsommer', 'wehlhard', 'atruesde', 'gustaf89', 'tdjanoko', 'dergan', 'aashi', 'nanohueb', 'smchaudh', 'docdaa008', 'pranaynanda', 'mrhee', 'griffinm', 'dtruax', 'bsarlitt', 'gutierjm', 'gjross', 'mtanoto', 'ahartnet', 'kyangchul', 'sbach', 'dulmes', 'Bache', 'jostendo', 'bmroozia', 'irony59', 'tmoffitt', 'werman691', 'bskorupa', 'dhum', 'dvanclev', 'jdickers', 'mswallow', 'asudibyo', 'joeblu', 'kklacik', 'mharger', 'npanitch', 'alayi', 'mrmillz', 'hiddendecoy', 'skovich', 'ongt', 'pateldm', 'rsherloc', 'seshaw', 'johns180', 'bdannan', 'zer0xxx', 'csrockerzero', 'lai', 'jshahid', 'et279', 'jcwirth', 'ebuysse', 'gzarse', 'Jabzg', 'rtrusty', 'lpeterus', 'ajplaymaker', 'bsyoder', 'xmzhang', 'terran010', 'pbayuart', 'nrrojas', 'taylorcl', 'spgreene', 'mhain', 'lmertes', 'nlabianc', 'tcollopy', 'czahner', 'aforkner', 'jgu', 'gbalmer', 'kelkwa11', 'zarastra', 'ormgi', 'chaines', 'millies', 'romanchd', 'somacroy', 'sundeepvem', 'sageorge', 'rkv0000', 'hsvasi', 'kdaiya', 'neudeck', 'sonicalflair', 'babaumga', 'jkalbfle', 'swethy', 'nchirla', 'mille177', 'judoma', 'zconvers', 'astacy', 'priyam', 'vinsma', 'lcowsert', 'wildkid256', 'ahermann', 'jaycrayz', 'acallawa', 'singapaul']"
2,61,181,123,100,"['longja', 'atruesde', 'gustaf89', 'tdjanoko', 'dergan', 'chermawi', 'rahoward', 'docdaa008', 'pranaynanda', 'mrhee', 'zeich', 'griffinm', 'wangyangboy', 'jidthekid', 'gutierjm', 'john3636', 'mtanoto', 'sbach', 'wizdh', 'dulmes', 'jostendo', 'jkurasz', 'fuzzy_maraca77', 'irony59', 'tmoffitt', 'werman691', 'wow676', 'asudibyo', 'spamilton1', 'joeblu', 'mwarsco', 'lpuglisi', 'kklacik', 'ftanjono', 'jskim', 'npanitch', 'mrmillz', 'hiddendecoy', 'pateldm', 'dsutherl', 'rsherloc', 'bsparson', 'seshaw', 'dube0', 'johns180', 'bdannan', 'kim130', 'zer0xxx', 'csrockerzero', 'Fisher', 'sstreete', 'akhilesh', 'gzarse', 'jones105', 'Jabzg', 'dmmitche', 'rtrusty', 'bsyoder', 'terran010', 'kim131', 'pbayuart', 'nrrojas', 'pmongkol', 'mhain', 'spgreene', 'nlabianc', 'chang61', 'tcollopy', 'czahner', 'dgrothe', 'jgu', 'kelkwa11', 'nmisiuna', 'jwetheri', 'mamitche', 'obernada', 'chaines', 'somacroy', 'arorar', 'sageorge', 'hsvasi', 'kdaiya', 'sonicalflair', 'han45', 'swethy', 'mtummala', 'brunner2112', 'nchirla', 'Zarastra', 'judoma', 'zconvers', 'astacy', 'vinsma', 'rparisi', 'lcowsert', 'ahermann', 'jaycrayz', 'dplamber', 'acallawa', 'singapaul']",81,"['jsommer', 'wehlhard', 'nanohueb', 'aashi', 'freedomjustice', 'smchaudh', 'bache', 'elric22', 'dtruax', 'bsarlitt', 'mickcrowley', 'gjross', 'ahartnet', 'kyangchul', 'danielac', 'Bache', 'ashayat', 'bmroozia', 'rachitbiyani', 'JoeBlu', 'jsterlin', 'bskorupa', 'dhum', 'dvanclev', 'jdickers', 'wnoh', 'anraj', 'sdidla', 'jtill04', 'parimal', 'mharger', 'apuri', 'alayi', 'stoneagelove', 'skovich', 'srettber', 'deetman', 'chadhag', 'dopkick', 'lai', 'jshahid', 'gshaw', 'cabault', 'et279', 'camyers', 'ttho', 'ebuysse', 'jgries', 'lpeterus', 'ajplaymaker', 'samkothari79', 'xmzhang', 'wang209', 'taylorcl', 'trs4ece', 'mdsnyder', 'lmertes', 'bashir', 'aforkner', 'gbalmer', 'jackfrost9p', 'zarastra', 'ormgi', 'zer0xXx', 'millies', 'romanchd', 'sprashan', 'ezarowny', 'sundeepvem', 'rkv0000', 'babaumga', 'nannachh', 'kbussmann', 'jkalbfle', 'spank_fusion', 'smith571', 'mille177', 'MurphyAKL', 'ajrobiso', 'kassovic', 'gpajot']",23,"['nutomo', 'mattsbai', 'jcromer', 'priyamtrivedi', 'plaird', 'aozero', 'stucky', 'pjyoti', 'garg', 'nee_a87', 'ongt', 'babauman', 'aashi21', 'gsinghal', 'fisher', 'wildkid256', 'jenkinsalexp', 'sumeetkumargupta', 'jcwirth', 'dmsnell', 'SonicalFlair', 'axavier', 'jcleong']",204,"['longja', 'jsommer', 'jcromer', 'wehlhard', 'atruesde', 'gustaf89', 'tdjanoko', 'dergan', 'chermawi', 'aashi', 'nanohueb', 'freedomjustice', 'rahoward', 'priyamtrivedi', 'smchaudh', 'aozero', 'docdaa008', 'pranaynanda', 'mrhee', 'zeich', 'elric22', 'bache', 'wangyangboy', 'griffinm', 'jidthekid', 'dtruax', 'bsarlitt', 'mickcrowley', 'gjross', 'gutierjm', 'john3636', 'mtanoto', 'ahartnet', 'kyangchul', 'sbach', 'wizdh', 'fisher', 'dulmes', 'danielac', 'Bache', 'ashayat', 'jostendo', 'bmroozia', 'sumeetkumargupta', 'rachitbiyani', 'jkurasz', 'fuzzy_maraca77', 'irony59', 'axavier', 'JoeBlu', 'jsterlin', 'tmoffitt', 'werman691', 'bskorupa', 'wow676', 'dhum', 'dvanclev', 'jdickers', 'wnoh', 'anraj', 'sdidla', 'jtill04', 'asudibyo', 'spamilton1', 'joeblu', 'mwarsco', 'lpuglisi', 'kklacik', 'ftanjono', 'parimal', 'mharger', 'jskim', 'npanitch', 'apuri', 'alayi', 'mrmillz', 'garg', 'hiddendecoy', 'stoneagelove', 'nee_a87', 'skovich', 'ongt', 'pateldm', 'dsutherl', 'rsherloc', 'srettber', 'bsparson', 'deetman', 'chadhag', 'seshaw', 'dube0', 'johns180', 'dopkick', 'bdannan', 'kim130', 'zer0xxx', 'csrockerzero', 'gsinghal', 'lai', 'jshahid', 'Fisher', 'cabault', 'et279', 'sstreete', 'gshaw', 'camyers', 'jcwirth', 'ttho', 'akhilesh', 'pjyoti', 'SonicalFlair', 'ebuysse', 'gzarse', 'jcleong', 'jones105', 'Jabzg', 'jgries', 'dmmitche', 'rtrusty', 'lpeterus', 'ajplaymaker', 'bsyoder', 'samkothari79', 'xmzhang', 'terran010', 'kim131', 'plaird', 'pbayuart', 'nrrojas', 'pmongkol', 'wang209', 'taylorcl', 'trs4ece', 'stucky', 'mdsnyder', 'spgreene', 'mhain', 'lmertes', 'nlabianc', 'tcollopy', 'chang61', 'czahner', 'bashir', 'aforkner', 'dgrothe', 'jgu', 'gbalmer', 'kelkwa11', 'nmisiuna', 'jwetheri', 'obernada', 'mamitche', 'jackfrost9p', 'zarastra', 'ormgi', 'zer0xXx', 'chaines', 'millies', 'romanchd', 'aashi21', 'sprashan', 'ezarowny', 'somacroy', 'sundeepvem', 'arorar', 'sageorge', 'nutomo', 'rkv0000', 'hsvasi', 'kdaiya', 'sonicalflair', 'babaumga', 'han45', 'nannachh', 'kbussmann', 'jkalbfle', 'swethy', 'spank_fusion', 'mtummala', 'brunner2112', 'smith571', 'nchirla', 'Zarastra', 'mille177', 'MurphyAKL', 'ajrobiso', 'judoma', 'zconvers', 'kassovic', 'babauman', 'astacy', 'vinsma', 'lcowsert', 'rparisi', 'wildkid256', 'jenkinsalexp', 'ahermann', 'jaycrayz', 'gpajot', 'dplamber', 'dmsnell', 'mattsbai', 'acallawa', 'singapaul']"
2,70,181,112,98,"['longja', 'wehlhard', 'atruesde', 'gustaf89', 'tdjanoko', 'chermawi', 'freedomjustice', 'rahoward', 'smchaudh', 'docdaa008', 'pranaynanda', 'wangyangboy', 'jidthekid', 'gutierjm', 'gjross', 'john3636', 'mtanoto', 'sbach', 'dulmes', 'Bache', 'jostendo', 'jkurasz', 'werman691', 'wow676', 'wnoh', 'anraj', 'jtill04', 'asudibyo', 'spamilton1', 'joeblu', 'mwarsco', 'kklacik', 'ftanjono', 'jskim', 'npanitch', 'mrmillz', 'hiddendecoy', 'pateldm', 'rsherloc', 'srettber', 'bsparson', 'seshaw', 'dube0', 'johns180', 'bdannan', 'kim130', 'gshaw', 'jshahid', 'Fisher', 'sstreete', 'ttho', 'akhilesh', 'gzarse', 'jones105', 'Jabzg', 'dmmitche', 'rtrusty', 'lpeterus', 'bsyoder', 'terran010', 'kim131', 'pbayuart', 'nrrojas', 'pmongkol', 'mhain', 'spgreene', 'nlabianc', 'chang61', 'czahner', 'dgrothe', 'jgu', 'kelkwa11', 'nmisiuna', 'jwetheri', 'obernada', 'zer0xXx', 'sprashan', 'arorar', 'hsvasi', 'kdaiya', 'babaumga', 'han45', 'swethy', 'mtummala', 'brunner2112', 'Zarastra', 'MurphyAKL', 'zconvers', 'kassovic', 'astacy', 'vinsma', 'rparisi', 'lcowsert', 'ahermann', 'jaycrayz', 'dplamber', 'acallawa', 'singapaul']",83,"['jsommer', 'nanohueb', 'dergan', 'aashi', 'mrhee', 'zeich', 'bache', 'elric22', 'griffinm', 'dtruax', 'bsarlitt', 'mickcrowley', 'ahartnet', 'kyangchul', 'wizdh', 'danielac', 'ashayat', 'bmroozia', 'rachitbiyani', 'fuzzy_maraca77', 'irony59', 'JoeBlu', 'jsterlin', 'tmoffitt', 'bskorupa', 'dhum', 'dvanclev', 'jdickers', 'sdidla', 'lpuglisi', 'parimal', 'mharger', 'apuri', 'alayi', 'stoneagelove', 'skovich', 'dsutherl', 'deetman', 'chadhag', 'dopkick', 'zer0xxx', 'csrockerzero', 'lai', 'cabault', 'et279', 'camyers', 'ebuysse', 'jgries', 'ajplaymaker', 'samkothari79', 'xmzhang', 'wang209', 'taylorcl', 'trs4ece', 'mdsnyder', 'lmertes', 'tcollopy', 'bashir', 'aforkner', 'gbalmer', 'mamitche', 'jackfrost9p', 'zarastra', 'ormgi', 'chaines', 'millies', 'romanchd', 'ezarowny', 'somacroy', 'sundeepvem', 'sageorge', 'rkv0000', 'sonicalflair', 'nannachh', 'kbussmann', 'jkalbfle', 'spank_fusion', 'smith571', 'nchirla', 'mille177', 'ajrobiso', 'judoma', 'gpajot']",14,"['justinsyk', 'mattsbai', 'wildkid256', 'rkv000', 'crosis', 'sagadi', 'nsapra', 'junghanlee', 'jcwirth', 'garg', 'pjyoti', 'lonestar', 'sen2904', 'smillies']",195,"['longja', 'jsommer', 'wehlhard', 'atruesde', 'gustaf89', 'tdjanoko', 'dergan', 'chermawi', 'aashi', 'nanohueb', 'freedomjustice', 'rahoward', 'smchaudh', 'docdaa008', 'pranaynanda', 'mrhee', 'zeich', 'elric22', 'bache', 'wangyangboy', 'griffinm', 'jidthekid', 'dtruax', 'bsarlitt', 'mickcrowley', 'gjross', 'gutierjm', 'john3636', 'mtanoto', 'ahartnet', 'kyangchul', 'sbach', 'wizdh', 'dulmes', 'danielac', 'Bache', 'ashayat', 'jostendo', 'bmroozia', 'rachitbiyani', 'jkurasz', 'fuzzy_maraca77', 'irony59', 'JoeBlu', 'jsterlin', 'tmoffitt', 'werman691', 'bskorupa', 'wow676', 'dhum', 'dvanclev', 'jdickers', 'wnoh', 'anraj', 'sdidla', 'jtill04', 'asudibyo', 'spamilton1', 'joeblu', 'mwarsco', 'lpuglisi', 'kklacik', 'ftanjono', 'parimal', 'mharger', 'jskim', 'npanitch', 'apuri', 'alayi', 'mrmillz', 'garg', 'hiddendecoy', 'stoneagelove', 'skovich', 'pateldm', 'dsutherl', 'rsherloc', 'srettber', 'bsparson', 'deetman', 'crosis', 'chadhag', 'seshaw', 'dube0', 'johns180', 'dopkick', 'bdannan', 'kim130', 'zer0xxx', 'csrockerzero', 'lai', 'jshahid', 'Fisher', 'cabault', 'et279', 'sstreete', 'gshaw', 'camyers', 'jcwirth', 'ttho', 'akhilesh', 'pjyoti', 'ebuysse', 'gzarse', 'jones105', 'Jabzg', 'jgries', 'dmmitche', 'rtrusty', 'lpeterus', 'nsapra', 'ajplaymaker', 'bsyoder', 'samkothari79', 'xmzhang', 'terran010', 'kim131', 'pbayuart', 'nrrojas', 'pmongkol', 'wang209', 'taylorcl', 'trs4ece', 'mdsnyder', 'spgreene', 'mhain', 'lmertes', 'nlabianc', 'tcollopy', 'chang61', 'czahner', 'bashir', 'aforkner', 'dgrothe', 'jgu', 'gbalmer', 'sagadi', 'kelkwa11', 'nmisiuna', 'jwetheri', 'obernada', 'mamitche', 'jackfrost9p', 'zarastra', 'ormgi', 'zer0xXx', 'chaines', 'millies', 'romanchd', 'sprashan', 'rkv000', 'ezarowny', 'somacroy', 'sundeepvem', 'arorar', 'sageorge', 'rkv0000', 'hsvasi', 'kdaiya', 'sonicalflair', 'babaumga', 'han45', 'nannachh', 'kbussmann', 'jkalbfle', 'swethy', 'spank_fusion', 'mtummala', 'brunner2112', 'smith571', 'nchirla', 'Zarastra', 'mille177', 'junghanlee', 'lonestar', 'MurphyAKL', 'sen2904', 'smillies', 'ajrobiso', 'justinsyk', 'judoma', 'zconvers', 'kassovic', 'astacy', 'vinsma', 'lcowsert', 'rparisi', 'wildkid256', 'ahermann', 'jaycrayz', 'gpajot', 'dplamber', 'mattsbai', 'acallawa', 'singapaul']"
2,66,181,68,64,"['werman691', 'Jabzg', 'hsvasi', 'wow676', 'kdaiya', 'dvanclev', 'rtrusty', 'lpeterus', 'acallawa', 'jtill04', 'atruesde', 'gustaf89', 'sonicalflair', 'tdjanoko', 'chermawi', 'babaumga', 'dergan', 'rahoward', 'spamilton1', 'terran010', 'pbayuart', 'nrrojas', 'pmongkol', 'lpuglisi', 'kklacik', 'ftanjono', 'docdaa008', 'swethy', 'pranaynanda', 'jskim', 'brunner2112', 'nchirla', 'nlabianc', 'mrmillz', 'tcollopy', 'aforkner', 'wangyangboy', 'jgu', 'rsherloc', 'gbalmer', 'gutierjm', 'kelkwa11', 'jwetheri', 'obernada', 'kassovic', 'johns180', 'zer0xXx', 'dube0', 'bdannan', 'astacy', 'gshaw', 'Fisher', 'sprashan', 'et279', 'sstreete', 'dulmes', 'jaycrayz', 'jostendo', 'dplamber', 'arorar', 'irony59', 'akhilesh', 'jsterlin', 'gzarse']",117,"['longja', 'jsommer', 'wehlhard', 'nanohueb', 'aashi', 'freedomjustice', 'smchaudh', 'mrhee', 'zeich', 'bache', 'elric22', 'griffinm', 'jidthekid', 'dtruax', 'bsarlitt', 'mickcrowley', 'gjross', 'john3636', 'mtanoto', 'ahartnet', 'kyangchul', 'sbach', 'wizdh', 'danielac', 'Bache', 'ashayat', 'bmroozia', 'rachitbiyani', 'jkurasz', 'fuzzy_maraca77', 'JoeBlu', 'tmoffitt', 'bskorupa', 'dhum', 'jdickers', 'wnoh', 'anraj', 'sdidla', 'asudibyo', 'joeblu', 'mwarsco', 'parimal', 'mharger', 'npanitch', 'apuri', 'alayi', 'hiddendecoy', 'stoneagelove', 'skovich', 'pateldm', 'dsutherl', 'srettber', 'bsparson', 'deetman', 'chadhag', 'seshaw', 'dopkick', 'kim130', 'zer0xxx', 'csrockerzero', 'lai', 'jshahid', 'cabault', 'camyers', 'ttho', 'ebuysse', 'jones105', 'jgries', 'dmmitche', 'ajplaymaker', 'bsyoder', 'samkothari79', 'xmzhang', 'kim131', 'wang209', 'taylorcl', 'trs4ece', 'mdsnyder', 'spgreene', 'mhain', 'lmertes', 'chang61', 'czahner', 'bashir', 'dgrothe', 'mamitche', 'nmisiuna', 'jackfrost9p', 'zarastra', 'ormgi', 'chaines', 'millies', 'romanchd', 'ezarowny', 'somacroy', 'sundeepvem', 'sageorge', 'rkv0000', 'han45', 'nannachh', 'kbussmann', 'jkalbfle', 'spank_fusion', 'mtummala', 'smith571', 'Zarastra', 'mille177', 'MurphyAKL', 'ajrobiso', 'judoma', 'zconvers', 'vinsma', 'lcowsert', 'rparisi', 'ahermann', 'gpajot', 'singapaul']",4,"['jcwirth', 'dmsnell', 'gsinghal', 'mattsbai']",185,"['longja', 'jsommer', 'wehlhard', 'atruesde', 'gustaf89', 'tdjanoko', 'dergan', 'chermawi', 'aashi', 'nanohueb', 'freedomjustice', 'rahoward', 'smchaudh', 'docdaa008', 'pranaynanda', 'mrhee', 'zeich', 'elric22', 'bache', 'wangyangboy', 'griffinm', 'jidthekid', 'dtruax', 'bsarlitt', 'mickcrowley', 'gjross', 'gutierjm', 'john3636', 'mtanoto', 'ahartnet', 'kyangchul', 'sbach', 'wizdh', 'dulmes', 'danielac', 'Bache', 'ashayat', 'jostendo', 'bmroozia', 'rachitbiyani', 'jkurasz', 'fuzzy_maraca77', 'irony59', 'JoeBlu', 'jsterlin', 'tmoffitt', 'werman691', 'bskorupa', 'wow676', 'dhum', 'dvanclev', 'jdickers', 'wnoh', 'anraj', 'sdidla', 'jtill04', 'asudibyo', 'spamilton1', 'joeblu', 'mwarsco', 'lpuglisi', 'kklacik', 'ftanjono', 'parimal', 'mharger', 'jskim', 'npanitch', 'apuri', 'alayi', 'mrmillz', 'hiddendecoy', 'stoneagelove', 'skovich', 'pateldm', 'dsutherl', 'rsherloc', 'srettber', 'bsparson', 'deetman', 'chadhag', 'seshaw', 'dube0', 'johns180', 'dopkick', 'bdannan', 'kim130', 'zer0xxx', 'csrockerzero', 'gsinghal', 'lai', 'jshahid', 'Fisher', 'cabault', 'et279', 'sstreete', 'gshaw', 'camyers', 'jcwirth', 'ttho', 'akhilesh', 'ebuysse', 'gzarse', 'jones105', 'Jabzg', 'jgries', 'dmmitche', 'rtrusty', 'lpeterus', 'ajplaymaker', 'bsyoder', 'samkothari79', 'xmzhang', 'terran010', 'kim131', 'pbayuart', 'nrrojas', 'pmongkol', 'wang209', 'taylorcl', 'trs4ece', 'mdsnyder', 'spgreene', 'mhain', 'lmertes', 'nlabianc', 'tcollopy', 'chang61', 'czahner', 'bashir', 'aforkner', 'dgrothe', 'jgu', 'gbalmer', 'kelkwa11', 'nmisiuna', 'jwetheri', 'obernada', 'mamitche', 'jackfrost9p', 'zarastra', 'ormgi', 'zer0xXx', 'chaines', 'millies', 'romanchd', 'sprashan', 'ezarowny', 'somacroy', 'sundeepvem', 'arorar', 'sageorge', 'rkv0000', 'hsvasi', 'kdaiya', 'sonicalflair', 'babaumga', 'han45', 'nannachh', 'kbussmann', 'jkalbfle', 'swethy', 'spank_fusion', 'mtummala', 'brunner2112', 'smith571', 'nchirla', 'Zarastra', 'mille177', 'MurphyAKL', 'ajrobiso', 'judoma', 'zconvers', 'kassovic', 'astacy', 'vinsma', 'lcowsert', 'rparisi', 'ahermann', 'jaycrayz', 'gpajot', 'dplamber', 'dmsnell', 'mattsbai', 'acallawa', 'singapaul']"
2,60,181,30,26,"['tmoffitt', 'kdaiya', 'dmmitche', 'gustaf89', 'chermawi', 'rahoward', 'terran010', 'pbayuart', 'pmongkol', 'smchaudh', 'kklacik', 'ftanjono', 'docdaa008', 'mharger', 'spgreene', 'tcollopy', 'griffinm', 'nmisiuna', 'zarastra', 'singapaul', 'kassovic', 'johns180', 'astacy', 'jkurasz', 'JoeBlu', 'ebuysse']",155,"['longja', 'jsommer', 'wehlhard', 'atruesde', 'tdjanoko', 'dergan', 'aashi', 'nanohueb', 'freedomjustice', 'pranaynanda', 'mrhee', 'zeich', 'elric22', 'bache', 'wangyangboy', 'jidthekid', 'dtruax', 'bsarlitt', 'mickcrowley', 'gjross', 'gutierjm', 'john3636', 'mtanoto', 'ahartnet', 'kyangchul', 'sbach', 'wizdh', 'dulmes', 'danielac', 'Bache', 'ashayat', 'jostendo', 'bmroozia', 'rachitbiyani', 'fuzzy_maraca77', 'irony59', 'jsterlin', 'werman691', 'bskorupa', 'wow676', 'dhum', 'dvanclev', 'jdickers', 'wnoh', 'anraj', 'sdidla', 'jtill04', 'asudibyo', 'spamilton1', 'joeblu', 'mwarsco', 'lpuglisi', 'parimal', 'jskim', 'npanitch', 'apuri', 'alayi', 'mrmillz', 'hiddendecoy', 'stoneagelove', 'skovich', 'pateldm', 'dsutherl', 'rsherloc', 'srettber', 'bsparson', 'deetman', 'chadhag', 'seshaw', 'dube0', 'dopkick', 'bdannan', 'kim130', 'zer0xxx', 'csrockerzero', 'lai', 'jshahid', 'Fisher', 'cabault', 'et279', 'sstreete', 'gshaw', 'camyers', 'ttho', 'akhilesh', 'gzarse', 'jones105', 'Jabzg', 'jgries', 'rtrusty', 'lpeterus', 'ajplaymaker', 'bsyoder', 'samkothari79', 'xmzhang', 'kim131', 'nrrojas', 'wang209', 'taylorcl', 'trs4ece', 'mdsnyder', 'mhain', 'lmertes', 'nlabianc', 'chang61', 'czahner', 'bashir', 'aforkner', 'dgrothe', 'jgu', 'gbalmer', 'kelkwa11', 'jwetheri', 'obernada', 'mamitche', 'jackfrost9p', 'ormgi', 'zer0xXx', 'chaines', 'millies', 'romanchd', 'sprashan', 'ezarowny', 'somacroy', 'sundeepvem', 'arorar', 'sageorge', 'rkv0000', 'hsvasi', 'sonicalflair', 'babaumga', 'han45', 'nannachh', 'kbussmann', 'jkalbfle', 'swethy', 'spank_fusion', 'mtummala', 'brunner2112', 'smith571', 'nchirla', 'Zarastra', 'mille177', 'MurphyAKL', 'ajrobiso', 'judoma', 'zconvers', 'vinsma', 'lcowsert', 'rparisi', 'ahermann', 'jaycrayz', 'gpajot', 'dplamber', 'acallawa']",4,"['vivihaha', 'dmsnell', 'ongt', 'sumeetkumargupta']",185,"['longja', 'jsommer', 'wehlhard', 'atruesde', 'gustaf89', 'tdjanoko', 'dergan', 'chermawi', 'aashi', 'nanohueb', 'freedomjustice', 'rahoward', 'smchaudh', 'docdaa008', 'pranaynanda', 'mrhee', 'zeich', 'elric22', 'bache', 'wangyangboy', 'griffinm', 'jidthekid', 'dtruax', 'bsarlitt', 'mickcrowley', 'gjross', 'gutierjm', 'john3636', 'mtanoto', 'ahartnet', 'kyangchul', 'sbach', 'wizdh', 'dulmes', 'danielac', 'Bache', 'ashayat', 'jostendo', 'bmroozia', 'sumeetkumargupta', 'rachitbiyani', 'jkurasz', 'fuzzy_maraca77', 'vivihaha', 'irony59', 'JoeBlu', 'jsterlin', 'tmoffitt', 'werman691', 'bskorupa', 'wow676', 'dhum', 'dvanclev', 'jdickers', 'wnoh', 'anraj', 'sdidla', 'jtill04', 'asudibyo', 'spamilton1', 'joeblu', 'mwarsco', 'lpuglisi', 'kklacik', 'ftanjono', 'parimal', 'mharger', 'jskim', 'npanitch', 'apuri', 'alayi', 'mrmillz', 'hiddendecoy', 'stoneagelove', 'skovich', 'ongt', 'pateldm', 'dsutherl', 'rsherloc', 'srettber', 'bsparson', 'deetman', 'chadhag', 'seshaw', 'dube0', 'johns180', 'dopkick', 'bdannan', 'kim130', 'zer0xxx', 'csrockerzero', 'lai', 'jshahid', 'Fisher', 'cabault', 'et279', 'sstreete', 'gshaw', 'camyers', 'ttho', 'akhilesh', 'ebuysse', 'gzarse', 'jones105', 'Jabzg', 'jgries', 'dmmitche', 'rtrusty', 'lpeterus', 'ajplaymaker', 'bsyoder', 'samkothari79', 'xmzhang', 'terran010', 'kim131', 'pbayuart', 'nrrojas', 'pmongkol', 'wang209', 'taylorcl', 'trs4ece', 'mdsnyder', 'spgreene', 'mhain', 'lmertes', 'nlabianc', 'tcollopy', 'chang61', 'czahner', 'bashir', 'aforkner', 'dgrothe', 'jgu', 'gbalmer', 'kelkwa11', 'nmisiuna', 'jwetheri', 'obernada', 'mamitche', 'jackfrost9p', 'zarastra', 'ormgi', 'zer0xXx', 'chaines', 'millies', 'romanchd', 'sprashan', 'ezarowny', 'somacroy', 'sundeepvem', 'arorar', 'sageorge', 'rkv0000', 'hsvasi', 'kdaiya', 'sonicalflair', 'babaumga', 'han45', 'nannachh', 'kbussmann', 'jkalbfle', 'swethy', 'spank_fusion', 'mtummala', 'brunner2112', 'smith571', 'nchirla', 'Zarastra', 'mille177', 'MurphyAKL', 'ajrobiso', 'judoma', 'zconvers', 'kassovic', 'astacy', 'vinsma', 'lcowsert', 'rparisi', 'ahermann', 'jaycrayz', 'gpajot', 'dplamber', 'dmsnell', 'acallawa', 'singapaul']"
2,56,181,21,21,"['kdaiya', 'dvanclev', 'sdidla', 'dergan', 'babaumga', 'pmongkol', 'trs4ece', 'spank_fusion', 'mamitche', 'kassovic', 'kim130', 'astacy', 'wizdh', 'jshahid', 'et279', 'ezarowny', 'somacroy', 'jkurasz', 'arorar', 'JoeBlu', 'ebuysse']",160,"['longja', 'jsommer', 'wehlhard', 'atruesde', 'gustaf89', 'tdjanoko', 'chermawi', 'aashi', 'nanohueb', 'freedomjustice', 'rahoward', 'smchaudh', 'docdaa008', 'pranaynanda', 'mrhee', 'zeich', 'elric22', 'bache', 'wangyangboy', 'griffinm', 'jidthekid', 'dtruax', 'bsarlitt', 'mickcrowley', 'gjross', 'gutierjm', 'john3636', 'mtanoto', 'ahartnet', 'kyangchul', 'sbach', 'dulmes', 'danielac', 'Bache', 'ashayat', 'jostendo', 'bmroozia', 'rachitbiyani', 'fuzzy_maraca77', 'irony59', 'jsterlin', 'tmoffitt', 'werman691', 'bskorupa', 'wow676', 'dhum', 'jdickers', 'wnoh', 'anraj', 'jtill04', 'asudibyo', 'spamilton1', 'joeblu', 'mwarsco', 'lpuglisi', 'kklacik', 'ftanjono', 'parimal', 'mharger', 'jskim', 'npanitch', 'apuri', 'alayi', 'mrmillz', 'hiddendecoy', 'stoneagelove', 'skovich', 'pateldm', 'dsutherl', 'rsherloc', 'srettber', 'bsparson', 'deetman', 'chadhag', 'seshaw', 'dube0', 'johns180', 'dopkick', 'bdannan', 'zer0xxx', 'csrockerzero', 'lai', 'Fisher', 'cabault', 'sstreete', 'gshaw', 'camyers', 'ttho', 'akhilesh', 'gzarse', 'jones105', 'Jabzg', 'jgries', 'dmmitche', 'rtrusty', 'lpeterus', 'ajplaymaker', 'bsyoder', 'samkothari79', 'xmzhang', 'terran010', 'kim131', 'pbayuart', 'nrrojas', 'wang209', 'taylorcl', 'mdsnyder', 'spgreene', 'mhain', 'lmertes', 'nlabianc', 'tcollopy', 'chang61', 'czahner', 'bashir', 'aforkner', 'dgrothe', 'jgu', 'gbalmer', 'kelkwa11', 'nmisiuna', 'jwetheri', 'obernada', 'jackfrost9p', 'zarastra', 'ormgi', 'zer0xXx', 'chaines', 'millies', 'romanchd', 'sprashan', 'sundeepvem', 'sageorge', 'rkv0000', 'hsvasi', 'sonicalflair', 'han45', 'nannachh', 'kbussmann', 'jkalbfle', 'swethy', 'mtummala', 'brunner2112', 'smith571', 'nchirla', 'Zarastra', 'mille177', 'MurphyAKL', 'ajrobiso', 'judoma', 'zconvers', 'vinsma', 'lcowsert', 'rparisi', 'ahermann', 'jaycrayz', 'gpajot', 'dplamber', 'acallawa', 'singapaul']",0,[],181,"['longja', 'jsommer', 'wehlhard', 'atruesde', 'gustaf89', 'tdjanoko', 'dergan', 'chermawi', 'aashi', 'nanohueb', 'freedomjustice', 'rahoward', 'smchaudh', 'docdaa008', 'pranaynanda', 'mrhee', 'zeich', 'elric22', 'bache', 'wangyangboy', 'griffinm', 'jidthekid', 'dtruax', 'bsarlitt', 'mickcrowley', 'gjross', 'gutierjm', 'john3636', 'mtanoto', 'ahartnet', 'kyangchul', 'sbach', 'wizdh', 'dulmes', 'danielac', 'Bache', 'ashayat', 'jostendo', 'bmroozia', 'rachitbiyani', 'jkurasz', 'fuzzy_maraca77', 'irony59', 'JoeBlu', 'jsterlin', 'tmoffitt', 'werman691', 'bskorupa', 'wow676', 'dhum', 'dvanclev', 'jdickers', 'wnoh', 'anraj', 'sdidla', 'jtill04', 'asudibyo', 'spamilton1', 'joeblu', 'mwarsco', 'lpuglisi', 'kklacik', 'ftanjono', 'parimal', 'mharger', 'jskim', 'npanitch', 'apuri', 'alayi', 'mrmillz', 'hiddendecoy', 'stoneagelove', 'skovich', 'pateldm', 'dsutherl', 'rsherloc', 'srettber', 'bsparson', 'deetman', 'chadhag', 'seshaw', 'dube0', 'johns180', 'dopkick', 'bdannan', 'kim130', 'zer0xxx', 'csrockerzero', 'lai', 'jshahid', 'Fisher', 'cabault', 'et279', 'sstreete', 'gshaw', 'camyers', 'ttho', 'akhilesh', 'ebuysse', 'gzarse', 'jones105', 'Jabzg', 'jgries', 'dmmitche', 'rtrusty', 'lpeterus', 'ajplaymaker', 'bsyoder', 'samkothari79', 'xmzhang', 'terran010', 'kim131', 'pbayuart', 'nrrojas', 'pmongkol', 'wang209', 'taylorcl', 'trs4ece', 'mdsnyder', 'spgreene', 'mhain', 'lmertes', 'nlabianc', 'tcollopy', 'chang61', 'czahner', 'bashir', 'aforkner', 'dgrothe', 'jgu', 'gbalmer', 'kelkwa11', 'nmisiuna', 'jwetheri', 'obernada', 'mamitche', 'jackfrost9p', 'zarastra', 'ormgi', 'zer0xXx', 'chaines', 'millies', 'romanchd', 'sprashan', 'ezarowny', 'somacroy', 'sundeepvem', 'arorar', 'sageorge', 'rkv0000', 'hsvasi', 'kdaiya', 'sonicalflair', 'babaumga', 'han45', 'nannachh', 'kbussmann', 'jkalbfle', 'swethy', 'spank_fusion', 'mtummala', 'brunner2112', 'smith571', 'nchirla', 'Zarastra', 'mille177', 'MurphyAKL', 'ajrobiso', 'judoma', 'zconvers', 'kassovic', 'astacy', 'vinsma', 'lcowsert', 'rparisi', 'ahermann', 'jaycrayz', 'gpajot', 'dplamber', 'acallawa', 'singapaul']"
2,57,181,13,10,"['jkalbfle', 'dhum', 'jdickers', 'nmisiuna', 'ahermann', 'jtill04', 'smith571', 'ajplaymaker', 'dopkick', 'lcowsert']",171,"['longja', 'jsommer', 'wehlhard', 'atruesde', 'gustaf89', 'tdjanoko', 'dergan', 'chermawi', 'aashi', 'nanohueb', 'freedomjustice', 'rahoward', 'smchaudh', 'docdaa008', 'pranaynanda', 'mrhee', 'zeich', 'elric22', 'bache', 'wangyangboy', 'griffinm', 'jidthekid', 'dtruax', 'bsarlitt', 'mickcrowley', 'gjross', 'gutierjm', 'john3636', 'mtanoto', 'ahartnet', 'kyangchul', 'sbach', 'wizdh', 'dulmes', 'danielac', 'Bache', 'ashayat', 'jostendo', 'bmroozia', 'rachitbiyani', 'jkurasz', 'fuzzy_maraca77', 'irony59', 'JoeBlu', 'jsterlin', 'tmoffitt', 'werman691', 'bskorupa', 'wow676', 'dvanclev', 'wnoh', 'anraj', 'sdidla', 'asudibyo', 'spamilton1', 'joeblu', 'mwarsco', 'lpuglisi', 'kklacik', 'ftanjono', 'parimal', 'mharger', 'jskim', 'npanitch', 'apuri', 'alayi', 'mrmillz', 'hiddendecoy', 'stoneagelove', 'skovich', 'pateldm', 'dsutherl', 'rsherloc', 'srettber', 'bsparson', 'deetman', 'chadhag', 'seshaw', 'dube0', 'johns180', 'bdannan', 'kim130', 'zer0xxx', 'csrockerzero', 'lai', 'jshahid', 'Fisher', 'cabault', 'et279', 'sstreete', 'gshaw', 'camyers', 'ttho', 'akhilesh', 'ebuysse', 'gzarse', 'jones105', 'Jabzg', 'jgries', 'dmmitche', 'rtrusty', 'lpeterus', 'bsyoder', 'samkothari79', 'xmzhang', 'terran010', 'kim131', 'pbayuart', 'nrrojas', 'pmongkol', 'wang209', 'taylorcl', 'trs4ece', 'mdsnyder', 'spgreene', 'mhain', 'lmertes', 'nlabianc', 'tcollopy', 'chang61', 'czahner', 'bashir', 'aforkner', 'dgrothe', 'jgu', 'gbalmer', 'kelkwa11', 'jwetheri', 'obernada', 'mamitche', 'jackfrost9p', 'zarastra', 'ormgi', 'zer0xXx', 'chaines', 'millies', 'romanchd', 'sprashan', 'ezarowny', 'somacroy', 'sundeepvem', 'arorar', 'sageorge', 'rkv0000', 'hsvasi', 'kdaiya', 'sonicalflair', 'babaumga', 'han45', 'nannachh', 'kbussmann', 'swethy', 'spank_fusion', 'mtummala', 'brunner2112', 'nchirla', 'Zarastra', 'mille177', 'MurphyAKL', 'ajrobiso', 'judoma', 'zconvers', 'kassovic', 'astacy', 'vinsma', 'rparisi', 'jaycrayz', 'gpajot', 'dplamber', 'acallawa', 'singapaul']",3,"['mswallow', 'dmsnell', 'neudeck']",184,"['longja', 'jsommer', 'wehlhard', 'atruesde', 'gustaf89', 'tdjanoko', 'dergan', 'chermawi', 'aashi', 'nanohueb', 'freedomjustice', 'rahoward', 'smchaudh', 'docdaa008', 'pranaynanda', 'mrhee', 'zeich', 'elric22', 'bache', 'wangyangboy', 'griffinm', 'jidthekid', 'dtruax', 'bsarlitt', 'mickcrowley', 'gjross', 'gutierjm', 'john3636', 'mtanoto', 'ahartnet', 'kyangchul', 'sbach', 'wizdh', 'dulmes', 'danielac', 'Bache', 'ashayat', 'jostendo', 'bmroozia', 'rachitbiyani', 'jkurasz', 'fuzzy_maraca77', 'irony59', 'JoeBlu', 'jsterlin', 'tmoffitt', 'werman691', 'bskorupa', 'wow676', 'dhum', 'dvanclev', 'jdickers', 'wnoh', 'anraj', 'sdidla', 'jtill04', 'mswallow', 'asudibyo', 'spamilton1', 'joeblu', 'mwarsco', 'lpuglisi', 'kklacik', 'ftanjono', 'parimal', 'mharger', 'jskim', 'npanitch', 'apuri', 'alayi', 'mrmillz', 'hiddendecoy', 'stoneagelove', 'skovich', 'pateldm', 'dsutherl', 'rsherloc', 'srettber', 'bsparson', 'deetman', 'chadhag', 'seshaw', 'dube0', 'johns180', 'dopkick', 'bdannan', 'kim130', 'zer0xxx', 'csrockerzero', 'lai', 'jshahid', 'Fisher', 'cabault', 'et279', 'sstreete', 'gshaw', 'camyers', 'ttho', 'akhilesh', 'ebuysse', 'gzarse', 'jones105', 'Jabzg', 'jgries', 'dmmitche', 'rtrusty', 'lpeterus', 'ajplaymaker', 'bsyoder', 'samkothari79', 'xmzhang', 'terran010', 'kim131', 'pbayuart', 'nrrojas', 'pmongkol', 'wang209', 'taylorcl', 'trs4ece', 'mdsnyder', 'spgreene', 'mhain', 'lmertes', 'nlabianc', 'tcollopy', 'chang61', 'czahner', 'bashir', 'aforkner', 'dgrothe', 'jgu', 'gbalmer', 'kelkwa11', 'nmisiuna', 'jwetheri', 'obernada', 'mamitche', 'jackfrost9p', 'zarastra', 'ormgi', 'zer0xXx', 'chaines', 'millies', 'romanchd', 'sprashan', 'ezarowny', 'somacroy', 'sundeepvem', 'arorar', 'sageorge', 'rkv0000', 'hsvasi', 'kdaiya', 'neudeck', 'sonicalflair', 'babaumga', 'han45', 'nannachh', 'kbussmann', 'jkalbfle', 'swethy', 'spank_fusion', 'mtummala', 'brunner2112', 'smith571', 'nchirla', 'Zarastra', 'mille177', 'MurphyAKL', 'ajrobiso', 'judoma', 'zconvers', 'kassovic', 'astacy', 'vinsma', 'lcowsert', 'rparisi', 'ahermann', 'jaycrayz', 'gpajot', 'dplamber', 'dmsnell', 'acallawa', 'singapaul']"
2,65,181,13,12,"['ajrobiso', 'jsommer', 'gbalmer', 'ftanjono', 'camyers', 'bsparson', 'sageorge', 'somacroy', 'spamilton1', 'MurphyAKL', 'romanchd', 'ebuysse']",169,"['longja', 'wehlhard', 'atruesde', 'gustaf89', 'tdjanoko', 'dergan', 'chermawi', 'aashi', 'nanohueb', 'freedomjustice', 'rahoward', 'smchaudh', 'docdaa008', 'pranaynanda', 'mrhee', 'zeich', 'elric22', 'bache', 'wangyangboy', 'griffinm', 'jidthekid', 'dtruax', 'bsarlitt', 'mickcrowley', 'gjross', 'gutierjm', 'john3636', 'mtanoto', 'ahartnet', 'kyangchul', 'sbach', 'wizdh', 'dulmes', 'danielac', 'Bache', 'ashayat', 'jostendo', 'bmroozia', 'rachitbiyani', 'jkurasz', 'fuzzy_maraca77', 'irony59', 'JoeBlu', 'jsterlin', 'tmoffitt', 'werman691', 'bskorupa', 'wow676', 'dhum', 'dvanclev', 'jdickers', 'wnoh', 'anraj', 'sdidla', 'jtill04', 'asudibyo', 'joeblu', 'mwarsco', 'lpuglisi', 'kklacik', 'parimal', 'mharger', 'jskim', 'npanitch', 'apuri', 'alayi', 'mrmillz', 'hiddendecoy', 'stoneagelove', 'skovich', 'pateldm', 'dsutherl', 'rsherloc', 'srettber', 'deetman', 'chadhag', 'seshaw', 'dube0', 'johns180', 'dopkick', 'bdannan', 'kim130', 'zer0xxx', 'csrockerzero', 'lai', 'jshahid', 'Fisher', 'cabault', 'et279', 'sstreete', 'gshaw', 'ttho', 'akhilesh', 'gzarse', 'jones105', 'Jabzg', 'jgries', 'dmmitche', 'rtrusty', 'lpeterus', 'ajplaymaker', 'bsyoder', 'samkothari79', 'xmzhang', 'terran010', 'kim131', 'pbayuart', 'nrrojas', 'pmongkol', 'wang209', 'taylorcl', 'trs4ece', 'mdsnyder', 'spgreene', 'mhain', 'lmertes', 'nlabianc', 'tcollopy', 'chang61', 'czahner', 'bashir', 'aforkner', 'dgrothe', 'jgu', 'kelkwa11', 'nmisiuna', 'jwetheri', 'obernada', 'mamitche', 'jackfrost9p', 'zarastra', 'ormgi', 'zer0xXx', 'chaines', 'millies', 'sprashan', 'ezarowny', 'sundeepvem', 'arorar', 'rkv0000', 'hsvasi', 'kdaiya', 'sonicalflair', 'babaumga', 'han45', 'nannachh', 'kbussmann', 'jkalbfle', 'swethy', 'spank_fusion', 'mtummala', 'brunner2112', 'smith571', 'nchirla', 'Zarastra', 'mille177', 'judoma', 'zconvers', 'kassovic', 'astacy', 'vinsma', 'lcowsert', 'rparisi', 'ahermann', 'jaycrayz', 'gpajot', 'dplamber', 'acallawa', 'singapaul']",1,['acgautam'],182,"['longja', 'jsommer', 'wehlhard', 'atruesde', 'gustaf89', 'tdjanoko', 'dergan', 'chermawi', 'aashi', 'nanohueb', 'freedomjustice', 'rahoward', 'smchaudh', 'docdaa008', 'pranaynanda', 'mrhee', 'zeich', 'elric22', 'bache', 'wangyangboy', 'griffinm', 'jidthekid', 'dtruax', 'bsarlitt', 'mickcrowley', 'gjross', 'gutierjm', 'john3636', 'mtanoto', 'ahartnet', 'kyangchul', 'sbach', 'wizdh', 'dulmes', 'danielac', 'Bache', 'ashayat', 'jostendo', 'bmroozia', 'rachitbiyani', 'jkurasz', 'fuzzy_maraca77', 'irony59', 'JoeBlu', 'jsterlin', 'tmoffitt', 'werman691', 'bskorupa', 'wow676', 'dhum', 'dvanclev', 'jdickers', 'wnoh', 'anraj', 'sdidla', 'jtill04', 'asudibyo', 'spamilton1', 'joeblu', 'mwarsco', 'lpuglisi', 'kklacik', 'ftanjono', 'parimal', 'mharger', 'jskim', 'npanitch', 'apuri', 'alayi', 'mrmillz', 'hiddendecoy', 'stoneagelove', 'skovich', 'pateldm', 'dsutherl', 'rsherloc', 'srettber', 'bsparson', 'deetman', 'chadhag', 'seshaw', 'dube0', 'johns180', 'dopkick', 'bdannan', 'kim130', 'zer0xxx', 'csrockerzero', 'lai', 'jshahid', 'Fisher', 'cabault', 'et279', 'sstreete', 'gshaw', 'camyers', 'ttho', 'akhilesh', 'ebuysse', 'gzarse', 'jones105', 'Jabzg', 'jgries', 'dmmitche', 'rtrusty', 'lpeterus', 'ajplaymaker', 'bsyoder', 'samkothari79', 'xmzhang', 'terran010', 'kim131', 'pbayuart', 'nrrojas', 'pmongkol', 'wang209', 'taylorcl', 'trs4ece', 'mdsnyder', 'spgreene', 'mhain', 'lmertes', 'nlabianc', 'acgautam', 'tcollopy', 'chang61', 'czahner', 'bashir', 'aforkner', 'dgrothe', 'jgu', 'gbalmer', 'kelkwa11', 'nmisiuna', 'jwetheri', 'obernada', 'mamitche', 'jackfrost9p', 'zarastra', 'ormgi', 'zer0xXx', 'chaines', 'millies', 'romanchd', 'sprashan', 'ezarowny', 'somacroy', 'sundeepvem', 'arorar', 'sageorge', 'rkv0000', 'hsvasi', 'kdaiya', 'sonicalflair', 'babaumga', 'han45', 'nannachh', 'kbussmann', 'jkalbfle', 'swethy', 'spank_fusion', 'mtummala', 'brunner2112', 'smith571', 'nchirla', 'Zarastra', 'mille177', 'MurphyAKL', 'ajrobiso', 'judoma', 'zconvers', 'kassovic', 'astacy', 'vinsma', 'lcowsert', 'rparisi', 'ahermann', 'jaycrayz', 'gpajot', 'dplamber', 'acallawa', 'singapaul']"
2,71,181,13,10,"['et279', 'mamitche', 'sonicalflair', 'dergan', 'somacroy', 'chermawi', 'jkurasz', 'aforkner', 'ebuysse', 'wizdh']",171,"['longja', 'jsommer', 'wehlhard', 'atruesde', 'gustaf89', 'tdjanoko', 'aashi', 'nanohueb', 'freedomjustice', 'rahoward', 'smchaudh', 'docdaa008', 'pranaynanda', 'mrhee', 'zeich', 'elric22', 'bache', 'wangyangboy', 'griffinm', 'jidthekid', 'dtruax', 'bsarlitt', 'mickcrowley', 'gjross', 'gutierjm', 'john3636', 'mtanoto', 'ahartnet', 'kyangchul', 'sbach', 'dulmes', 'danielac', 'Bache', 'ashayat', 'jostendo', 'bmroozia', 'rachitbiyani', 'fuzzy_maraca77', 'irony59', 'JoeBlu', 'jsterlin', 'tmoffitt', 'werman691', 'bskorupa', 'wow676', 'dhum', 'dvanclev', 'jdickers', 'wnoh', 'anraj', 'sdidla', 'jtill04', 'asudibyo', 'spamilton1', 'joeblu', 'mwarsco', 'lpuglisi', 'kklacik', 'ftanjono', 'parimal', 'mharger', 'jskim', 'npanitch', 'apuri', 'alayi', 'mrmillz', 'hiddendecoy', 'stoneagelove', 'skovich', 'pateldm', 'dsutherl', 'rsherloc', 'srettber', 'bsparson', 'deetman', 'chadhag', 'seshaw', 'dube0', 'johns180', 'dopkick', 'bdannan', 'kim130', 'zer0xxx', 'csrockerzero', 'lai', 'jshahid', 'Fisher', 'cabault', 'sstreete', 'gshaw', 'camyers', 'ttho', 'akhilesh', 'gzarse', 'jones105', 'Jabzg', 'jgries', 'dmmitche', 'rtrusty', 'lpeterus', 'ajplaymaker', 'bsyoder', 'samkothari79', 'xmzhang', 'terran010', 'kim131', 'pbayuart', 'nrrojas', 'pmongkol', 'wang209', 'taylorcl', 'trs4ece', 'mdsnyder', 'spgreene', 'mhain', 'lmertes', 'nlabianc', 'tcollopy', 'chang61', 'czahner', 'bashir', 'dgrothe', 'jgu', 'gbalmer', 'kelkwa11', 'nmisiuna', 'jwetheri', 'obernada', 'jackfrost9p', 'zarastra', 'ormgi', 'zer0xXx', 'chaines', 'millies', 'romanchd', 'sprashan', 'ezarowny', 'sundeepvem', 'arorar', 'sageorge', 'rkv0000', 'hsvasi', 'kdaiya', 'babaumga', 'han45', 'nannachh', 'kbussmann', 'jkalbfle', 'swethy', 'spank_fusion', 'mtummala', 'brunner2112', 'smith571', 'nchirla', 'Zarastra', 'mille177', 'MurphyAKL', 'ajrobiso', 'judoma', 'zconvers', 'kassovic', 'astacy', 'vinsma', 'lcowsert', 'rparisi', 'ahermann', 'jaycrayz', 'gpajot', 'dplamber', 'acallawa', 'singapaul']",3,"['thatmushroom', 'smillies', 'pjyoti']",184,"['longja', 'jsommer', 'wehlhard', 'atruesde', 'gustaf89', 'tdjanoko', 'dergan', 'chermawi', 'aashi', 'nanohueb', 'freedomjustice', 'rahoward', 'smchaudh', 'docdaa008', 'pranaynanda', 'mrhee', 'zeich', 'elric22', 'bache', 'wangyangboy', 'griffinm', 'jidthekid', 'dtruax', 'bsarlitt', 'mickcrowley', 'gjross', 'gutierjm', 'john3636', 'mtanoto', 'ahartnet', 'kyangchul', 'sbach', 'wizdh', 'dulmes', 'danielac', 'Bache', 'ashayat', 'jostendo', 'bmroozia', 'rachitbiyani', 'jkurasz', 'fuzzy_maraca77', 'irony59', 'JoeBlu', 'jsterlin', 'tmoffitt', 'werman691', 'bskorupa', 'wow676', 'dhum', 'dvanclev', 'jdickers', 'wnoh', 'anraj', 'sdidla', 'jtill04', 'asudibyo', 'spamilton1', 'joeblu', 'mwarsco', 'lpuglisi', 'kklacik', 'ftanjono', 'parimal', 'mharger', 'jskim', 'npanitch', 'apuri', 'alayi', 'mrmillz', 'hiddendecoy', 'stoneagelove', 'skovich', 'pateldm', 'dsutherl', 'rsherloc', 'thatmushroom', 'srettber', 'bsparson', 'deetman', 'chadhag', 'seshaw', 'dube0', 'johns180', 'dopkick', 'bdannan', 'kim130', 'zer0xxx', 'csrockerzero', 'lai', 'jshahid', 'Fisher', 'cabault', 'et279', 'sstreete', 'gshaw', 'camyers', 'ttho', 'akhilesh', 'pjyoti', 'ebuysse', 'gzarse', 'jones105', 'Jabzg', 'jgries', 'dmmitche', 'rtrusty', 'lpeterus', 'ajplaymaker', 'bsyoder', 'samkothari79', 'xmzhang', 'terran010', 'kim131', 'pbayuart', 'nrrojas', 'pmongkol', 'wang209', 'taylorcl', 'trs4ece', 'mdsnyder', 'spgreene', 'mhain', 'lmertes', 'nlabianc', 'tcollopy', 'chang61', 'czahner', 'bashir', 'aforkner', 'dgrothe', 'jgu', 'gbalmer', 'kelkwa11', 'nmisiuna', 'jwetheri', 'obernada', 'mamitche', 'jackfrost9p', 'zarastra', 'ormgi', 'zer0xXx', 'chaines', 'millies', 'romanchd', 'sprashan', 'ezarowny', 'somacroy', 'sundeepvem', 'arorar', 'sageorge', 'rkv0000', 'hsvasi', 'kdaiya', 'sonicalflair', 'babaumga', 'han45', 'nannachh', 'kbussmann', 'jkalbfle', 'swethy', 'spank_fusion', 'mtummala', 'brunner2112', 'smith571', 'nchirla', 'Zarastra', 'mille177', 'MurphyAKL', 'smillies', 'ajrobiso', 'judoma', 'zconvers', 'kassovic', 'astacy', 'vinsma', 'lcowsert', 'rparisi', 'ahermann', 'jaycrayz', 'gpajot', 'dplamber', 'acallawa', 'singapaul']"
2,62,181,12,10,"['sprashan', 'smchaudh', 'dvanclev', 'gjross', 'smith571', 'han45', 'dopkick', 'chaines', 'astacy', 'lcowsert']",171,"['longja', 'jsommer', 'wehlhard', 'atruesde', 'gustaf89', 'tdjanoko', 'dergan', 'chermawi', 'aashi', 'nanohueb', 'freedomjustice', 'rahoward', 'docdaa008', 'pranaynanda', 'mrhee', 'zeich', 'elric22', 'bache', 'wangyangboy', 'griffinm', 'jidthekid', 'dtruax', 'bsarlitt', 'mickcrowley', 'gutierjm', 'john3636', 'mtanoto', 'ahartnet', 'kyangchul', 'sbach', 'wizdh', 'dulmes', 'danielac', 'Bache', 'ashayat', 'jostendo', 'bmroozia', 'rachitbiyani', 'jkurasz', 'fuzzy_maraca77', 'irony59', 'JoeBlu', 'jsterlin', 'tmoffitt', 'werman691', 'bskorupa', 'wow676', 'dhum', 'jdickers', 'wnoh', 'anraj', 'sdidla', 'jtill04', 'asudibyo', 'spamilton1', 'joeblu', 'mwarsco', 'lpuglisi', 'kklacik', 'ftanjono', 'parimal', 'mharger', 'jskim', 'npanitch', 'apuri', 'alayi', 'mrmillz', 'hiddendecoy', 'stoneagelove', 'skovich', 'pateldm', 'dsutherl', 'rsherloc', 'srettber', 'bsparson', 'deetman', 'chadhag', 'seshaw', 'dube0', 'johns180', 'bdannan', 'kim130', 'zer0xxx', 'csrockerzero', 'lai', 'jshahid', 'Fisher', 'cabault', 'et279', 'sstreete', 'gshaw', 'camyers', 'ttho', 'akhilesh', 'ebuysse', 'gzarse', 'jones105', 'Jabzg', 'jgries', 'dmmitche', 'rtrusty', 'lpeterus', 'ajplaymaker', 'bsyoder', 'samkothari79', 'xmzhang', 'terran010', 'kim131', 'pbayuart', 'nrrojas', 'pmongkol', 'wang209', 'taylorcl', 'trs4ece', 'mdsnyder', 'spgreene', 'mhain', 'lmertes', 'nlabianc', 'tcollopy', 'chang61', 'czahner', 'bashir', 'aforkner', 'dgrothe', 'jgu', 'gbalmer', 'kelkwa11', 'nmisiuna', 'jwetheri', 'obernada', 'mamitche', 'jackfrost9p', 'zarastra', 'ormgi', 'zer0xXx', 'millies', 'romanchd', 'ezarowny', 'somacroy', 'sundeepvem', 'arorar', 'sageorge', 'rkv0000', 'hsvasi', 'kdaiya', 'sonicalflair', 'babaumga', 'nannachh', 'kbussmann', 'jkalbfle', 'swethy', 'spank_fusion', 'mtummala', 'brunner2112', 'nchirla', 'Zarastra', 'mille177', 'MurphyAKL', 'ajrobiso', 'judoma', 'zconvers', 'kassovic', 'vinsma', 'rparisi', 'ahermann', 'jaycrayz', 'gpajot', 'dplamber', 'acallawa', 'singapaul']",2,"['adarmans', 'neudeck']",183,"['longja', 'jsommer', 'wehlhard', 'atruesde', 'gustaf89', 'tdjanoko', 'dergan', 'chermawi', 'aashi', 'nanohueb', 'freedomjustice', 'rahoward', 'smchaudh', 'docdaa008', 'pranaynanda', 'mrhee', 'zeich', 'elric22', 'bache', 'wangyangboy', 'griffinm', 'jidthekid', 'dtruax', 'bsarlitt', 'mickcrowley', 'gjross', 'gutierjm', 'john3636', 'mtanoto', 'ahartnet', 'kyangchul', 'sbach', 'wizdh', 'dulmes', 'danielac', 'Bache', 'ashayat', 'jostendo', 'bmroozia', 'rachitbiyani', 'jkurasz', 'fuzzy_maraca77', 'irony59', 'JoeBlu', 'jsterlin', 'tmoffitt', 'werman691', 'bskorupa', 'wow676', 'dhum', 'dvanclev', 'jdickers', 'wnoh', 'anraj', 'sdidla', 'jtill04', 'asudibyo', 'spamilton1', 'joeblu', 'mwarsco', 'lpuglisi', 'kklacik', 'ftanjono', 'parimal', 'mharger', 'jskim', 'npanitch', 'apuri', 'alayi', 'mrmillz', 'hiddendecoy', 'stoneagelove', 'skovich', 'pateldm', 'dsutherl', 'rsherloc', 'srettber', 'bsparson', 'deetman', 'chadhag', 'seshaw', 'dube0', 'johns180', 'dopkick', 'bdannan', 'kim130', 'zer0xxx', 'csrockerzero', 'lai', 'jshahid', 'Fisher', 'cabault', 'et279', 'sstreete', 'gshaw', 'camyers', 'adarmans', 'ttho', 'akhilesh', 'ebuysse', 'gzarse', 'jones105', 'Jabzg', 'jgries', 'dmmitche', 'rtrusty', 'lpeterus', 'ajplaymaker', 'bsyoder', 'samkothari79', 'xmzhang', 'terran010', 'kim131', 'pbayuart', 'nrrojas', 'pmongkol', 'wang209', 'taylorcl', 'trs4ece', 'mdsnyder', 'spgreene', 'mhain', 'lmertes', 'nlabianc', 'tcollopy', 'chang61', 'czahner', 'bashir', 'aforkner', 'dgrothe', 'jgu', 'gbalmer', 'kelkwa11', 'nmisiuna', 'jwetheri', 'obernada', 'mamitche', 'jackfrost9p', 'zarastra', 'ormgi', 'zer0xXx', 'chaines', 'millies', 'romanchd', 'sprashan', 'ezarowny', 'somacroy', 'sundeepvem', 'arorar', 'sageorge', 'rkv0000', 'hsvasi', 'kdaiya', 'neudeck', 'sonicalflair', 'babaumga', 'han45', 'nannachh', 'kbussmann', 'jkalbfle', 'swethy', 'spank_fusion', 'mtummala', 'brunner2112', 'smith571', 'nchirla', 'Zarastra', 'mille177', 'MurphyAKL', 'ajrobiso', 'judoma', 'zconvers', 'kassovic', 'astacy', 'vinsma', 'lcowsert', 'rparisi', 'ahermann', 'jaycrayz', 'gpajot', 'dplamber', 'acallawa', 'singapaul']"
2,58,181,11,11,"['ajrobiso', 'judoma', 'docdaa008', 'camyers', 'bsparson', 'alayi', 'nlabianc', 'spamilton1', 'MurphyAKL', 'rparisi', 'sageorge']",170,"['longja', 'jsommer', 'wehlhard', 'atruesde', 'gustaf89', 'tdjanoko', 'dergan', 'chermawi', 'aashi', 'nanohueb', 'freedomjustice', 'rahoward', 'smchaudh', 'pranaynanda', 'mrhee', 'zeich', 'elric22', 'bache', 'wangyangboy', 'griffinm', 'jidthekid', 'dtruax', 'bsarlitt', 'mickcrowley', 'gjross', 'gutierjm', 'john3636', 'mtanoto', 'ahartnet', 'kyangchul', 'sbach', 'wizdh', 'dulmes', 'danielac', 'Bache', 'ashayat', 'jostendo', 'bmroozia', 'rachitbiyani', 'jkurasz', 'fuzzy_maraca77', 'irony59', 'JoeBlu', 'jsterlin', 'tmoffitt', 'werman691', 'bskorupa', 'wow676', 'dhum', 'dvanclev', 'jdickers', 'wnoh', 'anraj', 'sdidla', 'jtill04', 'asudibyo', 'joeblu', 'mwarsco', 'lpuglisi', 'kklacik', 'ftanjono', 'parimal', 'mharger', 'jskim', 'npanitch', 'apuri', 'mrmillz', 'hiddendecoy', 'stoneagelove', 'skovich', 'pateldm', 'dsutherl', 'rsherloc', 'srettber', 'deetman', 'chadhag', 'seshaw', 'dube0', 'johns180', 'dopkick', 'bdannan', 'kim130', 'zer0xxx', 'csrockerzero', 'lai', 'jshahid', 'Fisher', 'cabault', 'et279', 'sstreete', 'gshaw', 'ttho', 'akhilesh', 'ebuysse', 'gzarse', 'jones105', 'Jabzg', 'jgries', 'dmmitche', 'rtrusty', 'lpeterus', 'ajplaymaker', 'bsyoder', 'samkothari79', 'xmzhang', 'terran010', 'kim131', 'pbayuart', 'nrrojas', 'pmongkol', 'wang209', 'taylorcl', 'trs4ece', 'mdsnyder', 'spgreene', 'mhain', 'lmertes', 'tcollopy', 'chang61', 'czahner', 'bashir', 'aforkner', 'dgrothe', 'jgu', 'gbalmer', 'kelkwa11', 'nmisiuna', 'jwetheri', 'obernada', 'mamitche', 'jackfrost9p', 'zarastra', 'ormgi', 'zer0xXx', 'chaines', 'millies', 'romanchd', 'sprashan', 'ezarowny', 'somacroy', 'sundeepvem', 'arorar', 'rkv0000', 'hsvasi', 'kdaiya', 'sonicalflair', 'babaumga', 'han45', 'nannachh', 'kbussmann', 'jkalbfle', 'swethy', 'spank_fusion', 'mtummala', 'brunner2112', 'smith571', 'nchirla', 'Zarastra', 'mille177', 'zconvers', 'kassovic', 'astacy', 'vinsma', 'lcowsert', 'ahermann', 'jaycrayz', 'gpajot', 'dplamber', 'acallawa', 'singapaul']",0,[],181,"['longja', 'jsommer', 'wehlhard', 'atruesde', 'gustaf89', 'tdjanoko', 'dergan', 'chermawi', 'aashi', 'nanohueb', 'freedomjustice', 'rahoward', 'smchaudh', 'docdaa008', 'pranaynanda', 'mrhee', 'zeich', 'elric22', 'bache', 'wangyangboy', 'griffinm', 'jidthekid', 'dtruax', 'bsarlitt', 'mickcrowley', 'gjross', 'gutierjm', 'john3636', 'mtanoto', 'ahartnet', 'kyangchul', 'sbach', 'wizdh', 'dulmes', 'danielac', 'Bache', 'ashayat', 'jostendo', 'bmroozia', 'rachitbiyani', 'jkurasz', 'fuzzy_maraca77', 'irony59', 'JoeBlu', 'jsterlin', 'tmoffitt', 'werman691', 'bskorupa', 'wow676', 'dhum', 'dvanclev', 'jdickers', 'wnoh', 'anraj', 'sdidla', 'jtill04', 'asudibyo', 'spamilton1', 'joeblu', 'mwarsco', 'lpuglisi', 'kklacik', 'ftanjono', 'parimal', 'mharger', 'jskim', 'npanitch', 'apuri', 'alayi', 'mrmillz', 'hiddendecoy', 'stoneagelove', 'skovich', 'pateldm', 'dsutherl', 'rsherloc', 'srettber', 'bsparson', 'deetman', 'chadhag', 'seshaw', 'dube0', 'johns180', 'dopkick', 'bdannan', 'kim130', 'zer0xxx', 'csrockerzero', 'lai', 'jshahid', 'Fisher', 'cabault', 'et279', 'sstreete', 'gshaw', 'camyers', 'ttho', 'akhilesh', 'ebuysse', 'gzarse', 'jones105', 'Jabzg', 'jgries', 'dmmitche', 'rtrusty', 'lpeterus', 'ajplaymaker', 'bsyoder', 'samkothari79', 'xmzhang', 'terran010', 'kim131', 'pbayuart', 'nrrojas', 'pmongkol', 'wang209', 'taylorcl', 'trs4ece', 'mdsnyder', 'spgreene', 'mhain', 'lmertes', 'nlabianc', 'tcollopy', 'chang61', 'czahner', 'bashir', 'aforkner', 'dgrothe', 'jgu', 'gbalmer', 'kelkwa11', 'nmisiuna', 'jwetheri', 'obernada', 'mamitche', 'jackfrost9p', 'zarastra', 'ormgi', 'zer0xXx', 'chaines', 'millies', 'romanchd', 'sprashan', 'ezarowny', 'somacroy', 'sundeepvem', 'arorar', 'sageorge', 'rkv0000', 'hsvasi', 'kdaiya', 'sonicalflair', 'babaumga', 'han45', 'nannachh', 'kbussmann', 'jkalbfle', 'swethy', 'spank_fusion', 'mtummala', 'brunner2112', 'smith571', 'nchirla', 'Zarastra', 'mille177', 'MurphyAKL', 'ajrobiso', 'judoma', 'zconvers', 'kassovic', 'astacy', 'vinsma', 'lcowsert', 'rparisi', 'ahermann', 'jaycrayz', 'gpajot', 'dplamber', 'acallawa', 'singapaul']"
2,64,181,9,9,"['et279', 'mamitche', 'lpeterus', 'kassovic', 'somacroy', 'babaumga', 'aforkner', 'ebuysse', 'wizdh']",172,"['longja', 'jsommer', 'wehlhard', 'atruesde', 'gustaf89', 'tdjanoko', 'dergan', 'chermawi', 'aashi', 'nanohueb', 'freedomjustice', 'rahoward', 'smchaudh', 'docdaa008', 'pranaynanda', 'mrhee', 'zeich', 'elric22', 'bache', 'wangyangboy', 'griffinm', 'jidthekid', 'dtruax', 'bsarlitt', 'mickcrowley', 'gjross', 'gutierjm', 'john3636', 'mtanoto', 'ahartnet', 'kyangchul', 'sbach', 'dulmes', 'danielac', 'Bache', 'ashayat', 'jostendo', 'bmroozia', 'rachitbiyani', 'jkurasz', 'fuzzy_maraca77', 'irony59', 'JoeBlu', 'jsterlin', 'tmoffitt', 'werman691', 'bskorupa', 'wow676', 'dhum', 'dvanclev', 'jdickers', 'wnoh', 'anraj', 'sdidla', 'jtill04', 'asudibyo', 'spamilton1', 'joeblu', 'mwarsco', 'lpuglisi', 'kklacik', 'ftanjono', 'parimal', 'mharger', 'jskim', 'npanitch', 'apuri', 'alayi', 'mrmillz', 'hiddendecoy', 'stoneagelove', 'skovich', 'pateldm', 'dsutherl', 'rsherloc', 'srettber', 'bsparson', 'deetman', 'chadhag', 'seshaw', 'dube0', 'johns180', 'dopkick', 'bdannan', 'kim130', 'zer0xxx', 'csrockerzero', 'lai', 'jshahid', 'Fisher', 'cabault', 'sstreete', 'gshaw', 'camyers', 'ttho', 'akhilesh', 'gzarse', 'jones105', 'Jabzg', 'jgries', 'dmmitche', 'rtrusty', 'ajplaymaker', 'bsyoder', 'samkothari79', 'xmzhang', 'terran010', 'kim131', 'pbayuart', 'nrrojas', 'pmongkol', 'wang209', 'taylorcl', 'trs4ece', 'mdsnyder', 'spgreene', 'mhain', 'lmertes', 'nlabianc', 'tcollopy', 'chang61', 'czahner', 'bashir', 'dgrothe', 'jgu', 'gbalmer', 'kelkwa11', 'nmisiuna', 'jwetheri', 'obernada', 'jackfrost9p', 'zarastra', 'ormgi', 'zer0xXx', 'chaines', 'millies', 'romanchd', 'sprashan', 'ezarowny', 'sundeepvem', 'arorar', 'sageorge', 'rkv0000', 'hsvasi', 'kdaiya', 'sonicalflair', 'han45', 'nannachh', 'kbussmann', 'jkalbfle', 'swethy', 'spank_fusion', 'mtummala', 'brunner2112', 'smith571', 'nchirla', 'Zarastra', 'mille177', 'MurphyAKL', 'ajrobiso', 'judoma', 'zconvers', 'astacy', 'vinsma', 'lcowsert', 'rparisi', 'ahermann', 'jaycrayz', 'gpajot', 'dplamber', 'acallawa', 'singapaul']",0,[],181,"['longja', 'jsommer', 'wehlhard', 'atruesde', 'gustaf89', 'tdjanoko', 'dergan', 'chermawi', 'aashi', 'nanohueb', 'freedomjustice', 'rahoward', 'smchaudh', 'docdaa008', 'pranaynanda', 'mrhee', 'zeich', 'elric22', 'bache', 'wangyangboy', 'griffinm', 'jidthekid', 'dtruax', 'bsarlitt', 'mickcrowley', 'gjross', 'gutierjm', 'john3636', 'mtanoto', 'ahartnet', 'kyangchul', 'sbach', 'wizdh', 'dulmes', 'danielac', 'Bache', 'ashayat', 'jostendo', 'bmroozia', 'rachitbiyani', 'jkurasz', 'fuzzy_maraca77', 'irony59', 'JoeBlu', 'jsterlin', 'tmoffitt', 'werman691', 'bskorupa', 'wow676', 'dhum', 'dvanclev', 'jdickers', 'wnoh', 'anraj', 'sdidla', 'jtill04', 'asudibyo', 'spamilton1', 'joeblu', 'mwarsco', 'lpuglisi', 'kklacik', 'ftanjono', 'parimal', 'mharger', 'jskim', 'npanitch', 'apuri', 'alayi', 'mrmillz', 'hiddendecoy', 'stoneagelove', 'skovich', 'pateldm', 'dsutherl', 'rsherloc', 'srettber', 'bsparson', 'deetman', 'chadhag', 'seshaw', 'dube0', 'johns180', 'dopkick', 'bdannan', 'kim130', 'zer0xxx', 'csrockerzero', 'lai', 'jshahid', 'Fisher', 'cabault', 'et279', 'sstreete', 'gshaw', 'camyers', 'ttho', 'akhilesh', 'ebuysse', 'gzarse', 'jones105', 'Jabzg', 'jgries', 'dmmitche', 'rtrusty', 'lpeterus', 'ajplaymaker', 'bsyoder', 'samkothari79', 'xmzhang', 'terran010', 'kim131', 'pbayuart', 'nrrojas', 'pmongkol', 'wang209', 'taylorcl', 'trs4ece', 'mdsnyder', 'spgreene', 'mhain', 'lmertes', 'nlabianc', 'tcollopy', 'chang61', 'czahner', 'bashir', 'aforkner', 'dgrothe', 'jgu', 'gbalmer', 'kelkwa11', 'nmisiuna', 'jwetheri', 'obernada', 'mamitche', 'jackfrost9p', 'zarastra', 'ormgi', 'zer0xXx', 'chaines', 'millies', 'romanchd', 'sprashan', 'ezarowny', 'somacroy', 'sundeepvem', 'arorar', 'sageorge', 'rkv0000', 'hsvasi', 'kdaiya', 'sonicalflair', 'babaumga', 'han45', 'nannachh', 'kbussmann', 'jkalbfle', 'swethy', 'spank_fusion', 'mtummala', 'brunner2112', 'smith571', 'nchirla', 'Zarastra', 'mille177', 'MurphyAKL', 'ajrobiso', 'judoma', 'zconvers', 'kassovic', 'astacy', 'vinsma', 'lcowsert', 'rparisi', 'ahermann', 'jaycrayz', 'gpajot', 'dplamber', 'acallawa', 'singapaul']"
2,68,181,9,8,"['et279', 'kdaiya', 'mamitche', 'dergan', 'joeblu', 'JoeBlu', 'aforkner', 'wizdh']",173,"['longja', 'jsommer', 'wehlhard', 'atruesde', 'gustaf89', 'tdjanoko', 'chermawi', 'aashi', 'nanohueb', 'freedomjustice', 'rahoward', 'smchaudh', 'docdaa008', 'pranaynanda', 'mrhee', 'zeich', 'elric22', 'bache', 'wangyangboy', 'griffinm', 'jidthekid', 'dtruax', 'bsarlitt', 'mickcrowley', 'gjross', 'gutierjm', 'john3636', 'mtanoto', 'ahartnet', 'kyangchul', 'sbach', 'dulmes', 'danielac', 'Bache', 'ashayat', 'jostendo', 'bmroozia', 'rachitbiyani', 'jkurasz', 'fuzzy_maraca77', 'irony59', 'jsterlin', 'tmoffitt', 'werman691', 'bskorupa', 'wow676', 'dhum', 'dvanclev', 'jdickers', 'wnoh', 'anraj', 'sdidla', 'jtill04', 'asudibyo', 'spamilton1', 'mwarsco', 'lpuglisi', 'kklacik', 'ftanjono', 'parimal', 'mharger', 'jskim', 'npanitch', 'apuri', 'alayi', 'mrmillz', 'hiddendecoy', 'stoneagelove', 'skovich', 'pateldm', 'dsutherl', 'rsherloc', 'srettber', 'bsparson', 'deetman', 'chadhag', 'seshaw', 'dube0', 'johns180', 'dopkick', 'bdannan', 'kim130', 'zer0xxx', 'csrockerzero', 'lai', 'jshahid', 'Fisher', 'cabault', 'sstreete', 'gshaw', 'camyers', 'ttho', 'akhilesh', 'ebuysse', 'gzarse', 'jones105', 'Jabzg', 'jgries', 'dmmitche', 'rtrusty', 'lpeterus', 'ajplaymaker', 'bsyoder', 'samkothari79', 'xmzhang', 'terran010', 'kim131', 'pbayuart', 'nrrojas', 'pmongkol', 'wang209', 'taylorcl', 'trs4ece', 'mdsnyder', 'spgreene', 'mhain', 'lmertes', 'nlabianc', 'tcollopy', 'chang61', 'czahner', 'bashir', 'dgrothe', 'jgu', 'gbalmer', 'kelkwa11', 'nmisiuna', 'jwetheri', 'obernada', 'jackfrost9p', 'zarastra', 'ormgi', 'zer0xXx', 'chaines', 'millies', 'romanchd', 'sprashan', 'ezarowny', 'somacroy', 'sundeepvem', 'arorar', 'sageorge', 'rkv0000', 'hsvasi', 'sonicalflair', 'babaumga', 'han45', 'nannachh', 'kbussmann', 'jkalbfle', 'swethy', 'spank_fusion', 'mtummala', 'brunner2112', 'smith571', 'nchirla', 'Zarastra', 'mille177', 'MurphyAKL', 'ajrobiso', 'judoma', 'zconvers', 'kassovic', 'astacy', 'vinsma', 'lcowsert', 'rparisi', 'ahermann', 'jaycrayz', 'gpajot', 'dplamber', 'acallawa', 'singapaul']",1,['pjyoti'],182,"['longja', 'jsommer', 'wehlhard', 'atruesde', 'gustaf89', 'tdjanoko', 'dergan', 'chermawi', 'aashi', 'nanohueb', 'freedomjustice', 'rahoward', 'smchaudh', 'docdaa008', 'pranaynanda', 'mrhee', 'zeich', 'elric22', 'bache', 'wangyangboy', 'griffinm', 'jidthekid', 'dtruax', 'bsarlitt', 'mickcrowley', 'gjross', 'gutierjm', 'john3636', 'mtanoto', 'ahartnet', 'kyangchul', 'sbach', 'wizdh', 'dulmes', 'danielac', 'Bache', 'ashayat', 'jostendo', 'bmroozia', 'rachitbiyani', 'jkurasz', 'fuzzy_maraca77', 'irony59', 'JoeBlu', 'jsterlin', 'tmoffitt', 'werman691', 'bskorupa', 'wow676', 'dhum', 'dvanclev', 'jdickers', 'wnoh', 'anraj', 'sdidla', 'jtill04', 'asudibyo', 'spamilton1', 'joeblu', 'mwarsco', 'lpuglisi', 'kklacik', 'ftanjono', 'parimal', 'mharger', 'jskim', 'npanitch', 'apuri', 'alayi', 'mrmillz', 'hiddendecoy', 'stoneagelove', 'skovich', 'pateldm', 'dsutherl', 'rsherloc', 'srettber', 'bsparson', 'deetman', 'chadhag', 'seshaw', 'dube0', 'johns180', 'dopkick', 'bdannan', 'kim130', 'zer0xxx', 'csrockerzero', 'lai', 'jshahid', 'Fisher', 'cabault', 'et279', 'sstreete', 'gshaw', 'camyers', 'ttho', 'akhilesh', 'pjyoti', 'ebuysse', 'gzarse', 'jones105', 'Jabzg', 'jgries', 'dmmitche', 'rtrusty', 'lpeterus', 'ajplaymaker', 'bsyoder', 'samkothari79', 'xmzhang', 'terran010', 'kim131', 'pbayuart', 'nrrojas', 'pmongkol', 'wang209', 'taylorcl', 'trs4ece', 'mdsnyder', 'spgreene', 'mhain', 'lmertes', 'nlabianc', 'tcollopy', 'chang61', 'czahner', 'bashir', 'aforkner', 'dgrothe', 'jgu', 'gbalmer', 'kelkwa11', 'nmisiuna', 'jwetheri', 'obernada', 'mamitche', 'jackfrost9p', 'zarastra', 'ormgi', 'zer0xXx', 'chaines', 'millies', 'romanchd', 'sprashan', 'ezarowny', 'somacroy', 'sundeepvem', 'arorar', 'sageorge', 'rkv0000', 'hsvasi', 'kdaiya', 'sonicalflair', 'babaumga', 'han45', 'nannachh', 'kbussmann', 'jkalbfle', 'swethy', 'spank_fusion', 'mtummala', 'brunner2112', 'smith571', 'nchirla', 'Zarastra', 'mille177', 'MurphyAKL', 'ajrobiso', 'judoma', 'zconvers', 'kassovic', 'astacy', 'vinsma', 'lcowsert', 'rparisi', 'ahermann', 'jaycrayz', 'gpajot', 'dplamber', 'acallawa', 'singapaul']"
2,69,181,8,5,"['werman691', 'rtrusty', 'nmisiuna', 'nlabianc', 'johns180']",176,"['longja', 'jsommer', 'wehlhard', 'atruesde', 'gustaf89', 'tdjanoko', 'dergan', 'chermawi', 'aashi', 'nanohueb', 'freedomjustice', 'rahoward', 'smchaudh', 'docdaa008', 'pranaynanda', 'mrhee', 'zeich', 'elric22', 'bache', 'wangyangboy', 'griffinm', 'jidthekid', 'dtruax', 'bsarlitt', 'mickcrowley', 'gjross', 'gutierjm', 'john3636', 'mtanoto', 'ahartnet', 'kyangchul', 'sbach', 'wizdh', 'dulmes', 'danielac', 'Bache', 'ashayat', 'jostendo', 'bmroozia', 'rachitbiyani', 'jkurasz', 'fuzzy_maraca77', 'irony59', 'JoeBlu', 'jsterlin', 'tmoffitt', 'bskorupa', 'wow676', 'dhum', 'dvanclev', 'jdickers', 'wnoh', 'anraj', 'sdidla', 'jtill04', 'asudibyo', 'spamilton1', 'joeblu', 'mwarsco', 'lpuglisi', 'kklacik', 'ftanjono', 'parimal', 'mharger', 'jskim', 'npanitch', 'apuri', 'alayi', 'mrmillz', 'hiddendecoy', 'stoneagelove', 'skovich', 'pateldm', 'dsutherl', 'rsherloc', 'srettber', 'bsparson', 'deetman', 'chadhag', 'seshaw', 'dube0', 'dopkick', 'bdannan', 'kim130', 'zer0xxx', 'csrockerzero', 'lai', 'jshahid', 'Fisher', 'cabault', 'et279', 'sstreete', 'gshaw', 'camyers', 'ttho', 'akhilesh', 'ebuysse', 'gzarse', 'jones105', 'Jabzg', 'jgries', 'dmmitche', 'lpeterus', 'ajplaymaker', 'bsyoder', 'samkothari79', 'xmzhang', 'terran010', 'kim131', 'pbayuart', 'nrrojas', 'pmongkol', 'wang209', 'taylorcl', 'trs4ece', 'mdsnyder', 'spgreene', 'mhain', 'lmertes', 'tcollopy', 'chang61', 'czahner', 'bashir', 'aforkner', 'dgrothe', 'jgu', 'gbalmer', 'kelkwa11', 'jwetheri', 'obernada', 'mamitche', 'jackfrost9p', 'zarastra', 'ormgi', 'zer0xXx', 'chaines', 'millies', 'romanchd', 'sprashan', 'ezarowny', 'somacroy', 'sundeepvem', 'arorar', 'sageorge', 'rkv0000', 'hsvasi', 'kdaiya', 'sonicalflair', 'babaumga', 'han45', 'nannachh', 'kbussmann', 'jkalbfle', 'swethy', 'spank_fusion', 'mtummala', 'brunner2112', 'smith571', 'nchirla', 'Zarastra', 'mille177', 'MurphyAKL', 'ajrobiso', 'judoma', 'zconvers', 'kassovic', 'astacy', 'vinsma', 'lcowsert', 'rparisi', 'ahermann', 'jaycrayz', 'gpajot', 'dplamber', 'acallawa', 'singapaul']",3,"['nsapra', 'ateixeir', 'spaik']",184,"['longja', 'jsommer', 'wehlhard', 'atruesde', 'gustaf89', 'tdjanoko', 'dergan', 'chermawi', 'aashi', 'nanohueb', 'freedomjustice', 'rahoward', 'smchaudh', 'docdaa008', 'pranaynanda', 'ateixeir', 'mrhee', 'zeich', 'elric22', 'bache', 'wangyangboy', 'griffinm', 'jidthekid', 'dtruax', 'bsarlitt', 'mickcrowley', 'gjross', 'gutierjm', 'john3636', 'mtanoto', 'ahartnet', 'kyangchul', 'sbach', 'wizdh', 'dulmes', 'danielac', 'Bache', 'ashayat', 'jostendo', 'bmroozia', 'rachitbiyani', 'jkurasz', 'fuzzy_maraca77', 'irony59', 'JoeBlu', 'jsterlin', 'tmoffitt', 'werman691', 'bskorupa', 'wow676', 'dhum', 'dvanclev', 'jdickers', 'wnoh', 'anraj', 'sdidla', 'jtill04', 'asudibyo', 'spamilton1', 'joeblu', 'mwarsco', 'lpuglisi', 'kklacik', 'ftanjono', 'parimal', 'mharger', 'jskim', 'npanitch', 'apuri', 'alayi', 'mrmillz', 'hiddendecoy', 'stoneagelove', 'skovich', 'pateldm', 'dsutherl', 'rsherloc', 'srettber', 'bsparson', 'deetman', 'chadhag', 'seshaw', 'dube0', 'johns180', 'dopkick', 'bdannan', 'kim130', 'zer0xxx', 'csrockerzero', 'lai', 'jshahid', 'Fisher', 'cabault', 'et279', 'sstreete', 'gshaw', 'camyers', 'ttho', 'akhilesh', 'ebuysse', 'gzarse', 'jones105', 'Jabzg', 'jgries', 'dmmitche', 'rtrusty', 'lpeterus', 'nsapra', 'ajplaymaker', 'bsyoder', 'samkothari79', 'xmzhang', 'terran010', 'kim131', 'pbayuart', 'nrrojas', 'pmongkol', 'wang209', 'taylorcl', 'trs4ece', 'mdsnyder', 'spgreene', 'mhain', 'lmertes', 'nlabianc', 'tcollopy', 'chang61', 'czahner', 'bashir', 'aforkner', 'dgrothe', 'jgu', 'gbalmer', 'kelkwa11', 'nmisiuna', 'jwetheri', 'obernada', 'mamitche', 'jackfrost9p', 'zarastra', 'ormgi', 'zer0xXx', 'chaines', 'millies', 'romanchd', 'sprashan', 'ezarowny', 'somacroy', 'sundeepvem', 'arorar', 'sageorge', 'rkv0000', 'hsvasi', 'kdaiya', 'spaik', 'sonicalflair', 'babaumga', 'han45', 'nannachh', 'kbussmann', 'jkalbfle', 'swethy', 'spank_fusion', 'mtummala', 'brunner2112', 'smith571', 'nchirla', 'Zarastra', 'mille177', 'MurphyAKL', 'ajrobiso', 'judoma', 'zconvers', 'kassovic', 'astacy', 'vinsma', 'lcowsert', 'rparisi', 'ahermann', 'jaycrayz', 'gpajot', 'dplamber', 'acallawa', 'singapaul']"
2,63,181,7,4,"['nanohueb', 'mtanoto', 'han45', 'csrockerzero']",177,"['longja', 'jsommer', 'wehlhard', 'atruesde', 'gustaf89', 'tdjanoko', 'dergan', 'chermawi', 'aashi', 'freedomjustice', 'rahoward', 'smchaudh', 'docdaa008', 'pranaynanda', 'mrhee', 'zeich', 'elric22', 'bache', 'wangyangboy', 'griffinm', 'jidthekid', 'dtruax', 'bsarlitt', 'mickcrowley', 'gjross', 'gutierjm', 'john3636', 'ahartnet', 'kyangchul', 'sbach', 'wizdh', 'dulmes', 'danielac', 'Bache', 'ashayat', 'jostendo', 'bmroozia', 'rachitbiyani', 'jkurasz', 'fuzzy_maraca77', 'irony59', 'JoeBlu', 'jsterlin', 'tmoffitt', 'werman691', 'bskorupa', 'wow676', 'dhum', 'dvanclev', 'jdickers', 'wnoh', 'anraj', 'sdidla', 'jtill04', 'asudibyo', 'spamilton1', 'joeblu', 'mwarsco', 'lpuglisi', 'kklacik', 'ftanjono', 'parimal', 'mharger', 'jskim', 'npanitch', 'apuri', 'alayi', 'mrmillz', 'hiddendecoy', 'stoneagelove', 'skovich', 'pateldm', 'dsutherl', 'rsherloc', 'srettber', 'bsparson', 'deetman', 'chadhag', 'seshaw', 'dube0', 'johns180', 'dopkick', 'bdannan', 'kim130', 'zer0xxx', 'lai', 'jshahid', 'Fisher', 'cabault', 'et279', 'sstreete', 'gshaw', 'camyers', 'ttho', 'akhilesh', 'ebuysse', 'gzarse', 'jones105', 'Jabzg', 'jgries', 'dmmitche', 'rtrusty', 'lpeterus', 'ajplaymaker', 'bsyoder', 'samkothari79', 'xmzhang', 'terran010', 'kim131', 'pbayuart', 'nrrojas', 'pmongkol', 'wang209', 'taylorcl', 'trs4ece', 'mdsnyder', 'spgreene', 'mhain', 'lmertes', 'nlabianc', 'tcollopy', 'chang61', 'czahner', 'bashir', 'aforkner', 'dgrothe', 'jgu', 'gbalmer', 'kelkwa11', 'nmisiuna', 'jwetheri', 'obernada', 'mamitche', 'jackfrost9p', 'zarastra', 'ormgi', 'zer0xXx', 'chaines', 'millies', 'romanchd', 'sprashan', 'ezarowny', 'somacroy', 'sundeepvem', 'arorar', 'sageorge', 'rkv0000', 'hsvasi', 'kdaiya', 'sonicalflair', 'babaumga', 'nannachh', 'kbussmann', 'jkalbfle', 'swethy', 'spank_fusion', 'mtummala', 'brunner2112', 'smith571', 'nchirla', 'Zarastra', 'mille177', 'MurphyAKL', 'ajrobiso', 'judoma', 'zconvers', 'kassovic', 'astacy', 'vinsma', 'lcowsert', 'rparisi', 'ahermann', 'jaycrayz', 'gpajot', 'dplamber', 'acallawa', 'singapaul']",3,"['blee292513', 'nee_a87', 'singhs']",184,"['longja', 'jsommer', 'wehlhard', 'atruesde', 'gustaf89', 'tdjanoko', 'dergan', 'chermawi', 'aashi', 'nanohueb', 'freedomjustice', 'rahoward', 'smchaudh', 'docdaa008', 'pranaynanda', 'mrhee', 'zeich', 'elric22', 'bache', 'wangyangboy', 'griffinm', 'jidthekid', 'dtruax', 'bsarlitt', 'mickcrowley', 'gjross', 'gutierjm', 'john3636', 'mtanoto', 'ahartnet', 'kyangchul', 'sbach', 'wizdh', 'dulmes', 'danielac', 'Bache', 'ashayat', 'jostendo', 'bmroozia', 'rachitbiyani', 'jkurasz', 'fuzzy_maraca77', 'irony59', 'JoeBlu', 'jsterlin', 'tmoffitt', 'werman691', 'bskorupa', 'wow676', 'dhum', 'dvanclev', 'jdickers', 'wnoh', 'anraj', 'sdidla', 'jtill04', 'asudibyo', 'spamilton1', 'joeblu', 'mwarsco', 'lpuglisi', 'kklacik', 'ftanjono', 'parimal', 'mharger', 'jskim', 'npanitch', 'apuri', 'alayi', 'mrmillz', 'hiddendecoy', 'stoneagelove', 'nee_a87', 'skovich', 'pateldm', 'dsutherl', 'rsherloc', 'srettber', 'bsparson', 'deetman', 'chadhag', 'seshaw', 'dube0', 'johns180', 'dopkick', 'bdannan', 'kim130', 'zer0xxx', 'csrockerzero', 'lai', 'jshahid', 'Fisher', 'cabault', 'et279', 'sstreete', 'gshaw', 'camyers', 'ttho', 'akhilesh', 'ebuysse', 'gzarse', 'jones105', 'Jabzg', 'jgries', 'dmmitche', 'rtrusty', 'lpeterus', 'ajplaymaker', 'bsyoder', 'samkothari79', 'blee292513', 'xmzhang', 'terran010', 'kim131', 'pbayuart', 'nrrojas', 'pmongkol', 'wang209', 'taylorcl', 'trs4ece', 'mdsnyder', 'spgreene', 'mhain', 'lmertes', 'nlabianc', 'tcollopy', 'chang61', 'czahner', 'bashir', 'aforkner', 'dgrothe', 'jgu', 'gbalmer', 'kelkwa11', 'nmisiuna', 'jwetheri', 'obernada', 'mamitche', 'jackfrost9p', 'zarastra', 'ormgi', 'zer0xXx', 'chaines', 'millies', 'romanchd', 'sprashan', 'ezarowny', 'somacroy', 'sundeepvem', 'arorar', 'sageorge', 'rkv0000', 'hsvasi', 'kdaiya', 'sonicalflair', 'babaumga', 'han45', 'nannachh', 'kbussmann', 'jkalbfle', 'swethy', 'spank_fusion', 'mtummala', 'brunner2112', 'smith571', 'nchirla', 'Zarastra', 'mille177', 'singhs', 'MurphyAKL', 'ajrobiso', 'judoma', 'zconvers', 'kassovic', 'astacy', 'vinsma', 'lcowsert', 'rparisi', 'ahermann', 'jaycrayz', 'gpajot', 'dplamber', 'acallawa', 'singapaul']"
2,59,181,6,5,"['dmmitche', 'spgreene', 'gustaf89', 'dube0', 'samkothari79']",176,"['longja', 'jsommer', 'wehlhard', 'atruesde', 'tdjanoko', 'dergan', 'chermawi', 'aashi', 'nanohueb', 'freedomjustice', 'rahoward', 'smchaudh', 'docdaa008', 'pranaynanda', 'mrhee', 'zeich', 'elric22', 'bache', 'wangyangboy', 'griffinm', 'jidthekid', 'dtruax', 'bsarlitt', 'mickcrowley', 'gjross', 'gutierjm', 'john3636', 'mtanoto', 'ahartnet', 'kyangchul', 'sbach', 'wizdh', 'dulmes', 'danielac', 'Bache', 'ashayat', 'jostendo', 'bmroozia', 'rachitbiyani', 'jkurasz', 'fuzzy_maraca77', 'irony59', 'JoeBlu', 'jsterlin', 'tmoffitt', 'werman691', 'bskorupa', 'wow676', 'dhum', 'dvanclev', 'jdickers', 'wnoh', 'anraj', 'sdidla', 'jtill04', 'asudibyo', 'spamilton1', 'joeblu', 'mwarsco', 'lpuglisi', 'kklacik', 'ftanjono', 'parimal', 'mharger', 'jskim', 'npanitch', 'apuri', 'alayi', 'mrmillz', 'hiddendecoy', 'stoneagelove', 'skovich', 'pateldm', 'dsutherl', 'rsherloc', 'srettber', 'bsparson', 'deetman', 'chadhag', 'seshaw', 'johns180', 'dopkick', 'bdannan', 'kim130', 'zer0xxx', 'csrockerzero', 'lai', 'jshahid', 'Fisher', 'cabault', 'et279', 'sstreete', 'gshaw', 'camyers', 'ttho', 'akhilesh', 'ebuysse', 'gzarse', 'jones105', 'Jabzg', 'jgries', 'rtrusty', 'lpeterus', 'ajplaymaker', 'bsyoder', 'xmzhang', 'terran010', 'kim131', 'pbayuart', 'nrrojas', 'pmongkol', 'wang209', 'taylorcl', 'trs4ece', 'mdsnyder', 'mhain', 'lmertes', 'nlabianc', 'tcollopy', 'chang61', 'czahner', 'bashir', 'aforkner', 'dgrothe', 'jgu', 'gbalmer', 'kelkwa11', 'nmisiuna', 'jwetheri', 'obernada', 'mamitche', 'jackfrost9p', 'zarastra', 'ormgi', 'zer0xXx', 'chaines', 'millies', 'romanchd', 'sprashan', 'ezarowny', 'somacroy', 'sundeepvem', 'arorar', 'sageorge', 'rkv0000', 'hsvasi', 'kdaiya', 'sonicalflair', 'babaumga', 'han45', 'nannachh', 'kbussmann', 'jkalbfle', 'swethy', 'spank_fusion', 'mtummala', 'brunner2112', 'smith571', 'nchirla', 'Zarastra', 'mille177', 'MurphyAKL', 'ajrobiso', 'judoma', 'zconvers', 'kassovic', 'astacy', 'vinsma', 'lcowsert', 'rparisi', 'ahermann', 'jaycrayz', 'gpajot', 'dplamber', 'acallawa', 'singapaul']",1,['scyther314159'],182,"['longja', 'jsommer', 'wehlhard', 'atruesde', 'gustaf89', 'tdjanoko', 'dergan', 'chermawi', 'aashi', 'nanohueb', 'freedomjustice', 'rahoward', 'smchaudh', 'docdaa008', 'pranaynanda', 'mrhee', 'zeich', 'elric22', 'bache', 'wangyangboy', 'griffinm', 'jidthekid', 'dtruax', 'bsarlitt', 'mickcrowley', 'gjross', 'gutierjm', 'john3636', 'mtanoto', 'ahartnet', 'kyangchul', 'sbach', 'wizdh', 'dulmes', 'danielac', 'Bache', 'ashayat', 'jostendo', 'bmroozia', 'rachitbiyani', 'jkurasz', 'fuzzy_maraca77', 'irony59', 'JoeBlu', 'jsterlin', 'tmoffitt', 'werman691', 'bskorupa', 'wow676', 'dhum', 'dvanclev', 'jdickers', 'wnoh', 'anraj', 'sdidla', 'jtill04', 'asudibyo', 'spamilton1', 'joeblu', 'mwarsco', 'lpuglisi', 'kklacik', 'ftanjono', 'parimal', 'mharger', 'jskim', 'npanitch', 'apuri', 'alayi', 'mrmillz', 'hiddendecoy', 'stoneagelove', 'skovich', 'pateldm', 'dsutherl', 'rsherloc', 'srettber', 'bsparson', 'deetman', 'chadhag', 'seshaw', 'dube0', 'johns180', 'dopkick', 'bdannan', 'kim130', 'zer0xxx', 'csrockerzero', 'lai', 'jshahid', 'Fisher', 'cabault', 'et279', 'sstreete', 'gshaw', 'camyers', 'ttho', 'akhilesh', 'ebuysse', 'gzarse', 'jones105', 'Jabzg', 'jgries', 'dmmitche', 'rtrusty', 'lpeterus', 'ajplaymaker', 'bsyoder', 'samkothari79', 'xmzhang', 'terran010', 'kim131', 'pbayuart', 'nrrojas', 'pmongkol', 'wang209', 'taylorcl', 'trs4ece', 'mdsnyder', 'spgreene', 'mhain', 'lmertes', 'nlabianc', 'tcollopy', 'chang61', 'czahner', 'bashir', 'aforkner', 'dgrothe', 'jgu', 'gbalmer', 'kelkwa11', 'nmisiuna', 'jwetheri', 'obernada', 'mamitche', 'jackfrost9p', 'zarastra', 'ormgi', 'zer0xXx', 'chaines', 'millies', 'romanchd', 'sprashan', 'ezarowny', 'somacroy', 'sundeepvem', 'arorar', 'sageorge', 'rkv0000', 'hsvasi', 'kdaiya', 'sonicalflair', 'babaumga', 'han45', 'scyther314159', 'nannachh', 'kbussmann', 'jkalbfle', 'swethy', 'spank_fusion', 'mtummala', 'brunner2112', 'smith571', 'nchirla', 'Zarastra', 'mille177', 'MurphyAKL', 'ajrobiso', 'judoma', 'zconvers', 'kassovic', 'astacy', 'vinsma', 'lcowsert', 'rparisi', 'ahermann', 'jaycrayz', 'gpajot', 'dplamber', 'acallawa', 'singapaul']"
2,67,181,6,6,"['judoma', 'ftanjono', 'alayi', 'spamilton1', 'MurphyAKL', 'rparisi']",175,"['longja', 'jsommer', 'wehlhard', 'atruesde', 'gustaf89', 'tdjanoko', 'dergan', 'chermawi', 'aashi', 'nanohueb', 'freedomjustice', 'rahoward', 'smchaudh', 'docdaa008', 'pranaynanda', 'mrhee', 'zeich', 'elric22', 'bache', 'wangyangboy', 'griffinm', 'jidthekid', 'dtruax', 'bsarlitt', 'mickcrowley', 'gjross', 'gutierjm', 'john3636', 'mtanoto', 'ahartnet', 'kyangchul', 'sbach', 'wizdh', 'dulmes', 'danielac', 'Bache', 'ashayat', 'jostendo', 'bmroozia', 'rachitbiyani', 'jkurasz', 'fuzzy_maraca77', 'irony59', 'JoeBlu', 'jsterlin', 'tmoffitt', 'werman691', 'bskorupa', 'wow676', 'dhum', 'dvanclev', 'jdickers', 'wnoh', 'anraj', 'sdidla', 'jtill04', 'asudibyo', 'joeblu', 'mwarsco', 'lpuglisi', 'kklacik', 'parimal', 'mharger', 'jskim', 'npanitch', 'apuri', 'mrmillz', 'hiddendecoy', 'stoneagelove', 'skovich', 'pateldm', 'dsutherl', 'rsherloc', 'srettber', 'bsparson', 'deetman', 'chadhag', 'seshaw', 'dube0', 'johns180', 'dopkick', 'bdannan', 'kim130', 'zer0xxx', 'csrockerzero', 'lai', 'jshahid', 'Fisher', 'cabault', 'et279', 'sstreete', 'gshaw', 'camyers', 'ttho', 'akhilesh', 'ebuysse', 'gzarse', 'jones105', 'Jabzg', 'jgries', 'dmmitche', 'rtrusty', 'lpeterus', 'ajplaymaker', 'bsyoder', 'samkothari79', 'xmzhang', 'terran010', 'kim131', 'pbayuart', 'nrrojas', 'pmongkol', 'wang209', 'taylorcl', 'trs4ece', 'mdsnyder', 'spgreene', 'mhain', 'lmertes', 'nlabianc', 'tcollopy', 'chang61', 'czahner', 'bashir', 'aforkner', 'dgrothe', 'jgu', 'gbalmer', 'kelkwa11', 'nmisiuna', 'jwetheri', 'obernada', 'mamitche', 'jackfrost9p', 'zarastra', 'ormgi', 'zer0xXx', 'chaines', 'millies', 'romanchd', 'sprashan', 'ezarowny', 'somacroy', 'sundeepvem', 'arorar', 'sageorge', 'rkv0000', 'hsvasi', 'kdaiya', 'sonicalflair', 'babaumga', 'han45', 'nannachh', 'kbussmann', 'jkalbfle', 'swethy', 'spank_fusion', 'mtummala', 'brunner2112', 'smith571', 'nchirla', 'Zarastra', 'mille177', 'ajrobiso', 'zconvers', 'kassovic', 'astacy', 'vinsma', 'lcowsert', 'ahermann', 'jaycrayz', 'gpajot', 'dplamber', 'acallawa', 'singapaul']",0,[],181,"['longja', 'jsommer', 'wehlhard', 'atruesde', 'gustaf89', 'tdjanoko', 'dergan', 'chermawi', 'aashi', 'nanohueb', 'freedomjustice', 'rahoward', 'smchaudh', 'docdaa008', 'pranaynanda', 'mrhee', 'zeich', 'elric22', 'bache', 'wangyangboy', 'griffinm', 'jidthekid', 'dtruax', 'bsarlitt', 'mickcrowley', 'gjross', 'gutierjm', 'john3636', 'mtanoto', 'ahartnet', 'kyangchul', 'sbach', 'wizdh', 'dulmes', 'danielac', 'Bache', 'ashayat', 'jostendo', 'bmroozia', 'rachitbiyani', 'jkurasz', 'fuzzy_maraca77', 'irony59', 'JoeBlu', 'jsterlin', 'tmoffitt', 'werman691', 'bskorupa', 'wow676', 'dhum', 'dvanclev', 'jdickers', 'wnoh', 'anraj', 'sdidla', 'jtill04', 'asudibyo', 'spamilton1', 'joeblu', 'mwarsco', 'lpuglisi', 'kklacik', 'ftanjono', 'parimal', 'mharger', 'jskim', 'npanitch', 'apuri', 'alayi', 'mrmillz', 'hiddendecoy', 'stoneagelove', 'skovich', 'pateldm', 'dsutherl', 'rsherloc', 'srettber', 'bsparson', 'deetman', 'chadhag', 'seshaw', 'dube0', 'johns180', 'dopkick', 'bdannan', 'kim130', 'zer0xxx', 'csrockerzero', 'lai', 'jshahid', 'Fisher', 'cabault', 'et279', 'sstreete', 'gshaw', 'camyers', 'ttho', 'akhilesh', 'ebuysse', 'gzarse', 'jones105', 'Jabzg', 'jgries', 'dmmitche', 'rtrusty', 'lpeterus', 'ajplaymaker', 'bsyoder', 'samkothari79', 'xmzhang', 'terran010', 'kim131', 'pbayuart', 'nrrojas', 'pmongkol', 'wang209', 'taylorcl', 'trs4ece', 'mdsnyder', 'spgreene', 'mhain', 'lmertes', 'nlabianc', 'tcollopy', 'chang61', 'czahner', 'bashir', 'aforkner', 'dgrothe', 'jgu', 'gbalmer', 'kelkwa11', 'nmisiuna', 'jwetheri', 'obernada', 'mamitche', 'jackfrost9p', 'zarastra', 'ormgi', 'zer0xXx', 'chaines', 'millies', 'romanchd', 'sprashan', 'ezarowny', 'somacroy', 'sundeepvem', 'arorar', 'sageorge', 'rkv0000', 'hsvasi', 'kdaiya', 'sonicalflair', 'babaumga', 'han45', 'nannachh', 'kbussmann', 'jkalbfle', 'swethy', 'spank_fusion', 'mtummala', 'brunner2112', 'smith571', 'nchirla', 'Zarastra', 'mille177', 'MurphyAKL', 'ajrobiso', 'judoma', 'zconvers', 'kassovic', 'astacy', 'vinsma', 'lcowsert', 'rparisi', 'ahermann', 'jaycrayz', 'gpajot', 'dplamber', 'acallawa', 'singapaul']"
2,72,181,6,5,"['nanohueb', 'mtanoto', 'csrockerzero', 'wizdh', 'pmongkol']",176,"['longja', 'jsommer', 'wehlhard', 'atruesde', 'gustaf89', 'tdjanoko', 'dergan', 'chermawi', 'aashi', 'freedomjustice', 'rahoward', 'smchaudh', 'docdaa008', 'pranaynanda', 'mrhee', 'zeich', 'elric22', 'bache', 'wangyangboy', 'griffinm', 'jidthekid', 'dtruax', 'bsarlitt', 'mickcrowley', 'gjross', 'gutierjm', 'john3636', 'ahartnet', 'kyangchul', 'sbach', 'dulmes', 'danielac', 'Bache', 'ashayat', 'jostendo', 'bmroozia', 'rachitbiyani', 'jkurasz', 'fuzzy_maraca77', 'irony59', 'JoeBlu', 'jsterlin', 'tmoffitt', 'werman691', 'bskorupa', 'wow676', 'dhum', 'dvanclev', 'jdickers', 'wnoh', 'anraj', 'sdidla', 'jtill04', 'asudibyo', 'spamilton1', 'joeblu', 'mwarsco', 'lpuglisi', 'kklacik', 'ftanjono', 'parimal', 'mharger', 'jskim', 'npanitch', 'apuri', 'alayi', 'mrmillz', 'hiddendecoy', 'stoneagelove', 'skovich', 'pateldm', 'dsutherl', 'rsherloc', 'srettber', 'bsparson', 'deetman', 'chadhag', 'seshaw', 'dube0', 'johns180', 'dopkick', 'bdannan', 'kim130', 'zer0xxx', 'lai', 'jshahid', 'Fisher', 'cabault', 'et279', 'sstreete', 'gshaw', 'camyers', 'ttho', 'akhilesh', 'ebuysse', 'gzarse', 'jones105', 'Jabzg', 'jgries', 'dmmitche', 'rtrusty', 'lpeterus', 'ajplaymaker', 'bsyoder', 'samkothari79', 'xmzhang', 'terran010', 'kim131', 'pbayuart', 'nrrojas', 'wang209', 'taylorcl', 'trs4ece', 'mdsnyder', 'spgreene', 'mhain', 'lmertes', 'nlabianc', 'tcollopy', 'chang61', 'czahner', 'bashir', 'aforkner', 'dgrothe', 'jgu', 'gbalmer', 'kelkwa11', 'nmisiuna', 'jwetheri', 'obernada', 'mamitche', 'jackfrost9p', 'zarastra', 'ormgi', 'zer0xXx', 'chaines', 'millies', 'romanchd', 'sprashan', 'ezarowny', 'somacroy', 'sundeepvem', 'arorar', 'sageorge', 'rkv0000', 'hsvasi', 'kdaiya', 'sonicalflair', 'babaumga', 'han45', 'nannachh', 'kbussmann', 'jkalbfle', 'swethy', 'spank_fusion', 'mtummala', 'brunner2112', 'smith571', 'nchirla', 'Zarastra', 'mille177', 'MurphyAKL', 'ajrobiso', 'judoma', 'zconvers', 'kassovic', 'astacy', 'vinsma', 'lcowsert', 'rparisi', 'ahermann', 'jaycrayz', 'gpajot', 'dplamber', 'acallawa', 'singapaul']",1,['davydotcom'],182,"['longja', 'jsommer', 'wehlhard', 'atruesde', 'gustaf89', 'tdjanoko', 'dergan', 'chermawi', 'aashi', 'nanohueb', 'freedomjustice', 'rahoward', 'smchaudh', 'docdaa008', 'pranaynanda', 'mrhee', 'zeich', 'elric22', 'bache', 'wangyangboy', 'griffinm', 'jidthekid', 'dtruax', 'bsarlitt', 'mickcrowley', 'gjross', 'gutierjm', 'john3636', 'mtanoto', 'ahartnet', 'kyangchul', 'sbach', 'wizdh', 'dulmes', 'danielac', 'Bache', 'ashayat', 'jostendo', 'bmroozia', 'rachitbiyani', 'jkurasz', 'fuzzy_maraca77', 'irony59', 'JoeBlu', 'jsterlin', 'tmoffitt', 'werman691', 'bskorupa', 'wow676', 'dhum', 'dvanclev', 'jdickers', 'wnoh', 'anraj', 'sdidla', 'jtill04', 'asudibyo', 'spamilton1', 'joeblu', 'mwarsco', 'lpuglisi', 'kklacik', 'ftanjono', 'parimal', 'mharger', 'jskim', 'npanitch', 'apuri', 'alayi', 'mrmillz', 'hiddendecoy', 'stoneagelove', 'skovich', 'pateldm', 'dsutherl', 'rsherloc', 'srettber', 'bsparson', 'deetman', 'chadhag', 'seshaw', 'dube0', 'johns180', 'dopkick', 'bdannan', 'kim130', 'zer0xxx', 'csrockerzero', 'lai', 'jshahid', 'Fisher', 'cabault', 'et279', 'sstreete', 'gshaw', 'camyers', 'ttho', 'akhilesh', 'ebuysse', 'gzarse', 'jones105', 'Jabzg', 'jgries', 'dmmitche', 'rtrusty', 'lpeterus', 'ajplaymaker', 'bsyoder', 'samkothari79', 'xmzhang', 'terran010', 'kim131', 'pbayuart', 'nrrojas', 'pmongkol', 'wang209', 'taylorcl', 'trs4ece', 'mdsnyder', 'spgreene', 'mhain', 'lmertes', 'nlabianc', 'tcollopy', 'chang61', 'czahner', 'bashir', 'aforkner', 'dgrothe', 'jgu', 'gbalmer', 'kelkwa11', 'nmisiuna', 'jwetheri', 'obernada', 'mamitche', 'jackfrost9p', 'zarastra', 'ormgi', 'zer0xXx', 'chaines', 'millies', 'romanchd', 'sprashan', 'ezarowny', 'somacroy', 'sundeepvem', 'arorar', 'sageorge', 'rkv0000', 'hsvasi', 'kdaiya', 'sonicalflair', 'babaumga', 'han45', 'nannachh', 'kbussmann', 'jkalbfle', 'swethy', 'spank_fusion', 'mtummala', 'brunner2112', 'smith571', 'nchirla', 'Zarastra', 'mille177', 'davydotcom', 'MurphyAKL', 'ajrobiso', 'judoma', 'zconvers', 'kassovic', 'astacy', 'vinsma', 'lcowsert', 'rparisi', 'ahermann', 'jaycrayz', 'gpajot', 'dplamber', 'acallawa', 'singapaul']"
3,23,40,27,26,"['tmleynek', 'catcall', 'ijhuggins', 'ochukhrai', 'ellingsito', 'battmanz', 'empire3k', 'ilya1987', 'lexe', 'dstle', 'meghannsmit', 'madmax', 'rusteng', 'wbmckean', 'lsross5', 'bclayton2003', 'bendmart', 'kigen', 'efillerup', 'extrasmoodious', 'SlackerZero', 'xiaoguo', 'kurt_retzloff', 'jrwells', 'natemccaughey', 'dmauchley']",14,"['sandros1', 'BenDMart', 'dkbags', 'blacksun7x', 'u0356611', 'sharna', 'jeweed', 'nparker', 'sonchu', 'williamcarlquist', 'u0244603', 'jmwilso1', 'chunderbutt', 'sickchick']",1,['l84119'],41,"['tmleynek', 'ijhuggins', 'catcall', 'jeweed', 'ochukhrai', 'battmanz', 'BenDMart', 'dkbags', 'empire3k', 'ilya1987', 'sharna', 'lexe', 'dstle', 'nparker', 'meghannsmit', 'madmax', 'rusteng', 'dmauchley', 'blacksun7x', 'wbmckean', 'williamcarlquist', 'lsross5', 'bclayton2003', 'bendmart', 'kigen', 'jmwilso1', 'extrasmoodious', 'chunderbutt', 'efillerup', 'sandros1', 'SlackerZero', 'xiaoguo', 'u0356611', 'l84119', 'kurt_retzloff', 'sonchu', 'u0244603', 'jrwells', 'natemccaughey', 'ellingsito', 'sickchick']"
3,22,40,6,1,['catcall'],39,"['tmleynek', 'ijhuggins', 'jeweed', 'ochukhrai', 'battmanz', 'BenDMart', 'dkbags', 'empire3k', 'ilya1987', 'sharna', 'lexe', 'dstle', 'nparker', 'meghannsmit', 'madmax', 'rusteng', 'dmauchley', 'blacksun7x', 'wbmckean', 'williamcarlquist', 'lsross5', 'bclayton2003', 'bendmart', 'kigen', 'jmwilso1', 'extrasmoodious', 'chunderbutt', 'efillerup', 'sandros1', 'SlackerZero', 'xiaoguo', 'u0356611', 'kurt_retzloff', 'sonchu', 'u0244603', 'jrwells', 'natemccaughey', 'ellingsito', 'sickchick']",5,"['l84119', 'harald84', 'ben19q', 'retzloff', 'jshumaker']",45,"['tmleynek', 'ijhuggins', 'catcall', 'jeweed', 'ochukhrai', 'retzloff', 'battmanz', 'BenDMart', 'dkbags', 'empire3k', 'ilya1987', 'sharna', 'lexe', 'ben19q', 'dstle', 'nparker', 'meghannsmit', 'madmax', 'rusteng', 'dmauchley', 'blacksun7x', 'wbmckean', 'williamcarlquist', 'lsross5', 'bclayton2003', 'bendmart', 'kigen', 'jmwilso1', 'extrasmoodious', 'chunderbutt', 'efillerup', 'sandros1', 'SlackerZero', 'xiaoguo', 'u0356611', 'l84119', 'harald84', 'kurt_retzloff', 'sonchu', 'u0244603', 'jrwells', 'natemccaughey', 'ellingsito', 'jshumaker', 'sickchick']"
3,24,40,6,6,"['dkbags', 'blacksun7x', 'jeweed', 'nparker', 'williamcarlquist', 'chunderbutt']",34,"['tmleynek', 'ijhuggins', 'catcall', 'ochukhrai', 'battmanz', 'BenDMart', 'empire3k', 'ilya1987', 'sharna', 'lexe', 'dstle', 'meghannsmit', 'madmax', 'rusteng', 'dmauchley', 'wbmckean', 'lsross5', 'bclayton2003', 'bendmart', 'kigen', 'jmwilso1', 'extrasmoodious', 'efillerup', 'sandros1', 'SlackerZero', 'xiaoguo', 'u0356611', 'kurt_retzloff', 'sonchu', 'u0244603', 'jrwells', 'natemccaughey', 'ellingsito', 'sickchick']",0,[],40,"['tmleynek', 'ijhuggins', 'catcall', 'jeweed', 'ochukhrai', 'battmanz', 'BenDMart', 'dkbags', 'empire3k', 'ilya1987', 'sharna', 'lexe', 'dstle', 'nparker', 'meghannsmit', 'madmax', 'rusteng', 'dmauchley', 'blacksun7x', 'wbmckean', 'williamcarlquist', 'lsross5', 'bclayton2003', 'bendmart', 'kigen', 'jmwilso1', 'extrasmoodious', 'chunderbutt', 'efillerup', 'sandros1', 'SlackerZero', 'xiaoguo', 'u0356611', 'kurt_retzloff', 'sonchu', 'u0244603', 'jrwells', 'natemccaughey', 'ellingsito', 'sickchick']"
4,38,37,48,35,"['jspark', 'danfullin', 'dwillnu', 'crip1163', 'sianmei', 'jojonelli', 'kevinl85', 'nulongsnapper86', 'nutmeg0440', 'tvc310', 'shehanfernando', 'grm154', 'nahmadi', 'albertlui', 'rizalph', 'kohnes86', 'present2010', 'allisonchoing', 'blkhawk005', 'pootietang', 'tgillard', 'epd800', 'AllisonChoing', 'northlild85', 'jsp255', 'kjv526', 'vac781', 'ecarter', 'chrismeetsparis', 'thatkidandy', 'Nutmeg0440', 'methompson86', 'downin24', 'NutMeg0440', 'thuynh86']",2,"['zzhu', 'sarnold935']",13,"['tejerina', 'schatz', 'ndk510', 'mmapodaca', 'spilewski', 'achin', 'Downin24', 'weichiwong', 'jrw580', 'srv901', 'ausmanlk', 'cmaikens', 'kwoodward']",50,"['jspark', 'danfullin', 'achin', 'dwillnu', 'schatz', 'jojonelli', 'nulongsnapper86', 'grm154', 'nahmadi', 'rizalph', 'kwoodward', 'pootietang', 'Downin24', 'northlild85', 'ausmanlk', 'tejerina', 'mmapodaca', 'chrismeetsparis', 'NutMeg0440', 'cmaikens', 'ndk510', 'spilewski', 'crip1163', 'sianmei', 'kevinl85', 'nutmeg0440', 'tvc310', 'shehanfernando', 'albertlui', 'kohnes86', 'present2010', 'allisonchoing', 'blkhawk005', 'tgillard', 'epd800', 'AllisonChoing', 'srv901', 'jsp255', 'kjv526', 'vac781', 'ecarter', 'thatkidandy', 'sarnold935', 'Nutmeg0440', 'jrw580', 'methompson86', 'downin24', 'thuynh86', 'zzhu', 'weichiwong']"
5,16,31,30,26,"['prrussel', 'hjaganat', 'klfrank', 'sbook', 'lachlanbadger', 'skyaw', 'amalling', 'sollila', 'mbosley', 'awibawa', 'sfairfie', 'tmlowe', 'smithmc', 'andrewotte', 'bturk', 'rflynn', 'jbernhar', 'mjwaters', 'abreisin', 'abartow', 'boersenn', 'ebarriba', 'ehalsey', 'mkittle', 'jptucker', 'banglin']",5,"['mbelcher', 'psajor', 'attn007', 'lee297', 'Ainshi']",4,"['mtmannin', 'strachan', 'dcorbitt', 'tis0lamp']",35,"['prrussel', 'hjaganat', 'klfrank', 'sbook', 'lachlanbadger', 'amalling', 'lee297', 'dcorbitt', 'sollila', 'mbosley', 'awibawa', 'mbelcher', 'smithmc', 'tmlowe', 'sfairfie', 'strachan', 'andrewotte', 'bturk', 'rflynn', 'jbernhar', 'mjwaters', 'abreisin', 'abartow', 'attn007', 'boersenn', 'mtmannin', 'ehalsey', 'ebarriba', 'mkittle', 'jptucker', 'banglin', 'psajor', 'Ainshi', 'skyaw', 'tis0lamp']"
5,12,31,24,21,"['prrussel', 'klfrank', 'sbook', 'lachlanbadger', 'skyaw', 'mbosley', 'awibawa', 'sfairfie', 'tmlowe', 'smithmc', 'andrewotte', 'bturk', 'jbernhar', 'mjwaters', 'abreisin', 'abartow', 'boersenn', 'ehalsey', 'ebarriba', 'Ainshi', 'banglin']",10,"['hjaganat', 'mkittle', 'sollila', 'jptucker', 'mbelcher', 'psajor', 'attn007', 'amalling', 'lee297', 'rflynn']",3,"['tisolamp', 'jrcalver', 'strachan']",34,"['prrussel', 'hjaganat', 'klfrank', 'sbook', 'lachlanbadger', 'amalling', 'lee297', 'sollila', 'jrcalver', 'mbosley', 'awibawa', 'mbelcher', 'smithmc', 'tmlowe', 'sfairfie', 'strachan', 'tisolamp', 'andrewotte', 'bturk', 'rflynn', 'jbernhar', 'mjwaters', 'abreisin', 'abartow', 'attn007', 'boersenn', 'ehalsey', 'ebarriba', 'mkittle', 'jptucker', 'banglin', 'psajor', 'Ainshi', 'skyaw']"
5,13,31,9,7,"['mjwaters', 'mkittle', 'abreisin', 'sollila', 'attn007', 'amalling', 'Ainshi']",24,"['prrussel', 'hjaganat', 'klfrank', 'sbook', 'lachlanbadger', 'skyaw', 'lee297', 'mbosley', 'awibawa', 'mbelcher', 'smithmc', 'tmlowe', 'sfairfie', 'andrewotte', 'bturk', 'rflynn', 'jbernhar', 'abartow', 'boersenn', 'ehalsey', 'ebarriba', 'jptucker', 'psajor', 'banglin']",2,"['yanyao', 'vskhadka']",33,"['prrussel', 'hjaganat', 'vskhadka', 'klfrank', 'sbook', 'lachlanbadger', 'amalling', 'lee297', 'sollila', 'mbosley', 'awibawa', 'mbelcher', 'smithmc', 'tmlowe', 'sfairfie', 'andrewotte', 'bturk', 'rflynn', 'jbernhar', 'mjwaters', 'abreisin', 'abartow', 'yanyao', 'attn007', 'boersenn', 'ehalsey', 'ebarriba', 'mkittle', 'jptucker', 'banglin', 'psajor', 'Ainshi', 'skyaw']"
5,14,31,6,5,"['jptucker', 'awibawa', 'mbelcher', 'bturk', 'rflynn']",26,"['prrussel', 'hjaganat', 'mjwaters', 'klfrank', 'sbook', 'abreisin', 'abartow', 'lachlanbadger', 'skyaw', 'attn007', 'amalling', 'lee297', 'boersenn', 'ehalsey', 'ebarriba', 'mkittle', 'sollila', 'mbosley', 'smithmc', 'tmlowe', 'sfairfie', 'banglin', 'psajor', 'andrewotte', 'Ainshi', 'jbernhar']",1,['awinston'],32,"['prrussel', 'hjaganat', 'mjwaters', 'klfrank', 'sbook', 'abreisin', 'abartow', 'lachlanbadger', 'skyaw', 'attn007', 'amalling', 'lee297', 'boersenn', 'ehalsey', 'ebarriba', 'mkittle', 'sollila', 'jptucker', 'mbosley', 'awibawa', 'mbelcher', 'smithmc', 'tmlowe', 'sfairfie', 'banglin', 'psajor', 'andrewotte', 'Ainshi', 'bturk', 'awinston', 'rflynn', 'jbernhar']"
6,28,29,34,4,"['ZdenekNo', 'xzimek01', 'majlow', 'kuzdaso']",25,"['zenock', 'shorif', 'jasonpeterson', 'ssalamat', 'bupolin77', 'junezhu', 'jegonzal', 'bajones', 'boki', 'nugraha', 'LINCSTAR182', 'zhudongchun', 'kim70', 'grock', 'Zenock', 'newmin', 'cbburger', 'fsheng', 'john1248', 'rno310', 'kaz830', 'cinedemian', 'sbc4897', 'masud001', 'jhenrie']",30,"['hugotek', 'sedlakp', 'xjaros24', 'xbetla00', 'ufyzguest', 'xbartu', 'lumpikur', 'czkiller', 'majlos', 'xsedam00', 'xjanos07', 'reznicekm', 'xnavra28', 'xhrube00', 'Havlicek', 'xkroli00', 'jirkami', 'cendar', 'poloop', 'xlazni05', 'mikkiste', 'xkubin08', 'lordraia', 'benda', 'xhakto00', 'susen', 'berzby', 'jiri_novosad', 'Dallda', 'loutocky']",59,"['hugotek', 'zenock', 'shorif', 'sedlakp', 'jasonpeterson', 'ssalamat', 'bupolin77', 'xjaros24', 'xbetla00', 'ufyzguest', 'xbartu', 'lumpikur', 'majlow', 'junezhu', 'czkiller', 'majlos', 'xsedam00', 'jegonzal', 'bajones', 'boki', 'nugraha', 'LINCSTAR182', 'xjanos07', 'reznicekm', 'xnavra28', 'zhudongchun', 'xhrube00', 'Havlicek', 'ZdenekNo', 'kim70', 'xkroli00', 'grock', 'jirkami', 'Zenock', 'cendar', 'newmin', 'cbburger', 'fsheng', 'poloop', 'john1248', 'xlazni05', 'mikkiste', 'rno310', 'kuzdaso', 'xkubin08', 'kaz830', 'cinedemian', 'sbc4897', 'masud001', 'lordraia', 'benda', 'xhakto00', 'susen', 'berzby', 'jiri_novosad', 'xzimek01', 'Dallda', 'loutocky', 'jhenrie']"
6,29,29,17,11,"['junezhu', 'cinedemian', 'masud001', 'shorif', 'newmin', 'cbburger', 'ssalamat', 'bupolin77', 'zhudongchun', 'kim70', 'jhenrie']",18,"['Zenock', 'kaz830', 'zenock', 'sbc4897', 'rno310', 'jegonzal', 'jasonpeterson', 'bajones', 'boki', 'nugraha', 'LINCSTAR182', 'fsheng', 'xzimek01', 'john1248', 'ZdenekNo', 'majlow', 'grock', 'kuzdaso']",6,"['gkarakon', 'tjandran', 'zainu', 'turkstra', 'pgururaj', 'vidnari']",35,"['zenock', 'shorif', 'jasonpeterson', 'ssalamat', 'bupolin77', 'zainu', 'majlow', 'junezhu', 'gkarakon', 'jegonzal', 'bajones', 'boki', 'nugraha', 'LINCSTAR182', 'zhudongchun', 'ZdenekNo', 'kim70', 'grock', 'Zenock', 'newmin', 'cbburger', 'fsheng', 'john1248', 'rno310', 'kuzdaso', 'kaz830', 'cinedemian', 'sbc4897', 'masud001', 'xzimek01', 'tjandran', 'turkstra', 'pgururaj', 'vidnari', 'jhenrie']"
6,27,29,16,1,['grock'],28,"['zenock', 'shorif', 'jasonpeterson', 'ssalamat', 'bupolin77', 'majlow', 'junezhu', 'jegonzal', 'bajones', 'boki', 'nugraha', 'LINCSTAR182', 'zhudongchun', 'ZdenekNo', 'kim70', 'Zenock', 'newmin', 'fsheng', 'cbburger', 'john1248', 'rno310', 'kuzdaso', 'kaz830', 'cinedemian', 'sbc4897', 'masud001', 'xzimek01', 'jhenrie']",15,"['ssessi', 'DarrinReed', 'chrisraymes', 'sahar', 'stewartsoda', 'lincstar182', 'hbui', 'justinbutterfield', 'kriscampbell', 'davidknight', 'otrejo', 'dency_daniel', 'jvalmanza', 'victorkelley', 'aaronwozniak']",44,"['zenock', 'shorif', 'jasonpeterson', 'ssalamat', 'bupolin77', 'justinbutterfield', 'kriscampbell', 'davidknight', 'victorkelley', 'majlow', 'junezhu', 'ssessi', 'jegonzal', 'bajones', 'boki', 'nugraha', 'LINCSTAR182', 'jvalmanza', 'zhudongchun', 'ZdenekNo', 'kim70', 'grock', 'Zenock', 'newmin', 'cbburger', 'fsheng', 'stewartsoda', 'lincstar182', 'dency_daniel', 'john1248', 'rno310', 'kuzdaso', 'aaronwozniak', 'kaz830', 'cinedemian', 'DarrinReed', 'sbc4897', 'masud001', 'chrisraymes', 'sahar', 'hbui', 'xzimek01', 'otrejo', 'jhenrie']"
7,61,23,123,15,"['nutomo', 'fisher', 'nee_a87', 'aozero', 'jcromer', 'stucky', 'jenkinsalexp', 'SonicalFlair', 'jcleong', 'priyamtrivedi', 'babauman', 'axavier', 'plaird', 'aashi21', 'gsinghal']",8,"['adarmans', 'blee292513', 'adamskelton', 'acgautam', 'mjbarger', 'skalafut', 'singhs', 'misko9']",108,"['jones105', 'longja', 'Jabzg', 'mattsbai', 'dmmitche', 'rtrusty', 'atruesde', 'gustaf89', 'tdjanoko', 'dergan', 'chermawi', 'bsyoder', 'rahoward', 'terran010', 'kim131', 'pbayuart', 'nrrojas', 'pmongkol', 'docdaa008', 'pranaynanda', 'mrhee', 'mhain', 'spgreene', 'nlabianc', 'chang61', 'zeich', 'tcollopy', 'czahner', 'wangyangboy', 'griffinm', 'dgrothe', 'jidthekid', 'jgu', 'gutierjm', 'kelkwa11', 'nmisiuna', 'jwetheri', 'mamitche', 'john3636', 'obernada', 'singapaul', 'mtanoto', 'chaines', 'sbach', 'wizdh', 'dulmes', 'jostendo', 'sumeetkumargupta', 'somacroy', 'jkurasz', 'fuzzy_maraca77', 'arorar', 'irony59', 'sageorge', 'tmoffitt', 'werman691', 'hsvasi', 'wow676', 'kdaiya', 'sonicalflair', 'han45', 'asudibyo', 'spamilton1', 'joeblu', 'mwarsco', 'lpuglisi', 'kklacik', 'ftanjono', 'swethy', 'jskim', 'npanitch', 'mtummala', 'brunner2112', 'nchirla', 'Zarastra', 'mrmillz', 'garg', 'hiddendecoy', 'ongt', 'pateldm', 'dsutherl', 'rsherloc', 'judoma', 'zconvers', 'bsparson', 'seshaw', 'dube0', 'johns180', 'bdannan', 'kim130', 'zer0xxx', 'astacy', 'vinsma', 'rparisi', 'lcowsert', 'csrockerzero', 'Fisher', 'wildkid256', 'sstreete', 'ahermann', 'jaycrayz', 'dplamber', 'jcwirth', 'dmsnell', 'akhilesh', 'pjyoti', 'acallawa', 'gzarse']",131,"['longja', 'jcromer', 'atruesde', 'gustaf89', 'tdjanoko', 'dergan', 'chermawi', 'priyamtrivedi', 'rahoward', 'aozero', 'docdaa008', 'pranaynanda', 'mrhee', 'zeich', 'wangyangboy', 'griffinm', 'jidthekid', 'gutierjm', 'john3636', 'mtanoto', 'sbach', 'wizdh', 'fisher', 'dulmes', 'jostendo', 'sumeetkumargupta', 'jkurasz', 'fuzzy_maraca77', 'irony59', 'axavier', 'tmoffitt', 'werman691', 'wow676', 'asudibyo', 'spamilton1', 'joeblu', 'mwarsco', 'lpuglisi', 'kklacik', 'ftanjono', 'jskim', 'npanitch', 'adamskelton', 'mrmillz', 'garg', 'hiddendecoy', 'nee_a87', 'ongt', 'pateldm', 'dsutherl', 'rsherloc', 'bsparson', 'seshaw', 'dube0', 'johns180', 'bdannan', 'kim130', 'zer0xxx', 'gsinghal', 'csrockerzero', 'Fisher', 'adarmans', 'sstreete', 'jcwirth', 'akhilesh', 'SonicalFlair', 'pjyoti', 'jcleong', 'gzarse', 'jones105', 'Jabzg', 'dmmitche', 'rtrusty', 'blee292513', 'bsyoder', 'terran010', 'kim131', 'plaird', 'pbayuart', 'nrrojas', 'pmongkol', 'stucky', 'mhain', 'spgreene', 'nlabianc', 'acgautam', 'mjbarger', 'chang61', 'tcollopy', 'czahner', 'dgrothe', 'jgu', 'kelkwa11', 'nmisiuna', 'jwetheri', 'mamitche', 'obernada', 'chaines', 'aashi21', 'somacroy', 'arorar', 'sageorge', 'misko9', 'nutomo', 'hsvasi', 'kdaiya', 'sonicalflair', 'han45', 'swethy', 'mtummala', 'brunner2112', 'nchirla', 'Zarastra', 'singhs', 'judoma', 'zconvers', 'babauman', 'astacy', 'vinsma', 'rparisi', 'lcowsert', 'wildkid256', 'jenkinsalexp', 'ahermann', 'jaycrayz', 'dplamber', 'dmsnell', 'mattsbai', 'skalafut', 'acallawa', 'singapaul']"
7,66,23,68,1,['gsinghal'],22,"['nutomo', 'jcromer', 'blee292513', 'priyamtrivedi', 'plaird', 'aozero', 'stucky', 'adamskelton', 'acgautam', 'mjbarger', 'nee_a87', 'singhs', 'babauman', 'aashi21', 'fisher', 'adarmans', 'jenkinsalexp', 'SonicalFlair', 'axavier', 'skalafut', 'jcleong', 'misko9']",67,"['werman691', 'Jabzg', 'hsvasi', 'wow676', 'kdaiya', 'dvanclev', 'rtrusty', 'lpeterus', 'acallawa', 'jtill04', 'atruesde', 'gustaf89', 'sonicalflair', 'tdjanoko', 'chermawi', 'babaumga', 'dergan', 'rahoward', 'spamilton1', 'terran010', 'pbayuart', 'nrrojas', 'pmongkol', 'lpuglisi', 'kklacik', 'ftanjono', 'docdaa008', 'swethy', 'pranaynanda', 'jskim', 'brunner2112', 'nchirla', 'nlabianc', 'mrmillz', 'tcollopy', 'aforkner', 'wangyangboy', 'jgu', 'rsherloc', 'gbalmer', 'gutierjm', 'kelkwa11', 'jwetheri', 'obernada', 'kassovic', 'johns180', 'zer0xXx', 'dube0', 'bdannan', 'astacy', 'gshaw', 'Fisher', 'sprashan', 'et279', 'sstreete', 'irony59', 'dulmes', 'jaycrayz', 'jostendo', 'dplamber', 'dmsnell', 'jcwirth', 'arorar', 'mattsbai', 'akhilesh', 'jsterlin', 'gzarse']",90,"['Jabzg', 'mattsbai', 'jcromer', 'rtrusty', 'lpeterus', 'atruesde', 'blee292513', 'gustaf89', 'tdjanoko', 'chermawi', 'dergan', 'priyamtrivedi', 'rahoward', 'terran010', 'plaird', 'pbayuart', 'nrrojas', 'pmongkol', 'aozero', 'docdaa008', 'stucky', 'pranaynanda', 'nlabianc', 'acgautam', 'mjbarger', 'tcollopy', 'aforkner', 'wangyangboy', 'jgu', 'gbalmer', 'gutierjm', 'kelkwa11', 'jwetheri', 'obernada', 'zer0xXx', 'aashi21', 'fisher', 'sprashan', 'dulmes', 'jostendo', 'arorar', 'irony59', 'axavier', 'jsterlin', 'misko9', 'nutomo', 'werman691', 'hsvasi', 'wow676', 'kdaiya', 'dvanclev', 'jtill04', 'sonicalflair', 'babaumga', 'spamilton1', 'lpuglisi', 'kklacik', 'ftanjono', 'swethy', 'jskim', 'brunner2112', 'adamskelton', 'nchirla', 'mrmillz', 'nee_a87', 'singhs', 'rsherloc', 'kassovic', 'johns180', 'dube0', 'babauman', 'bdannan', 'astacy', 'gsinghal', 'gshaw', 'Fisher', 'adarmans', 'et279', 'sstreete', 'jenkinsalexp', 'jaycrayz', 'dplamber', 'dmsnell', 'jcwirth', 'akhilesh', 'SonicalFlair', 'skalafut', 'acallawa', 'jcleong', 'gzarse']"
7,65,23,13,1,['acgautam'],22,"['nutomo', 'jcromer', 'blee292513', 'priyamtrivedi', 'plaird', 'aozero', 'stucky', 'adamskelton', 'mjbarger', 'nee_a87', 'singhs', 'babauman', 'aashi21', 'gsinghal', 'fisher', 'adarmans', 'jenkinsalexp', 'SonicalFlair', 'axavier', 'skalafut', 'jcleong', 'misko9']",12,"['ajrobiso', 'jsommer', 'gbalmer', 'ftanjono', 'camyers', 'bsparson', 'sageorge', 'somacroy', 'spamilton1', 'MurphyAKL', 'romanchd', 'ebuysse']",35,"['nutomo', 'ajrobiso', 'jsommer', 'gbalmer', 'bsparson', 'jcromer', 'ebuysse', 'skalafut', 'sageorge', 'blee292513', 'priyamtrivedi', 'babauman', 'spamilton1', 'plaird', 'romanchd', 'aashi21', 'gsinghal', 'fisher', 'adarmans', 'aozero', 'ftanjono', 'camyers', 'stucky', 'jenkinsalexp', 'adamskelton', 'somacroy', 'acgautam', 'mjbarger', 'SonicalFlair', 'axavier', 'nee_a87', 'singhs', 'MurphyAKL', 'jcleong', 'misko9']"
7,62,23,12,1,['adarmans'],22,"['nutomo', 'jcromer', 'blee292513', 'priyamtrivedi', 'plaird', 'aozero', 'stucky', 'adamskelton', 'acgautam', 'mjbarger', 'nee_a87', 'singhs', 'babauman', 'aashi21', 'gsinghal', 'fisher', 'jenkinsalexp', 'SonicalFlair', 'axavier', 'skalafut', 'jcleong', 'misko9']",11,"['sprashan', 'smchaudh', 'dvanclev', 'neudeck', 'gjross', 'smith571', 'han45', 'dopkick', 'chaines', 'astacy', 'lcowsert']",34,"['nutomo', 'dvanclev', 'jcromer', 'neudeck', 'gjross', 'skalafut', 'blee292513', 'han45', 'priyamtrivedi', 'babauman', 'dopkick', 'plaird', 'chaines', 'astacy', 'lcowsert', 'aashi21', 'gsinghal', 'fisher', 'sprashan', 'adarmans', 'smchaudh', 'aozero', 'stucky', 'jenkinsalexp', 'smith571', 'adamskelton', 'acgautam', 'mjbarger', 'SonicalFlair', 'axavier', 'nee_a87', 'singhs', 'jcleong', 'misko9']"
7,63,23,7,3,"['blee292513', 'nee_a87', 'singhs']",20,"['nutomo', 'jcromer', 'priyamtrivedi', 'plaird', 'aozero', 'stucky', 'adamskelton', 'acgautam', 'mjbarger', 'babauman', 'aashi21', 'gsinghal', 'fisher', 'adarmans', 'jenkinsalexp', 'SonicalFlair', 'axavier', 'skalafut', 'jcleong', 'misko9']",4,"['nanohueb', 'mtanoto', 'han45', 'csrockerzero']",27,"['nutomo', 'jcromer', 'skalafut', 'blee292513', 'nanohueb', 'mtanoto', 'han45', 'priyamtrivedi', 'babauman', 'plaird', 'aashi21', 'gsinghal', 'fisher', 'csrockerzero', 'adarmans', 'aozero', 'stucky', 'jenkinsalexp', 'adamskelton', 'acgautam', 'mjbarger', 'SonicalFlair', 'axavier', 'nee_a87', 'singhs', 'jcleong', 'misko9']"
8,10,20,23,14,"['greatjw', 'sayid', 'candle120', 'CyberSnoopy', 'exlove', 'braganza_michael', 'hhuang', 'radiation', 'jkdavid', 'shannonlew', 'orsonlo', 'cybersnoopy', 'leeckung', 'dharma135']",6,"['sonchoy', 'JForejtek', 'slipson', 'fountain', 'okinjo', 'rajatg']",9,"['lettertohyo', 'ddrum2000', 'enshaoliu', 'dipanjan', 'harip1985', 'pradeepranjal', 'jamil', 'femto', 'mer99tigers']",29,"['sonchoy', 'candle120', 'ddrum2000', 'exlove', 'hhuang', 'harip1985', 'lettertohyo', 'sayid', 'enshaoliu', 'slipson', 'jkdavid', 'rajatg', 'dharma135', 'braganza_michael', 'JForejtek', 'pradeepranjal', 'jamil', 'fountain', 'shannonlew', 'orsonlo', 'okinjo', 'leeckung', 'mer99tigers', 'greatjw', 'CyberSnoopy', 'dipanjan', 'femto', 'cybersnoopy', 'radiation']"
8,7,20,7,2,"['cybersnoopy', 'CyberSnoopy']",18,"['greatjw', 'sayid', 'sonchoy', 'candle120', 'exlove', 'braganza_michael', 'hhuang', 'JForejtek', 'slipson', 'radiation', 'fountain', 'jkdavid', 'shannonlew', 'orsonlo', 'okinjo', 'rajatg', 'leeckung', 'dharma135']",5,"['lettertohyo', 'ddrum2000', 'enshaoliu', 'ferdousi', 'jamil']",25,"['sonchoy', 'candle120', 'ddrum2000', 'ferdousi', 'exlove', 'braganza_michael', 'hhuang', 'JForejtek', 'jamil', 'fountain', 'shannonlew', 'orsonlo', 'okinjo', 'leeckung', 'greatjw', 'lettertohyo', 'sayid', 'CyberSnoopy', 'enshaoliu', 'slipson', 'radiation', 'jkdavid', 'cybersnoopy', 'rajatg', 'dharma135']"
8,9,20,6,1,['JForejtek'],19,"['sonchoy', 'candle120', 'exlove', 'hhuang', 'sayid', 'slipson', 'jkdavid', 'rajatg', 'dharma135', 'braganza_michael', 'fountain', 'shannonlew', 'orsonlo', 'okinjo', 'leeckung', 'greatjw', 'CyberSnoopy', 'cybersnoopy', 'radiation']",5,"['xsedam00', 'xjanos07', 'xnavra28', 'xjaros24', 'xbartu']",25,"['sonchoy', 'candle120', 'exlove', 'braganza_michael', 'hhuang', 'JForejtek', 'xjaros24', 'fountain', 'shannonlew', 'orsonlo', 'xbartu', 'okinjo', 'leeckung', 'greatjw', 'sayid', 'CyberSnoopy', 'xsedam00', 'xjanos07', 'xnavra28', 'slipson', 'radiation', 'jkdavid', 'cybersnoopy', 'rajatg', 'dharma135']"
9,34,16,36,2,"['jchmelik', 'sulcj']",14,"['czkiller', 'hugotek', 'lordraia', 'xsedam00', 'benda', 'berzby', 'xnavra28', 'xhrube00', 'xjaros24', 'mikkiste', 'xbartu', 'loutocky', 'xkroli00', 'jirkami']",34,"['vidan', 'clown', 'sedlakp', 'thorXL', 'clovek', 'xkrahu03', 'xuhlar00', 'ufyzguest', 'Pau16', 'jmacak', 'mage', 'magellan', 'roman', 'Havlicek', 'nano_xtalav00', 'xhenzl00', 'cendar', 'immortal', 'kubb', 'mirek', 'jardakn', 'zeron', 'poloop', 'vinecko', 'jiriholubcik', 'xpapez00', 'xzaple12', 'xpavlo04', 'xbotko00', 'jendelin1', 'xjanic06', 'jarek', 'poolee', 'martingt110']",50,"['hugotek', 'vidan', 'clown', 'sedlakp', 'thorXL', 'clovek', 'xkrahu03', 'xjaros24', 'xuhlar00', 'ufyzguest', 'xbartu', 'Pau16', 'czkiller', 'jmacak', 'xsedam00', 'mage', 'xnavra28', 'magellan', 'roman', 'xhrube00', 'martingt110', 'Havlicek', 'xkroli00', 'jirkami', 'nano_xtalav00', 'xhenzl00', 'cendar', 'immortal', 'sulcj', 'kubb', 'mirek', 'jardakn', 'zeron', 'poloop', 'vinecko', 'jiriholubcik', 'mikkiste', 'xpapez00', 'xzaple12', 'xpavlo04', 'xbotko00', 'lordraia', 'benda', 'jchmelik', 'berzby', 'jendelin1', 'xjanic06', 'jarek', 'poolee', 'loutocky']"
9,26,16,35,2,"['jchmelik', 'sulcj']",14,"['czkiller', 'hugotek', 'lordraia', 'xsedam00', 'benda', 'berzby', 'xnavra28', 'xhrube00', 'xjaros24', 'mikkiste', 'xbartu', 'loutocky', 'xkroli00', 'jirkami']",33,"['vidan', 'clown', 'sedlakp', 'thorXL', 'xsvabf00', 'xuhlar00', 'xkrahu03', 'Pau16', 'callos', 'mage', 'magellan', 'Havlicek', 'nano_xtalav00', 'immortal', 'Roman', 'kubb', 'mirek', 'jardakn', 'zeron', 'vinecko', 'wing', 'jiriholubcik', 'xpapez00', 'xmisek00', 'xzaple12', 'xpavlo04', 'xbotko00', 'jendelin1', 'jiri_novosad', 'xjanic06', 'haldy', 'jarek', 'KliBall']",49,"['hugotek', 'vidan', 'clown', 'sedlakp', 'thorXL', 'xsvabf00', 'xuhlar00', 'xjaros24', 'xkrahu03', 'xbartu', 'Pau16', 'czkiller', 'callos', 'xsedam00', 'mage', 'xnavra28', 'magellan', 'xhrube00', 'Havlicek', 'xkroli00', 'jirkami', 'nano_xtalav00', 'immortal', 'sulcj', 'Roman', 'kubb', 'mirek', 'jardakn', 'zeron', 'vinecko', 'wing', 'mikkiste', 'jiriholubcik', 'xpapez00', 'xmisek00', 'xzaple12', 'xpavlo04', 'xbotko00', 'lordraia', 'benda', 'jchmelik', 'berzby', 'jendelin1', 'jiri_novosad', 'xjanic06', 'haldy', 'jarek', 'KliBall', 'loutocky']"
9,28,16,34,14,"['czkiller', 'hugotek', 'lordraia', 'xsedam00', 'benda', 'berzby', 'xnavra28', 'xhrube00', 'xjaros24', 'mikkiste', 'xbartu', 'loutocky', 'xkroli00', 'jirkami']",2,"['jchmelik', 'sulcj']",20,"['sedlakp', 'xbetla00', 'ufyzguest', 'lumpikur', 'majlow', 'majlos', 'xjanos07', 'reznicekm', 'Havlicek', 'ZdenekNo', 'cendar', 'poloop', 'xlazni05', 'kuzdaso', 'xkubin08', 'xhakto00', 'susen', 'jiri_novosad', 'xzimek01', 'Dallda']",36,"['hugotek', 'sedlakp', 'xjaros24', 'xbetla00', 'ufyzguest', 'xbartu', 'lumpikur', 'majlow', 'czkiller', 'xsedam00', 'majlos', 'xjanos07', 'xnavra28', 'reznicekm', 'xhrube00', 'Havlicek', 'ZdenekNo', 'xkroli00', 'jirkami', 'cendar', 'sulcj', 'poloop', 'xlazni05', 'mikkiste', 'kuzdaso', 'xkubin08', 'lordraia', 'benda', 'xhakto00', 'susen', 'jchmelik', 'berzby', 'jiri_novosad', 'xzimek01', 'Dallda', 'loutocky']"
9,43,16,32,2,"['jchmelik', 'sulcj']",14,"['czkiller', 'hugotek', 'lordraia', 'xsedam00', 'benda', 'berzby', 'xnavra28', 'xhrube00', 'xjaros24', 'mikkiste', 'xbartu', 'loutocky', 'xkroli00', 'jirkami']",30,"['clown', 'sedlakp', 'thorXL', 'xkrahu03', 'xuhlar00', 'ufyzguest', 'Pau16', 'callos', 'roman', 'djnavr', 'Havlicek', 'cendar', 'kliball', 'immortal', 'kubb', 'mirek', 'zeron', 'vinecko', 'jiriholubcik', 'xpapez00', 'xmisek00', 'xzaple12', 'xpavlo04', 'haldy123', 'xstava05', 'jendelin1', 'jiri_novosad', 'xjanic06', 'hajny', 'poolee']",46,"['hugotek', 'clown', 'sedlakp', 'thorXL', 'xkrahu03', 'xjaros24', 'xuhlar00', 'ufyzguest', 'xbartu', 'Pau16', 'czkiller', 'callos', 'xsedam00', 'xnavra28', 'roman', 'djnavr', 'xhrube00', 'Havlicek', 'xkroli00', 'jirkami', 'cendar', 'kliball', 'immortal', 'sulcj', 'kubb', 'mirek', 'zeron', 'vinecko', 'jiriholubcik', 'mikkiste', 'xpapez00', 'xmisek00', 'xzaple12', 'xpavlo04', 'haldy123', 'lordraia', 'benda', 'xstava05', 'jchmelik', 'berzby', 'jendelin1', 'jiri_novosad', 'xjanic06', 'hajny', 'poolee', 'loutocky']"
9,35,16,31,13,"['czkiller', 'hugotek', 'lordraia', 'xsedam00', 'benda', 'berzby', 'xnavra28', 'xhrube00', 'xjaros24', 'xbartu', 'loutocky', 'xkroli00', 'jirkami']",3,"['mikkiste', 'jchmelik', 'sulcj']",18,"['kliball', 'rasiel', 'majlos', 'sedlakp', 'Ladas_M', 'xhakto00', 'susen', 'reznicekm', 'dallda', 'solda', 'pekosek23', 'xbetla00', 'oti', 'NosekZ', 'ufyzguest', 'xmisek00', 'lumpikur', 'koren']",34,"['hugotek', 'sedlakp', 'solda', 'xjaros24', 'xbetla00', 'ufyzguest', 'xbartu', 'lumpikur', 'czkiller', 'rasiel', 'xsedam00', 'majlos', 'Ladas_M', 'xnavra28', 'reznicekm', 'xhrube00', 'NosekZ', 'xkroli00', 'jirkami', 'kliball', 'sulcj', 'dallda', 'mikkiste', 'xmisek00', 'lordraia', 'benda', 'xhakto00', 'susen', 'jchmelik', 'berzby', 'pekosek23', 'oti', 'koren', 'loutocky']"
9,44,16,30,14,"['czkiller', 'hugotek', 'lordraia', 'xsedam00', 'benda', 'berzby', 'xnavra28', 'xhrube00', 'xjaros24', 'mikkiste', 'xbartu', 'loutocky', 'xkroli00', 'jirkami']",2,"['jchmelik', 'sulcj']",16,"['xholik00', 'Ladas_M', 'majlos', 'Solda', 'mage', 'xjanos07', 'lumir', 'dallda', 'jardakn', 'Nosekz', 'pekosek23', 'xbetla00', 'oti', 'xlazni05', 'krivak', 'xkubin08']",32,"['hugotek', 'xholik00', 'xjaros24', 'xbetla00', 'xbartu', 'czkiller', 'xsedam00', 'majlos', 'Ladas_M', 'mage', 'xjanos07', 'xnavra28', 'xhrube00', 'xkroli00', 'jirkami', 'sulcj', 'Solda', 'lumir', 'dallda', 'jardakn', 'xlazni05', 'mikkiste', 'krivak', 'xkubin08', 'lordraia', 'benda', 'jchmelik', 'berzby', 'Nosekz', 'pekosek23', 'oti', 'loutocky']"
9,5,16,26,2,"['loutocky', 'sulcj']",14,"['czkiller', 'hugotek', 'lordraia', 'xsedam00', 'benda', 'jchmelik', 'xnavra28', 'berzby', 'xhrube00', 'xjaros24', 'mikkiste', 'xbartu', 'xkroli00', 'jirkami']",24,"['clown', 'thorXL', 'xuhlar00', 'ufyzguest', 'callos', 'rasiel', 'jmacak', 'mage', 'roman', 'pospa83', 'Havlicek', 'nano_xtalav00', 'xhenzl00', 'cendar', 'kliball', 'immortal', 'vinecko', 'xmisek00', 'xzaple12', 'xpavlo04', 'xbotko00', 'xhakto00', 'jendelin1', 'xjanic06']",40,"['hugotek', 'clown', 'thorXL', 'xuhlar00', 'xjaros24', 'ufyzguest', 'xbartu', 'czkiller', 'callos', 'rasiel', 'jmacak', 'xsedam00', 'mage', 'xnavra28', 'roman', 'pospa83', 'xhrube00', 'Havlicek', 'xkroli00', 'jirkami', 'nano_xtalav00', 'xhenzl00', 'cendar', 'kliball', 'immortal', 'sulcj', 'vinecko', 'mikkiste', 'xmisek00', 'xzaple12', 'xpavlo04', 'xbotko00', 'lordraia', 'benda', 'xhakto00', 'jchmelik', 'berzby', 'jendelin1', 'xjanic06', 'loutocky']"
9,2,16,23,1,['loutocky'],15,"['czkiller', 'hugotek', 'sulcj', 'xsedam00', 'benda', 'lordraia', 'jchmelik', 'xnavra28', 'berzby', 'xhrube00', 'xjaros24', 'mikkiste', 'xbartu', 'xkroli00', 'jirkami']",22,"['clown', 'thorXL', 'xuhlar00', 'ufyzguest', 'callos', 'rasiel', 'jmacak', 'mage', 'roman', 'pospa83', 'Havlicek', 'nano_xtalav00', 'xhenzl00', 'kliball', 'immortal', 'vinecko', 'xmisek00', 'xzaple12', 'xpavlo04', 'xbotko00', 'xhakto00', 'jendelin1']",38,"['hugotek', 'clown', 'thorXL', 'xuhlar00', 'xjaros24', 'ufyzguest', 'xbartu', 'czkiller', 'callos', 'rasiel', 'jmacak', 'xsedam00', 'mage', 'xnavra28', 'roman', 'pospa83', 'xhrube00', 'Havlicek', 'xkroli00', 'jirkami', 'nano_xtalav00', 'xhenzl00', 'kliball', 'immortal', 'sulcj', 'vinecko', 'mikkiste', 'xmisek00', 'xzaple12', 'xpavlo04', 'xbotko00', 'lordraia', 'benda', 'xhakto00', 'jchmelik', 'berzby', 'jendelin1', 'loutocky']"
9,3,16,18,9,"['hugotek', 'lordraia', 'benda', 'jchmelik', 'berzby', 'xhrube00', 'mikkiste', 'xkroli00', 'jirkami']",7,"['czkiller', 'sulcj', 'xsedam00', 'xnavra28', 'xjaros24', 'xbartu', 'loutocky']",9,"['xholik00', 'majlos', 'susen', 'jiri_novosad', 'magellan', 'poloop', 'krivak', 'Dallda', 'xkubin08']",25,"['hugotek', 'xholik00', 'sulcj', 'xjaros24', 'poloop', 'mikkiste', 'xbartu', 'krivak', 'xkubin08', 'czkiller', 'xsedam00', 'benda', 'lordraia', 'majlos', 'susen', 'jchmelik', 'xnavra28', 'berzby', 'jiri_novosad', 'magellan', 'xhrube00', 'Dallda', 'loutocky', 'xkroli00', 'jirkami']"
9,8,16,18,9,"['hugotek', 'lordraia', 'benda', 'jchmelik', 'berzby', 'xhrube00', 'mikkiste', 'xkroli00', 'jirkami']",7,"['czkiller', 'sulcj', 'xsedam00', 'xnavra28', 'xjaros24', 'xbartu', 'loutocky']",9,"['xholik00', 'majlos', 'susen', 'jiri_novosad', 'magellan', 'poloop', 'krivak', 'Dallda', 'xkubin08']",25,"['hugotek', 'xholik00', 'sulcj', 'xjaros24', 'poloop', 'mikkiste', 'xbartu', 'krivak', 'xkubin08', 'czkiller', 'xsedam00', 'benda', 'lordraia', 'majlos', 'susen', 'jchmelik', 'xnavra28', 'berzby', 'jiri_novosad', 'magellan', 'xhrube00', 'Dallda', 'loutocky', 'xkroli00', 'jirkami']"
9,9,16,6,4,"['xbartu', 'xjaros24', 'xnavra28', 'xsedam00']",12,"['czkiller', 'hugotek', 'lordraia', 'sulcj', 'benda', 'jchmelik', 'berzby', 'xhrube00', 'mikkiste', 'loutocky', 'xkroli00', 'jirkami']",2,"['JForejtek', 'xjanos07']",18,"['hugotek', 'sulcj', 'JForejtek', 'xjaros24', 'mikkiste', 'xbartu', 'czkiller', 'xsedam00', 'benda', 'lordraia', 'xjanos07', 'jchmelik', 'xnavra28', 'berzby', 'xhrube00', 'loutocky', 'xkroli00', 'jirkami']"
10,32,16,12,8,"['ghandi32', 'oshekari', 'betog', 'cushenj', 'djcook', 'nyan84', 'dgilham', 'javiii87']",8,"['guirreri', 'cstringe', 'abhishekiin', 'norflekr', 'zohebmunshi', 'dditzler', 'bdgordon', 'chunkysoup']",4,"['abhisheKiin', 'vklall', 'noondduh', 'vespasianvs']",20,"['vespasianvs', 'abhishekiin', 'djcook', 'norflekr', 'nyan84', 'dgilham', 'javiii87', 'bdgordon', 'noondduh', 'guirreri', 'cstringe', 'betog', 'oshekari', 'ghandi32', 'cushenj', 'vklall', 'zohebmunshi', 'dditzler', 'abhisheKiin', 'chunkysoup']"
10,30,16,10,7,"['ghandi32', 'oshekari', 'cushenj', 'nyan84', 'dditzler', 'javiii87', 'dgilham']",9,"['guirreri', 'cstringe', 'betog', 'abhishekiin', 'djcook', 'norflekr', 'zohebmunshi', 'bdgordon', 'chunkysoup']",3,"['da400king', 'vklall', 'agah']",19,"['abhishekiin', 'djcook', 'norflekr', 'nyan84', 'dgilham', 'javiii87', 'bdgordon', 'agah', 'guirreri', 'cstringe', 'da400king', 'betog', 'oshekari', 'ghandi32', 'cushenj', 'vklall', 'zohebmunshi', 'dditzler', 'chunkysoup']"
10,31,16,7,3,"['cstringe', 'ghandi32', 'bdgordon']",13,"['guirreri', 'betog', 'oshekari', 'cushenj', 'abhishekiin', 'djcook', 'norflekr', 'zohebmunshi', 'nyan84', 'dditzler', 'javiii87', 'dgilham', 'chunkysoup']",4,"['JasminaJazic', 'nyrhokie', 'chuckdeez810', 'jenneg19']",20,"['JasminaJazic', 'abhishekiin', 'djcook', 'norflekr', 'nyan84', 'chuckdeez810', 'dgilham', 'javiii87', 'bdgordon', 'guirreri', 'cstringe', 'nyrhokie', 'betog', 'oshekari', 'ghandi32', 'cushenj', 'zohebmunshi', 'jenneg19', 'dditzler', 'chunkysoup']"
10,33,16,5,3,"['cstringe', 'bdgordon', 'chunkysoup']",13,"['guirreri', 'ghandi32', 'betog', 'oshekari', 'cushenj', 'abhishekiin', 'djcook', 'norflekr', 'zohebmunshi', 'nyan84', 'dditzler', 'javiii87', 'dgilham']",2,"['ykim', 'NYRHokie']",18,"['ykim', 'NYRHokie', 'abhishekiin', 'djcook', 'norflekr', 'nyan84', 'dgilham', 'javiii87', 'bdgordon', 'guirreri', 'cstringe', 'betog', 'oshekari', 'ghandi32', 'cushenj', 'zohebmunshi', 'dditzler', 'chunkysoup']"
11,29,15,17,1,['vidnari'],14,"['ssessi', 'DarrinReed', 'brianmeek', 'sahar', 'stewartsoda', 'lincstar182', 'dency_daniel', 'justinbutterfield', 'davidknight', 'jvalmanza', 'otrejo', 'knuttz45', 'ben_anderson1', 'omarbenitez']",16,"['junezhu', 'cinedemian', 'masud001', 'shorif', 'gkarakon', 'cbburger', 'newmin', 'ssalamat', 'bupolin77', 'tjandran', 'zhudongchun', 'zainu', 'turkstra', 'pgururaj', 'kim70', 'jhenrie']",31,"['shorif', 'ssalamat', 'justinbutterfield', 'davidknight', 'bupolin77', 'zainu', 'omarbenitez', 'junezhu', 'ssessi', 'gkarakon', 'jvalmanza', 'zhudongchun', 'kim70', 'brianmeek', 'newmin', 'cbburger', 'stewartsoda', 'lincstar182', 'dency_daniel', 'ben_anderson1', 'cinedemian', 'DarrinReed', 'masud001', 'sahar', 'tjandran', 'otrejo', 'turkstra', 'knuttz45', 'pgururaj', 'vidnari', 'jhenrie']"
11,17,15,16,10,"['ssessi', 'DarrinReed', 'sahar', 'lincstar182', 'stewartsoda', 'dency_daniel', 'justinbutterfield', 'davidknight', 'jvalmanza', 'otrejo']",5,"['brianmeek', 'knuttz45', 'ben_anderson1', 'vidnari', 'omarbenitez']",6,"['chrisraymes', 'darrinreed', 'hbui', 'petersonidaho', 'zencharren', 'aaronwozniak']",21,"['brianmeek', 'stewartsoda', 'lincstar182', 'dency_daniel', 'justinbutterfield', 'davidknight', 'petersonidaho', 'ben_anderson1', 'omarbenitez', 'aaronwozniak', 'darrinreed', 'DarrinReed', 'ssessi', 'chrisraymes', 'sahar', 'hbui', 'jvalmanza', 'otrejo', 'knuttz45', 'vidnari', 'zencharren']"
11,27,15,16,10,"['ssessi', 'DarrinReed', 'sahar', 'lincstar182', 'stewartsoda', 'dency_daniel', 'justinbutterfield', 'davidknight', 'jvalmanza', 'otrejo']",5,"['brianmeek', 'knuttz45', 'ben_anderson1', 'vidnari', 'omarbenitez']",6,"['chrisraymes', 'hbui', 'kriscampbell', 'victorkelley', 'grock', 'aaronwozniak']",21,"['brianmeek', 'stewartsoda', 'lincstar182', 'dency_daniel', 'justinbutterfield', 'davidknight', 'kriscampbell', 'ben_anderson1', 'victorkelley', 'omarbenitez', 'aaronwozniak', 'DarrinReed', 'ssessi', 'chrisraymes', 'sahar', 'hbui', 'jvalmanza', 'otrejo', 'knuttz45', 'vidnari', 'grock']"
13,34,15,36,14,"['nano_xtalav00', 'xpavlo04', 'immortal', 'xbotko00', 'jmacak', 'mage', 'kubb', 'roman', 'jarek', 'zeron', 'poloop', 'ufyzguest', 'Havlicek', 'Pau16']",1,['callos'],22,"['vidan', 'clown', 'sedlakp', 'thorXL', 'clovek', 'xkrahu03', 'xuhlar00', 'magellan', 'xhenzl00', 'cendar', 'sulcj', 'mirek', 'jardakn', 'vinecko', 'jiriholubcik', 'xpapez00', 'xzaple12', 'jendelin1', 'xjanic06', 'jchmelik', 'poolee', 'martingt110']",37,"['vidan', 'clown', 'sedlakp', 'thorXL', 'clovek', 'xkrahu03', 'xuhlar00', 'ufyzguest', 'Pau16', 'callos', 'jmacak', 'mage', 'magellan', 'roman', 'Havlicek', 'nano_xtalav00', 'xhenzl00', 'cendar', 'immortal', 'sulcj', 'kubb', 'mirek', 'jardakn', 'zeron', 'poloop', 'vinecko', 'jiriholubcik', 'xpapez00', 'xzaple12', 'xpavlo04', 'xbotko00', 'jendelin1', 'xjanic06', 'jchmelik', 'jarek', 'poolee', 'martingt110']"
13,26,15,35,11,"['nano_xtalav00', 'callos', 'xpavlo04', 'immortal', 'xbotko00', 'mage', 'kubb', 'jarek', 'zeron', 'Havlicek', 'Pau16']",4,"['roman', 'poloop', 'ufyzguest', 'jmacak']",24,"['vidan', 'clown', 'sedlakp', 'thorXL', 'xsvabf00', 'xuhlar00', 'xkrahu03', 'magellan', 'sulcj', 'Roman', 'mirek', 'jardakn', 'vinecko', 'wing', 'jiriholubcik', 'xmisek00', 'xpapez00', 'xzaple12', 'jendelin1', 'jiri_novosad', 'xjanic06', 'haldy', 'jchmelik', 'KliBall']",39,"['vidan', 'clown', 'sedlakp', 'thorXL', 'xsvabf00', 'xuhlar00', 'xkrahu03', 'ufyzguest', 'Pau16', 'callos', 'jmacak', 'mage', 'magellan', 'roman', 'Havlicek', 'nano_xtalav00', 'immortal', 'sulcj', 'Roman', 'kubb', 'mirek', 'jardakn', 'zeron', 'poloop', 'vinecko', 'wing', 'jiriholubcik', 'xpapez00', 'xmisek00', 'xzaple12', 'xpavlo04', 'xbotko00', 'jendelin1', 'jiri_novosad', 'xjanic06', 'haldy', 'jchmelik', 'jarek', 'KliBall']"
13,28,15,34,3,"['ufyzguest', 'Havlicek', 'poloop']",12,"['nano_xtalav00', 'callos', 'xpavlo04', 'immortal', 'jmacak', 'xbotko00', 'mage', 'kubb', 'roman', 'jarek', 'zeron', 'Pau16']",31,"['hugotek', 'sedlakp', 'xjaros24', 'xbetla00', 'xbartu', 'lumpikur', 'majlow', 'czkiller', 'majlos', 'xsedam00', 'xjanos07', 'reznicekm', 'xnavra28', 'xhrube00', 'ZdenekNo', 'xkroli00', 'jirkami', 'cendar', 'xlazni05', 'mikkiste', 'kuzdaso', 'xkubin08', 'lordraia', 'benda', 'xhakto00', 'susen', 'berzby', 'jiri_novosad', 'xzimek01', 'Dallda', 'loutocky']",46,"['hugotek', 'sedlakp', 'xjaros24', 'xbetla00', 'ufyzguest', 'xbartu', 'lumpikur', 'majlow', 'Pau16', 'callos', 'czkiller', 'jmacak', 'majlos', 'xsedam00', 'mage', 'xjanos07', 'reznicekm', 'xnavra28', 'roman', 'xhrube00', 'Havlicek', 'ZdenekNo', 'xkroli00', 'jirkami', 'nano_xtalav00', 'cendar', 'immortal', 'kubb', 'zeron', 'poloop', 'xlazni05', 'mikkiste', 'kuzdaso', 'xkubin08', 'xpavlo04', 'xbotko00', 'lordraia', 'benda', 'xhakto00', 'susen', 'berzby', 'jiri_novosad', 'xzimek01', 'jarek', 'Dallda', 'loutocky']"
13,43,15,32,9,"['callos', 'xpavlo04', 'immortal', 'kubb', 'roman', 'zeron', 'ufyzguest', 'Havlicek', 'Pau16']",6,"['nano_xtalav00', 'xbotko00', 'jmacak', 'mage', 'jarek', 'poloop']",23,"['clown', 'sedlakp', 'thorXL', 'xkrahu03', 'xuhlar00', 'djnavr', 'cendar', 'kliball', 'sulcj', 'mirek', 'vinecko', 'jiriholubcik', 'xmisek00', 'xpapez00', 'xzaple12', 'haldy123', 'xstava05', 'jendelin1', 'jiri_novosad', 'xjanic06', 'jchmelik', 'hajny', 'poolee']",38,"['clown', 'sedlakp', 'thorXL', 'xkrahu03', 'xuhlar00', 'ufyzguest', 'Pau16', 'callos', 'jmacak', 'mage', 'roman', 'djnavr', 'Havlicek', 'nano_xtalav00', 'cendar', 'kliball', 'immortal', 'sulcj', 'kubb', 'mirek', 'zeron', 'poloop', 'vinecko', 'jiriholubcik', 'xpapez00', 'xmisek00', 'xzaple12', 'xpavlo04', 'haldy123', 'xbotko00', 'xstava05', 'jendelin1', 'jiri_novosad', 'xjanic06', 'jchmelik', 'jarek', 'hajny', 'poolee']"
13,35,15,31,1,['ufyzguest'],14,"['nano_xtalav00', 'callos', 'xpavlo04', 'immortal', 'jmacak', 'xbotko00', 'mage', 'kubb', 'roman', 'jarek', 'zeron', 'poloop', 'Havlicek', 'Pau16']",30,"['hugotek', 'sedlakp', 'solda', 'xjaros24', 'xbetla00', 'xbartu', 'lumpikur', 'czkiller', 'rasiel', 'majlos', 'Ladas_M', 'xsedam00', 'reznicekm', 'xnavra28', 'xhrube00', 'NosekZ', 'xkroli00', 'jirkami', 'kliball', 'dallda', 'xmisek00', 'lordraia', 'benda', 'xhakto00', 'susen', 'berzby', 'pekosek23', 'oti', 'koren', 'loutocky']",45,"['hugotek', 'sedlakp', 'solda', 'xjaros24', 'xbetla00', 'ufyzguest', 'xbartu', 'lumpikur', 'Pau16', 'callos', 'czkiller', 'rasiel', 'jmacak', 'majlos', 'Ladas_M', 'xsedam00', 'mage', 'reznicekm', 'xnavra28', 'roman', 'xhrube00', 'NosekZ', 'Havlicek', 'xkroli00', 'jirkami', 'nano_xtalav00', 'kliball', 'immortal', 'kubb', 'dallda', 'zeron', 'poloop', 'xmisek00', 'xpavlo04', 'xbotko00', 'lordraia', 'benda', 'xhakto00', 'susen', 'berzby', 'jarek', 'pekosek23', 'oti', 'koren', 'loutocky']"
13,44,15,30,1,['mage'],14,"['nano_xtalav00', 'callos', 'xpavlo04', 'immortal', 'jmacak', 'xbotko00', 'kubb', 'roman', 'jarek', 'zeron', 'poloop', 'ufyzguest', 'Havlicek', 'Pau16']",29,"['hugotek', 'xholik00', 'xjaros24', 'xbetla00', 'xbartu', 'czkiller', 'majlos', 'Ladas_M', 'xsedam00', 'xjanos07', 'xnavra28', 'xhrube00', 'xkroli00', 'jirkami', 'Solda', 'lumir', 'dallda', 'jardakn', 'xlazni05', 'mikkiste', 'krivak', 'xkubin08', 'lordraia', 'benda', 'berzby', 'Nosekz', 'pekosek23', 'oti', 'loutocky']",44,"['hugotek', 'xholik00', 'xjaros24', 'xbetla00', 'ufyzguest', 'xbartu', 'Pau16', 'callos', 'czkiller', 'jmacak', 'majlos', 'Ladas_M', 'xsedam00', 'mage', 'xjanos07', 'xnavra28', 'roman', 'xhrube00', 'Havlicek', 'xkroli00', 'jirkami', 'nano_xtalav00', 'immortal', 'Solda', 'kubb', 'lumir', 'dallda', 'jardakn', 'zeron', 'poloop', 'xlazni05', 'mikkiste', 'krivak', 'xkubin08', 'xpavlo04', 'xbotko00', 'lordraia', 'benda', 'berzby', 'Nosekz', 'jarek', 'pekosek23', 'oti', 'loutocky']"
13,5,15,26,10,"['nano_xtalav00', 'callos', 'xpavlo04', 'immortal', 'jmacak', 'xbotko00', 'mage', 'roman', 'ufyzguest', 'Havlicek']",5,"['kubb', 'jarek', 'zeron', 'poloop', 'Pau16']",16,"['xhenzl00', 'cendar', 'rasiel', 'kliball', 'clown', 'sulcj', 'xhakto00', 'thorXL', 'jendelin1', 'xjanic06', 'xuhlar00', 'pospa83', 'vinecko', 'xmisek00', 'loutocky', 'xzaple12']",31,"['clown', 'thorXL', 'xuhlar00', 'ufyzguest', 'Pau16', 'callos', 'rasiel', 'jmacak', 'mage', 'roman', 'pospa83', 'Havlicek', 'nano_xtalav00', 'xhenzl00', 'cendar', 'kliball', 'immortal', 'sulcj', 'kubb', 'zeron', 'poloop', 'vinecko', 'xmisek00', 'xzaple12', 'xpavlo04', 'xbotko00', 'xhakto00', 'jendelin1', 'xjanic06', 'jarek', 'loutocky']"
13,48,15,26,11,"['nano_xtalav00', 'callos', 'xpavlo04', 'immortal', 'jmacak', 'xbotko00', 'roman', 'jarek', 'poloop', 'Havlicek', 'Pau16']",4,"['kubb', 'mage', 'zeron', 'ufyzguest']",15,"['xhenzl00', 'cendar', 'sedlakp', 'xstava05', 'tomasbzonek', 'thorXL', 'mirek', 'jiri_novosad', 'xjanic06', 'xkrahu03', 'hajny', 'vinecko', 'jiriholubcik', 'poolee', 'xzaple12']",30,"['sedlakp', 'tomasbzonek', 'thorXL', 'xkrahu03', 'ufyzguest', 'Pau16', 'callos', 'jmacak', 'mage', 'roman', 'Havlicek', 'nano_xtalav00', 'xhenzl00', 'cendar', 'immortal', 'kubb', 'mirek', 'zeron', 'poloop', 'vinecko', 'jiriholubcik', 'xzaple12', 'xpavlo04', 'xbotko00', 'xstava05', 'jiri_novosad', 'xjanic06', 'jarek', 'hajny', 'poolee']"
13,2,15,23,10,"['nano_xtalav00', 'callos', 'xpavlo04', 'immortal', 'jmacak', 'xbotko00', 'mage', 'roman', 'ufyzguest', 'Havlicek']",5,"['kubb', 'jarek', 'zeron', 'poloop', 'Pau16']",13,"['xhenzl00', 'kliball', 'rasiel', 'clown', 'xhakto00', 'thorXL', 'jendelin1', 'xuhlar00', 'pospa83', 'vinecko', 'xmisek00', 'loutocky', 'xzaple12']",28,"['clown', 'thorXL', 'xuhlar00', 'ufyzguest', 'Pau16', 'callos', 'rasiel', 'jmacak', 'mage', 'roman', 'pospa83', 'Havlicek', 'nano_xtalav00', 'xhenzl00', 'kliball', 'immortal', 'kubb', 'zeron', 'poloop', 'vinecko', 'xmisek00', 'xzaple12', 'xpavlo04', 'xbotko00', 'xhakto00', 'jendelin1', 'jarek', 'loutocky']"
13,3,15,18,1,['poloop'],14,"['nano_xtalav00', 'callos', 'xpavlo04', 'immortal', 'jmacak', 'xbotko00', 'mage', 'kubb', 'roman', 'jarek', 'zeron', 'ufyzguest', 'Havlicek', 'Pau16']",17,"['hugotek', 'xholik00', 'lordraia', 'majlos', 'susen', 'benda', 'berzby', 'jiri_novosad', 'magellan', 'jchmelik', 'xhrube00', 'mikkiste', 'krivak', 'Dallda', 'xkroli00', 'jirkami', 'xkubin08']",32,"['hugotek', 'xholik00', 'ufyzguest', 'Pau16', 'callos', 'jmacak', 'majlos', 'mage', 'magellan', 'roman', 'xhrube00', 'Havlicek', 'xkroli00', 'jirkami', 'nano_xtalav00', 'immortal', 'kubb', 'zeron', 'poloop', 'mikkiste', 'krivak', 'xkubin08', 'xpavlo04', 'xbotko00', 'lordraia', 'benda', 'susen', 'berzby', 'jiri_novosad', 'jchmelik', 'jarek', 'Dallda']"
13,8,15,18,1,['poloop'],14,"['nano_xtalav00', 'callos', 'xpavlo04', 'immortal', 'jmacak', 'xbotko00', 'mage', 'kubb', 'roman', 'jarek', 'zeron', 'ufyzguest', 'Havlicek', 'Pau16']",17,"['hugotek', 'xholik00', 'lordraia', 'majlos', 'susen', 'benda', 'berzby', 'jiri_novosad', 'magellan', 'jchmelik', 'xhrube00', 'mikkiste', 'krivak', 'Dallda', 'xkroli00', 'jirkami', 'xkubin08']",32,"['hugotek', 'xholik00', 'ufyzguest', 'Pau16', 'callos', 'jmacak', 'majlos', 'mage', 'magellan', 'roman', 'xhrube00', 'Havlicek', 'xkroli00', 'jirkami', 'nano_xtalav00', 'immortal', 'kubb', 'zeron', 'poloop', 'mikkiste', 'krivak', 'xkubin08', 'xpavlo04', 'xbotko00', 'lordraia', 'benda', 'susen', 'berzby', 'jiri_novosad', 'jchmelik', 'jarek', 'Dallda']"
14,49,11,23,11,"['djacobs7', 'twkt03', 'twoon', 'chenying119', 'branetr', 'jrileyEE218', 'mistyblue122', 'xuanwu', 'jaehlee', 'ling84', 'dmg131']",0,[],12,"['jia_sfo', 'dejia', 'millaniow', 'hspwong', 'rparsa', 'mrlin', 'elvislin', 'changw', 'jayparker', 'youngy', 'letswin16', 'crkenney']",23,"['djacobs7', 'mistyblue122', 'xuanwu', 'crkenney', 'jia_sfo', 'rparsa', 'jayparker', 'ling84', 'letswin16', 'twkt03', 'hspwong', 'mrlin', 'dejia', 'millaniow', 'twoon', 'chenying119', 'branetr', 'jrileyEE218', 'elvislin', 'changw', 'youngy', 'jaehlee', 'dmg131']"
14,51,11,15,8,"['djacobs7', 'twkt03', 'chenying119', 'branetr', 'jrileyEE218', 'mistyblue122', 'ling84', 'dmg131']",3,"['twoon', 'jaehlee', 'xuanwu']",7,"['jia_sfo', 'millaniow', 'elvislin', 'peichen', 'youngy', 'crkenney', 'oliviawei']",18,"['djacobs7', 'twkt03', 'mistyblue122', 'peichen', 'xuanwu', 'crkenney', 'oliviawei', 'jia_sfo', 'millaniow', 'twoon', 'chenying119', 'branetr', 'jrileyEE218', 'elvislin', 'youngy', 'jaehlee', 'ling84', 'dmg131']"
14,50,11,10,6,"['djacobs7', 'twkt03', 'branetr', 'jrileyEE218', 'mistyblue122', 'ling84']",5,"['twoon', 'chenying119', 'xuanwu', 'jaehlee', 'dmg131']",4,"['youngy', 'elvislin', 'crkenney', 'rparsa']",15,"['djacobs7', 'twkt03', 'mistyblue122', 'xuanwu', 'crkenney', 'rparsa', 'twoon', 'chenying119', 'branetr', 'jrileyEE218', 'elvislin', 'youngy', 'jaehlee', 'ling84', 'dmg131']"
15,46,11,14,9,"['amywebster', 'xiexienin', 'Amazonense', 'Sylex', 'Beldallan', 'kevinsmith2', 'student', 'mmalmrose', 'kathrynday']",2,"['gelfling', 'drewcasselberry']",5,"['cinglefield', 'jmkluthe', 'chulopackers', 'timdavis', 'joehammer79']",16,"['xiexienin', 'Sylex', 'kevinsmith2', 'kathrynday', 'mmalmrose', 'joehammer79', 'timdavis', 'amywebster', 'cinglefield', 'Amazonense', 'Beldallan', 'jmkluthe', 'gelfling', 'chulopackers', 'student', 'drewcasselberry']"
15,41,11,10,8,"['amywebster', 'Amazonense', 'Sylex', 'kevinsmith2', 'gelfling', 'student', 'mmalmrose', 'kathrynday']",3,"['xiexienin', 'drewcasselberry', 'Beldallan']",2,"['timdavis', 'cinglefield']",13,"['xiexienin', 'Sylex', 'kevinsmith2', 'kathrynday', 'mmalmrose', 'timdavis', 'amywebster', 'cinglefield', 'Amazonense', 'Beldallan', 'gelfling', 'student', 'drewcasselberry']"
15,47,11,10,9,"['amywebster', 'Amazonense', 'kathrynday', 'Sylex', 'kevinsmith2', 'gelfling', 'student', 'mmalmrose', 'drewcasselberry']",2,"['xiexienin', 'Beldallan']",1,['timdavis'],12,"['xiexienin', 'Sylex', 'kevinsmith2', 'kathrynday', 'mmalmrose', 'timdavis', 'amywebster', 'Amazonense', 'Beldallan', 'gelfling', 'student', 'drewcasselberry']"
16,19,11,12,3,"['littlegu5', 'bsg721', 'arbitro']",8,"['lxb1111', 'askiahill', 'kanturalihan', 'asicliu', 'BMONEY', 'duranta23', 'Kanturalihan', 'arunp']",9,"['sgu001', 'jcabi001', 'faroughp', 'yimingis', 'mpenchev', 'aagar001', 'kcarp001', 'dtewe001', 'moccamse']",20,"['sgu001', 'lxb1111', 'yimingis', 'aagar001', 'BMONEY', 'asicliu', 'kcarp001', 'duranta23', 'arbitro', 'bsg721', 'jcabi001', 'faroughp', 'mpenchev', 'askiahill', 'kanturalihan', 'littlegu5', 'dtewe001', 'Kanturalihan', 'arunp', 'moccamse']"
17,70,10,112,9,"['justinsyk', 'rkv000', 'sagadi', 'crosis', 'nsapra', 'junghanlee', 'lonestar', 'sen2904', 'smillies']",1,['davydotcom'],103,"['jones105', 'longja', 'Jabzg', 'mattsbai', 'dmmitche', 'rtrusty', 'lpeterus', 'wehlhard', 'atruesde', 'gustaf89', 'tdjanoko', 'chermawi', 'bsyoder', 'freedomjustice', 'rahoward', 'terran010', 'kim131', 'pbayuart', 'nrrojas', 'pmongkol', 'smchaudh', 'docdaa008', 'pranaynanda', 'mhain', 'spgreene', 'nlabianc', 'chang61', 'czahner', 'wangyangboy', 'dgrothe', 'jidthekid', 'jgu', 'gutierjm', 'kelkwa11', 'gjross', 'nmisiuna', 'jwetheri', 'john3636', 'obernada', 'mtanoto', 'zer0xXx', 'sbach', 'sprashan', 'dulmes', 'Bache', 'jostendo', 'jkurasz', 'arorar', 'werman691', 'hsvasi', 'wow676', 'kdaiya', 'wnoh', 'anraj', 'jtill04', 'babaumga', 'han45', 'asudibyo', 'spamilton1', 'joeblu', 'mwarsco', 'kklacik', 'ftanjono', 'swethy', 'jskim', 'npanitch', 'mtummala', 'brunner2112', 'Zarastra', 'mrmillz', 'garg', 'hiddendecoy', 'MurphyAKL', 'pateldm', 'rsherloc', 'srettber', 'zconvers', 'bsparson', 'seshaw', 'dube0', 'johns180', 'kassovic', 'bdannan', 'kim130', 'astacy', 'vinsma', 'rparisi', 'lcowsert', 'gshaw', 'jshahid', 'Fisher', 'wildkid256', 'sstreete', 'ahermann', 'jaycrayz', 'dplamber', 'jcwirth', 'ttho', 'akhilesh', 'pjyoti', 'acallawa', 'singapaul', 'gzarse']",113,"['jones105', 'longja', 'Jabzg', 'mattsbai', 'dmmitche', 'rtrusty', 'lpeterus', 'wehlhard', 'nsapra', 'atruesde', 'gustaf89', 'tdjanoko', 'chermawi', 'bsyoder', 'freedomjustice', 'rahoward', 'terran010', 'kim131', 'pbayuart', 'nrrojas', 'pmongkol', 'smchaudh', 'docdaa008', 'pranaynanda', 'mhain', 'spgreene', 'nlabianc', 'chang61', 'czahner', 'wangyangboy', 'dgrothe', 'jidthekid', 'jgu', 'sagadi', 'gutierjm', 'kelkwa11', 'gjross', 'nmisiuna', 'jwetheri', 'john3636', 'obernada', 'mtanoto', 'zer0xXx', 'sbach', 'sprashan', 'rkv000', 'dulmes', 'Bache', 'jostendo', 'jkurasz', 'arorar', 'werman691', 'hsvasi', 'wow676', 'kdaiya', 'wnoh', 'anraj', 'jtill04', 'babaumga', 'han45', 'asudibyo', 'spamilton1', 'joeblu', 'mwarsco', 'kklacik', 'ftanjono', 'swethy', 'jskim', 'npanitch', 'mtummala', 'brunner2112', 'junghanlee', 'Zarastra', 'mrmillz', 'garg', 'hiddendecoy', 'davydotcom', 'lonestar', 'MurphyAKL', 'sen2904', 'smillies', 'pateldm', 'justinsyk', 'rsherloc', 'srettber', 'zconvers', 'crosis', 'bsparson', 'seshaw', 'dube0', 'johns180', 'kassovic', 'bdannan', 'kim130', 'astacy', 'vinsma', 'rparisi', 'lcowsert', 'gshaw', 'jshahid', 'Fisher', 'wildkid256', 'sstreete', 'ahermann', 'jaycrayz', 'dplamber', 'jcwirth', 'ttho', 'akhilesh', 'pjyoti', 'acallawa', 'singapaul', 'gzarse']"
17,71,10,13,1,['smillies'],9,"['justinsyk', 'rkv000', 'sagadi', 'crosis', 'nsapra', 'junghanlee', 'davydotcom', 'lonestar', 'sen2904']",12,"['thatmushroom', 'et279', 'mamitche', 'sonicalflair', 'dergan', 'somacroy', 'chermawi', 'jkurasz', 'pjyoti', 'aforkner', 'ebuysse', 'wizdh']",22,"['justinsyk', 'thatmushroom', 'crosis', 'sagadi', 'mamitche', 'ebuysse', 'nsapra', 'sonicalflair', 'dergan', 'chermawi', 'wizdh', 'et279', 'rkv000', 'pjyoti', 'junghanlee', 'somacroy', 'jkurasz', 'davydotcom', 'lonestar', 'aforkner', 'sen2904', 'smillies']"
17,69,10,8,1,['nsapra'],9,"['justinsyk', 'rkv000', 'sagadi', 'crosis', 'junghanlee', 'davydotcom', 'lonestar', 'sen2904', 'smillies']",7,"['werman691', 'rtrusty', 'nmisiuna', 'ateixeir', 'spaik', 'nlabianc', 'johns180']",17,"['justinsyk', 'werman691', 'rkv000', 'crosis', 'sagadi', 'rtrusty', 'nmisiuna', 'ateixeir', 'nsapra', 'spaik', 'junghanlee', 'nlabianc', 'johns180', 'davydotcom', 'lonestar', 'sen2904', 'smillies']"
17,72,10,6,1,['davydotcom'],9,"['justinsyk', 'rkv000', 'sagadi', 'crosis', 'nsapra', 'junghanlee', 'lonestar', 'sen2904', 'smillies']",5,"['nanohueb', 'mtanoto', 'csrockerzero', 'wizdh', 'pmongkol']",15,"['justinsyk', 'pmongkol', 'rkv000', 'crosis', 'sagadi', 'nsapra', 'nanohueb', 'junghanlee', 'mtanoto', 'davydotcom', 'lonestar', 'wizdh', 'sen2904', 'smillies', 'csrockerzero']"
19,18,10,12,3,"['watermir', 'jayps2005', 'ecewy']",7,"['kyban', 'vasili', 'xlong', 'Vertumno', 'kolodzey', 'lxshry', 'hauserm']",9,"['easong', 'kunalghosh', 'lyalex', 'murat83', 'colin_shaw2003', 'ningshao', 'cpthomp', 'nupur', 'siliconsolar']",19,"['easong', 'kunalghosh', 'kyban', 'vasili', 'xlong', 'colin_shaw2003', 'Vertumno', 'ningshao', 'kolodzey', 'cpthomp', 'nupur', 'hauserm', 'watermir', 'lyalex', 'murat83', 'lxshry', 'jayps2005', 'ecewy', 'siliconsolar']"
20,18,10,12,6,"['kunalghosh', 'murat83', 'colin_shaw2003', 'ningshao', 'cpthomp', 'nupur']",4,"['yimingis', 'ykparksss', 'ruhstaller', 'jcabi001']",6,"['easong', 'watermir', 'lyalex', 'jayps2005', 'ecewy', 'siliconsolar']",16,"['easong', 'yimingis', 'kunalghosh', 'colin_shaw2003', 'ruhstaller', 'ningshao', 'cpthomp', 'nupur', 'ykparksss', 'jcabi001', 'watermir', 'lyalex', 'murat83', 'jayps2005', 'ecewy', 'siliconsolar']"
20,19,10,12,2,"['yimingis', 'jcabi001']",8,"['ykparksss', 'kunalghosh', 'murat83', 'colin_shaw2003', 'ruhstaller', 'ningshao', 'cpthomp', 'nupur']",10,"['sgu001', 'bsg721', 'faroughp', 'mpenchev', 'aagar001', 'littlegu5', 'kcarp001', 'dtewe001', 'arbitro', 'moccamse']",20,"['sgu001', 'yimingis', 'kunalghosh', 'colin_shaw2003', 'aagar001', 'ruhstaller', 'kcarp001', 'ningshao', 'cpthomp', 'nupur', 'arbitro', 'bsg721', 'ykparksss', 'jcabi001', 'faroughp', 'mpenchev', 'murat83', 'littlegu5', 'dtewe001', 'moccamse']"
21,42,9,15,6,"['dubu00', 'dkttk4', 'myandante1', 'ezclub', 'kwos001', 'bunnoi21']",3,"['yunliu', 'qdled', 'irinel_casian']",9,"['cihee08', 'gidwldl86', 'sjsik25', 'kykk4', 'salem', 'skku34', 'beahn87', 'cretalugo', 'ytw4246']",18,"['dubu00', 'yunliu', 'myandante1', 'qdled', 'cihee08', 'irinel_casian', 'sjsik25', 'kykk4', 'salem', 'skku34', 'beahn87', 'kwos001', 'bunnoi21', 'cretalugo', 'dkttk4', 'gidwldl86', 'ezclub', 'ytw4246']"
22,12,9,24,2,"['tisolamp', 'jrcalver']",7,"['vskhadka', 'naty', 'jstanislawczyk', 'yanyao', 'cbasu', 'awinston', 'razvan28']",22,"['prrussel', 'klfrank', 'sbook', 'lachlanbadger', 'skyaw', 'mbosley', 'strachan', 'awibawa', 'sfairfie', 'tmlowe', 'smithmc', 'andrewotte', 'bturk', 'jbernhar', 'mjwaters', 'abreisin', 'abartow', 'boersenn', 'ehalsey', 'ebarriba', 'Ainshi', 'banglin']",31,"['prrussel', 'vskhadka', 'sbook', 'klfrank', 'lachlanbadger', 'skyaw', 'cbasu', 'jrcalver', 'jstanislawczyk', 'mbosley', 'strachan', 'awibawa', 'sfairfie', 'tmlowe', 'tisolamp', 'smithmc', 'andrewotte', 'bturk', 'jbernhar', 'mjwaters', 'abreisin', 'abartow', 'yanyao', 'boersenn', 'razvan28', 'ebarriba', 'ehalsey', 'naty', 'Ainshi', 'awinston', 'banglin']"
22,13,9,9,2,"['yanyao', 'vskhadka']",7,"['naty', 'jrcalver', 'jstanislawczyk', 'tisolamp', 'cbasu', 'awinston', 'razvan28']",7,"['mjwaters', 'mkittle', 'abreisin', 'sollila', 'attn007', 'amalling', 'Ainshi']",16,"['vskhadka', 'naty', 'mjwaters', 'mkittle', 'abreisin', 'jrcalver', 'jstanislawczyk', 'sollila', 'tisolamp', 'yanyao', 'cbasu', 'attn007', 'amalling', 'Ainshi', 'awinston', 'razvan28']"
22,14,9,6,1,['awinston'],8,"['vskhadka', 'naty', 'jrcalver', 'jstanislawczyk', 'tisolamp', 'yanyao', 'cbasu', 'razvan28']",5,"['jptucker', 'awibawa', 'mbelcher', 'bturk', 'rflynn']",14,"['vskhadka', 'naty', 'jptucker', 'jrcalver', 'jstanislawczyk', 'awibawa', 'mbelcher', 'tisolamp', 'yanyao', 'cbasu', 'bturk', 'awinston', 'rflynn', 'razvan28']"
23,42,8,15,6,"['cihee08', 'gidwldl86', 'sjsik25', 'kykk4', 'cretalugo', 'ytw4246']",2,"['meteor1024', 'gangneng82']",9,"['dubu00', 'dkttk4', 'myandante1', 'salem', 'skku34', 'beahn87', 'ezclub', 'kwos001', 'bunnoi21']",17,"['dubu00', 'myandante1', 'cihee08', 'sjsik25', 'kykk4', 'salem', 'skku34', 'beahn87', 'kwos001', 'cretalugo', 'bunnoi21', 'meteor1024', 'dkttk4', 'gidwldl86', 'gangneng82', 'ezclub', 'ytw4246']"
23,45,8,13,8,"['meteor1024', 'cihee08', 'gidwldl86', 'gangneng82', 'sjsik25', 'kykk4', 'cretalugo', 'ytw4246']",0,[],5,"['hyperlky', 'jackassman', 'salem', 'skku34', 'tpwlsdh']",13,"['cihee08', 'sjsik25', 'kykk4', 'salem', 'skku34', 'cretalugo', 'meteor1024', 'hyperlky', 'gidwldl86', 'gangneng82', 'jackassman', 'tpwlsdh', 'ytw4246']"
26,17,6,16,3,"['petersonidaho', 'zencharren', 'darrinreed']",3,"['angada', 'kirkhofeling', 'Zenonas']",13,"['ssessi', 'DarrinReed', 'chrisraymes', 'sahar', 'stewartsoda', 'lincstar182', 'hbui', 'justinbutterfield', 'davidknight', 'dency_daniel', 'otrejo', 'jvalmanza', 'aaronwozniak']",19,"['Zenonas', 'stewartsoda', 'lincstar182', 'dency_daniel', 'justinbutterfield', 'davidknight', 'petersonidaho', 'kirkhofeling', 'darrinreed', 'aaronwozniak', 'ssessi', 'angada', 'DarrinReed', 'chrisraymes', 'sahar', 'hbui', 'jvalmanza', 'otrejo', 'zencharren']"
28,1,6,8,4,"['agilmore', 'acperkins', 'akschmitt101', 'gcdecker']",2,"['booker', 'gnggu']",4,"['faroseh', 'gkpolston', 'CWllms', 'poltera2']",10,"['gkpolston', 'akschmitt101', 'CWllms', 'gcdecker', 'agilmore', 'acperkins', 'gnggu', 'booker', 'poltera2', 'faroseh']"
32,52,5,11,1,['morvaridd'],4,"['seminente', 'noriosadachika', 'iskory', 'fluff']",10,"['grek23', 'moe', 'netonim', 'garrettschlenvogt', 'tjgraf', 'ryanbeavers', 'royj', 'anujasu', 'myztical7', 'mmellor10']",15,"['iskory', 'garrettschlenvogt', 'tjgraf', 'ryanbeavers', 'morvaridd', 'seminente', 'noriosadachika', 'grek23', 'moe', 'fluff', 'netonim', 'royj', 'anujasu', 'myztical7', 'mmellor10']"
34,26,5,35,5,"['Roman', 'xsvabf00', 'haldy', 'KliBall', 'wing']",0,[],30,"['vidan', 'clown', 'sedlakp', 'thorXL', 'xuhlar00', 'xkrahu03', 'Pau16', 'callos', 'mage', 'magellan', 'Havlicek', 'nano_xtalav00', 'immortal', 'sulcj', 'kubb', 'mirek', 'jardakn', 'zeron', 'vinecko', 'jiriholubcik', 'xpapez00', 'xmisek00', 'xzaple12', 'xpavlo04', 'xbotko00', 'jendelin1', 'jiri_novosad', 'xjanic06', 'jchmelik', 'jarek']",35,"['vidan', 'clown', 'sedlakp', 'thorXL', 'xsvabf00', 'xuhlar00', 'xkrahu03', 'Pau16', 'callos', 'mage', 'magellan', 'Havlicek', 'nano_xtalav00', 'immortal', 'sulcj', 'Roman', 'kubb', 'mirek', 'jardakn', 'zeron', 'vinecko', 'wing', 'jiriholubcik', 'xpapez00', 'xmisek00', 'xzaple12', 'xpavlo04', 'xbotko00', 'jendelin1', 'jiri_novosad', 'xjanic06', 'haldy', 'jchmelik', 'jarek', 'KliBall']"
35,53,5,6,2,"['tcyeh', 'huiwen']",3,"['panjoan', 'chaisant', 'baudrand']",4,"['bhsu', 'doncr', 'hmhuang', 'cchl']",9,"['panjoan', 'doncr', 'baudrand', 'bhsu', 'hmhuang', 'huiwen', 'cchl', 'tcyeh', 'chaisant']"
36,45,5,13,3,"['hyperlky', 'tpwlsdh', 'jackassman']",2,"['mikeohale', 'padala']",10,"['meteor1024', 'cihee08', 'gidwldl86', 'gangneng82', 'sjsik25', 'kykk4', 'salem', 'skku34', 'cretalugo', 'ytw4246']",15,"['padala', 'cihee08', 'sjsik25', 'kykk4', 'salem', 'skku34', 'cretalugo', 'meteor1024', 'hyperlky', 'mikeohale', 'gidwldl86', 'jackassman', 'gangneng82', 'tpwlsdh', 'ytw4246']"
38,34,5,36,4,"['xkrahu03', 'mirek', 'poolee', 'jardakn']",1,['lumpikur'],32,"['vidan', 'clown', 'sedlakp', 'thorXL', 'clovek', 'xuhlar00', 'ufyzguest', 'Pau16', 'jmacak', 'mage', 'magellan', 'roman', 'Havlicek', 'nano_xtalav00', 'xhenzl00', 'cendar', 'immortal', 'sulcj', 'kubb', 'zeron', 'poloop', 'vinecko', 'jiriholubcik', 'xpapez00', 'xzaple12', 'xpavlo04', 'xbotko00', 'jendelin1', 'xjanic06', 'jchmelik', 'jarek', 'martingt110']",37,"['vidan', 'clown', 'sedlakp', 'thorXL', 'clovek', 'xkrahu03', 'xuhlar00', 'ufyzguest', 'lumpikur', 'Pau16', 'jmacak', 'mage', 'magellan', 'roman', 'Havlicek', 'nano_xtalav00', 'xhenzl00', 'cendar', 'immortal', 'sulcj', 'kubb', 'mirek', 'jardakn', 'zeron', 'poloop', 'vinecko', 'jiriholubcik', 'xpapez00', 'xzaple12', 'xpavlo04', 'xbotko00', 'jendelin1', 'xjanic06', 'jchmelik', 'jarek', 'poolee', 'martingt110']"
38,26,5,35,3,"['xkrahu03', 'mirek', 'jardakn']",2,"['poolee', 'lumpikur']",32,"['vidan', 'clown', 'sedlakp', 'thorXL', 'xsvabf00', 'xuhlar00', 'Pau16', 'callos', 'mage', 'magellan', 'Havlicek', 'nano_xtalav00', 'immortal', 'sulcj', 'Roman', 'kubb', 'zeron', 'vinecko', 'wing', 'jiriholubcik', 'xpapez00', 'xmisek00', 'xzaple12', 'xpavlo04', 'xbotko00', 'jendelin1', 'jiri_novosad', 'xjanic06', 'haldy', 'jchmelik', 'jarek', 'KliBall']",37,"['vidan', 'clown', 'sedlakp', 'thorXL', 'xsvabf00', 'xkrahu03', 'xuhlar00', 'lumpikur', 'Pau16', 'callos', 'mage', 'magellan', 'Havlicek', 'nano_xtalav00', 'immortal', 'sulcj', 'Roman', 'kubb', 'mirek', 'jardakn', 'zeron', 'vinecko', 'wing', 'jiriholubcik', 'xpapez00', 'xmisek00', 'xzaple12', 'xpavlo04', 'xbotko00', 'jendelin1', 'jiri_novosad', 'xjanic06', 'haldy', 'jchmelik', 'jarek', 'KliBall', 'poolee']"
38,28,5,34,1,['lumpikur'],4,"['xkrahu03', 'mirek', 'poolee', 'jardakn']",33,"['hugotek', 'sedlakp', 'xjaros24', 'xbetla00', 'ufyzguest', 'xbartu', 'majlow', 'czkiller', 'majlos', 'xsedam00', 'xjanos07', 'reznicekm', 'xnavra28', 'xhrube00', 'Havlicek', 'ZdenekNo', 'xkroli00', 'jirkami', 'cendar', 'poloop', 'xlazni05', 'mikkiste', 'kuzdaso', 'xkubin08', 'lordraia', 'benda', 'xhakto00', 'susen', 'berzby', 'jiri_novosad', 'xzimek01', 'Dallda', 'loutocky']",38,"['hugotek', 'sedlakp', 'xkrahu03', 'xjaros24', 'xbetla00', 'ufyzguest', 'xbartu', 'lumpikur', 'majlow', 'czkiller', 'majlos', 'xsedam00', 'xjanos07', 'reznicekm', 'xnavra28', 'xhrube00', 'Havlicek', 'ZdenekNo', 'xkroli00', 'jirkami', 'cendar', 'mirek', 'jardakn', 'Dallda', 'poloop', 'xlazni05', 'mikkiste', 'kuzdaso', 'xkubin08', 'lordraia', 'benda', 'xhakto00', 'susen', 'berzby', 'jiri_novosad', 'xzimek01', 'poolee', 'loutocky']"
38,43,5,32,3,"['xkrahu03', 'mirek', 'poolee']",2,"['lumpikur', 'jardakn']",29,"['clown', 'sedlakp', 'thorXL', 'xuhlar00', 'ufyzguest', 'Pau16', 'callos', 'roman', 'djnavr', 'Havlicek', 'cendar', 'kliball', 'immortal', 'sulcj', 'kubb', 'zeron', 'vinecko', 'jiriholubcik', 'xpapez00', 'xmisek00', 'xzaple12', 'xpavlo04', 'haldy123', 'xstava05', 'jendelin1', 'jiri_novosad', 'xjanic06', 'jchmelik', 'hajny']",34,"['clown', 'sedlakp', 'thorXL', 'xkrahu03', 'xuhlar00', 'ufyzguest', 'lumpikur', 'Pau16', 'callos', 'roman', 'djnavr', 'Havlicek', 'cendar', 'kliball', 'immortal', 'sulcj', 'kubb', 'mirek', 'jardakn', 'zeron', 'vinecko', 'jiriholubcik', 'xpapez00', 'xmisek00', 'xzaple12', 'xpavlo04', 'haldy123', 'xstava05', 'jendelin1', 'jiri_novosad', 'xjanic06', 'jchmelik', 'hajny', 'poolee']"
38,35,5,31,1,['lumpikur'],4,"['xkrahu03', 'mirek', 'poolee', 'jardakn']",30,"['hugotek', 'kliball', 'sedlakp', 'dallda', 'solda', 'xjaros24', 'xbetla00', 'ufyzguest', 'xbartu', 'xmisek00', 'czkiller', 'rasiel', 'majlos', 'Ladas_M', 'xsedam00', 'lordraia', 'benda', 'xhakto00', 'reznicekm', 'xnavra28', 'susen', 'berzby', 'pekosek23', 'xhrube00', 'oti', 'NosekZ', 'koren', 'loutocky', 'xkroli00', 'jirkami']",35,"['hugotek', 'sedlakp', 'solda', 'xkrahu03', 'xjaros24', 'xbetla00', 'ufyzguest', 'xbartu', 'lumpikur', 'czkiller', 'rasiel', 'majlos', 'Ladas_M', 'xsedam00', 'reznicekm', 'xnavra28', 'xhrube00', 'NosekZ', 'xkroli00', 'jirkami', 'kliball', 'mirek', 'dallda', 'jardakn', 'xmisek00', 'lordraia', 'benda', 'xhakto00', 'susen', 'berzby', 'pekosek23', 'oti', 'koren', 'poolee', 'loutocky']"
38,44,5,30,1,['jardakn'],4,"['xkrahu03', 'mirek', 'poolee', 'lumpikur']",29,"['hugotek', 'xholik00', 'Solda', 'lumir', 'dallda', 'xjaros24', 'xbetla00', 'xlazni05', 'mikkiste', 'xbartu', 'krivak', 'xkubin08', 'czkiller', 'majlos', 'Ladas_M', 'xsedam00', 'mage', 'xjanos07', 'lordraia', 'xnavra28', 'benda', 'berzby', 'Nosekz', 'pekosek23', 'xhrube00', 'oti', 'loutocky', 'xkroli00', 'jirkami']",34,"['hugotek', 'xholik00', 'xkrahu03', 'xjaros24', 'xbetla00', 'xbartu', 'lumpikur', 'czkiller', 'majlos', 'Ladas_M', 'xsedam00', 'mage', 'xjanos07', 'xnavra28', 'xhrube00', 'xkroli00', 'jirkami', 'Solda', 'mirek', 'lumir', 'dallda', 'jardakn', 'xlazni05', 'mikkiste', 'krivak', 'xkubin08', 'lordraia', 'benda', 'berzby', 'Nosekz', 'pekosek23', 'oti', 'poolee', 'loutocky']"
38,48,5,26,3,"['xkrahu03', 'mirek', 'poolee']",2,"['lumpikur', 'jardakn']",23,"['nano_xtalav00', 'xhenzl00', 'cendar', 'immortal', 'sedlakp', 'tomasbzonek', 'thorXL', 'poloop', 'vinecko', 'jiriholubcik', 'Pau16', 'xzaple12', 'callos', 'xpavlo04', 'jmacak', 'xbotko00', 'xstava05', 'jiri_novosad', 'xjanic06', 'roman', 'jarek', 'hajny', 'Havlicek']",28,"['nano_xtalav00', 'xhenzl00', 'cendar', 'immortal', 'sedlakp', 'mirek', 'tomasbzonek', 'thorXL', 'jardakn', 'xkrahu03', 'poloop', 'vinecko', 'jiriholubcik', 'lumpikur', 'Pau16', 'xzaple12', 'callos', 'xpavlo04', 'jmacak', 'xbotko00', 'xstava05', 'jiri_novosad', 'xjanic06', 'roman', 'jarek', 'hajny', 'Havlicek', 'poolee']"
