MClusterID,XClusterID,MClusterSize,XClusterSize,OverlapSize,OverlapMembers,MOnlySize,MOnlyMembers,XOnlySize,XOnlyMembers,CombinedSize,CombinedMembers
1,18,190,187,181,"['golightly112', 'lbettag', 'rsanchez', 'tjohnson', 'mike67876', 'etrivedi', 'parkerjessup1', 'jfroberg', 'nnosavan', 'lmason', 'jheppermann', 'camasney', 'achen', 'dlc916', 'akileshhonasoge', 'klee', 'icharles', 'lkoehler', 'cbernardo', 'jcs311', 'mkevb1', 'yatakui', 'ku8809no', 'lholyoke', 'jpez', 'jbenjy88', 'alexjud', 'cleung', 'hkim', 'kvargas', 'aviollt', 'bugaboo0036', 'tshastry', 'nrastogi', 'ncrenshaw', 'lhan', 'dpai', 'Lgilbert', 'ahood', 'mquayyum', 'liangcui', 'dennisbluver', 'catherine', 'nsyed', 'ashlyprincess', 'bebe', 'darkmetal505', 'abhatt2007', 'jnam', 'mikeispt108', 'dkim', 'srn779', 'chrissemple', 'olui', 'ggadodia', 'lnezirova', 'ras446', 'nborzym', 'alyu', 'dschuster', 'jheide', 'kpmarcelino', 'kkurda', 'pforyt', 'mwhitesides', 'ruchino', 'sramalingam', 'sumeethj', 'zbergman', 'kpie1', 'lidias', 'tgilbert', 'KA', 'twang23', 'pfellenz', 'skatragadda', 'jholcomb', 'clishea18', 'cwa653', 'cchang', 'rcwang', 'relic12', 'rbrock', 'tgrant', 'jjs390', 'nshabeeb', 'wfm289', 'cyu', 'kmm134', 'aml404', 'eabrams', 'sbehnke', 'bscallon', 'akern', 'hsiaochi', 'luyaozers', 'jsk719', 'aha552', 'csprangers', 'bkang', 'dlorenzini', 'csieber', 'karkaputto', 'mfritz', 'JCLIN', 'ayousef', 'frizz1010', 'NBailey', 'vktdm111', 'lfredin', 'htk351', 'ggrocke', 'jmbachu', 'rmalecky', 'goh07', 'nbasu', 'nflammer', 'kkim', 'sarvis', 'cmehta', 'cblumen1', 'djohanson', 'iabdala', 'jbenjy8', 'cteng', 'ekennedy', 'ccook', 'glewis07', 'avohra', 'mlembo', 'phanna', 'peacful_joh', 'AlexMorgan', 'bbanss13', 'dsutich', 'ewali', 'raga07', 'eah635', 'mayra', 'scai', 'pkasen', 'kwhite', 'ahu22b', 'sespinoza2589', 'dmritard96', 'quangcle', 'cgarcia', 'ldsegall', 'jbanga', 'vkb217', 'mpark', 'cschonberg', 'tgrimm17', 'mrr869', 'clawlor', 'Sbehnke', 'egaray', 'scope', 'ahu22B', 'malperin', 'kjohnson', 'stephenachao', 'kliu', 'mmehta', 'axiao', 'yfatemi', 'jla906', 'tchaudhry', 'stumuluru', 'afr422', 'ckusel', 'jls914', 'cellis', 'LidiaS', 'kwang', 'jclin', 'ssawlani', 'dsm661', 'ka', 'rblee88', 'shezzoid542']",9,"['ahadley', 'j_carver2005', 'Molly_Kuhlman', 'gowens', 'ejm', 'mprovors', 'klang85', 'heatherw', 'smishra']",6,"['Peacful_Joh', 'jroden', 'sstrasser', 'mmapodaca', 'emathieson', 'slhatch']",196,"['lbettag', 'tjohnson', 'mike67876', 'etrivedi', 'akileshhonasoge', 'klee', 'Peacful_Joh', 'cbernardo', 'yatakui', 'lholyoke', 'jpez', 'jbenjy88', 'alexjud', 'cleung', 'hkim', 'sstrasser', 'aviollt', 'bugaboo0036', 'ncrenshaw', 'Lgilbert', 'mquayyum', 'dennisbluver', 'catherine', 'darkmetal505', 'abhatt2007', 'mikeispt108', 'srn779', 'olui', 'ggadodia', 'alyu', 'nborzym', 'dschuster', 'kpmarcelino', 'pforyt', 'sramalingam', 'smishra', 'kpie1', 'tgilbert', 'KA', 'twang23', 'skatragadda', 'pfellenz', 'slhatch', 'cchang', 'rcwang', 'wfm289', 'kmm134', 'jroden', 'aml404', 'sbehnke', 'bscallon', 'hsiaochi', 'aha552', 'csprangers', 'dlorenzini', 'emathieson', 'JCLIN', 'vktdm111', 'ggrocke', 'rmalecky', 'goh07', 'mprovors', 'nbasu', 'nflammer', 'cteng', 'ccook', 'glewis07', 'mlembo', 'phanna', 'AlexMorgan', 'bbanss13', 'dsutich', 'ewali', 'eah635', 'pkasen', 'mayra', 'scai', 'sespinoza2589', 'quangcle', 'ldsegall', 'jbanga', 'mpark', 'cschonberg', 'tgrimm17', 'mrr869', 'egaray', 'Sbehnke', 'clawlor', 'scope', 'ahu22B', 'kjohnson', 'stephenachao', 'kliu', 'jla906', 'cellis', 'kwang', 'ssawlani', 'rblee88', 'golightly112', 'rsanchez', 'Molly_Kuhlman', 'jfroberg', 'nnosavan', 'lmason', 'jheppermann', 'camasney', 'achen', 'dlc916', 'icharles', 'lkoehler', 'jcs311', 'mkevb1', 'ku8809no', 'ahadley', 'kvargas', 'tshastry', 'nrastogi', 'lhan', 'dpai', 'ahood', 'liangcui', 'nsyed', 'ashlyprincess', 'bebe', 'jnam', 'dkim', 'chrissemple', 'lnezirova', 'ras446', 'jheide', 'kkurda', 'mwhitesides', 'ruchino', 'sumeethj', 'zbergman', 'lidias', 'jholcomb', 'clishea18', 'cwa653', 'relic12', 'rbrock', 'jjs390', 'tgrant', 'nshabeeb', 'cyu', 'gowens', 'heatherw', 'eabrams', 'akern', 'klang85', 'luyaozers', 'jsk719', 'bkang', 'csieber', 'karkaputto', 'mfritz', 'ayousef', 'frizz1010', 'NBailey', 'lfredin', 'htk351', 'jmbachu', 'kkim', 'sarvis', 'cmehta', 'iabdala', 'djohanson', 'cblumen1', 'jbenjy8', 'ekennedy', 'avohra', 'peacful_joh', 'raga07', 'kwhite', 'ahu22b', 'ejm', 'dmritard96', 'cgarcia', 'vkb217', 'j_carver2005', 'malperin', 'axiao', 'mmehta', 'yfatemi', 'mmapodaca', 'tchaudhry', 'ckusel', 'afr422', 'jclin', 'jls914', 'LidiaS', 'stumuluru', 'dsm661', 'ka', 'parkerjessup1', 'shezzoid542']"
1,25,190,8,6,"['ahadley', 'j_carver2005', 'Molly_Kuhlman', 'ejm', 'klang85', 'heatherw']",184,"['lbettag', 'parkerjessup1', 'tjohnson', 'rsanchez', 'mike67876', 'etrivedi', 'golightly112', 'jfroberg', 'nnosavan', 'lmason', 'jheppermann', 'camasney', 'achen', 'dlc916', 'akileshhonasoge', 'klee', 'icharles', 'cbernardo', 'lkoehler', 'jcs311', 'yatakui', 'mkevb1', 'ku8809no', 'lholyoke', 'jpez', 'jbenjy88', 'alexjud', 'cleung', 'hkim', 'kvargas', 'aviollt', 'bugaboo0036', 'tshastry', 'nrastogi', 'ncrenshaw', 'lhan', 'dpai', 'Lgilbert', 'ahood', 'mquayyum', 'liangcui', 'dennisbluver', 'catherine', 'nsyed', 'ashlyprincess', 'bebe', 'darkmetal505', 'abhatt2007', 'jnam', 'mikeispt108', 'dkim', 'srn779', 'chrissemple', 'olui', 'ggadodia', 'lnezirova', 'ras446', 'alyu', 'nborzym', 'dschuster', 'jheide', 'kpmarcelino', 'kkurda', 'pforyt', 'mwhitesides', 'ruchino', 'sumeethj', 'zbergman', 'smishra', 'sramalingam', 'kpie1', 'tgilbert', 'KA', 'twang23', 'skatragadda', 'pfellenz', 'jholcomb', 'clishea18', 'cwa653', 'cchang', 'rcwang', 'relic12', 'rbrock', 'jjs390', 'tgrant', 'nshabeeb', 'wfm289', 'cyu', 'kmm134', 'gowens', 'aml404', 'eabrams', 'sbehnke', 'bscallon', 'akern', 'hsiaochi', 'luyaozers', 'jsk719', 'aha552', 'csprangers', 'bkang', 'dlorenzini', 'csieber', 'karkaputto', 'mfritz', 'JCLIN', 'ayousef', 'frizz1010', 'vktdm111', 'NBailey', 'lfredin', 'htk351', 'ggrocke', 'jmbachu', 'rmalecky', 'goh07', 'mprovors', 'nbasu', 'nflammer', 'kkim', 'sarvis', 'cmehta', 'iabdala', 'djohanson', 'cblumen1', 'jbenjy8', 'cteng', 'ekennedy', 'ccook', 'glewis07', 'avohra', 'mlembo', 'phanna', 'peacful_joh', 'AlexMorgan', 'bbanss13', 'dsutich', 'ewali', 'raga07', 'eah635', 'pkasen', 'mayra', 'scai', 'kwhite', 'ahu22b', 'sespinoza2589', 'dmritard96', 'quangcle', 'cgarcia', 'shezzoid542', 'ldsegall', 'jbanga', 'vkb217', 'mpark', 'cschonberg', 'tgrimm17', 'mrr869', 'egaray', 'Sbehnke', 'scope', 'clawlor', 'ahu22B', 'malperin', 'kjohnson', 'stephenachao', 'kliu', 'axiao', 'mmehta', 'yfatemi', 'jla906', 'tchaudhry', 'ckusel', 'afr422', 'jclin', 'jls914', 'cellis', 'LidiaS', 'kwang', 'stumuluru', 'ssawlani', 'dsm661', 'ka', 'rblee88', 'lidias']",2,"['ejblaesi', 'cmaikens']",192,"['lbettag', 'parkerjessup1', 'tjohnson', 'rsanchez', 'mike67876', 'etrivedi', 'golightly112', 'Molly_Kuhlman', 'jfroberg', 'nnosavan', 'lmason', 'jheppermann', 'camasney', 'achen', 'dlc916', 'akileshhonasoge', 'klee', 'icharles', 'cbernardo', 'lkoehler', 'jcs311', 'yatakui', 'mkevb1', 'ku8809no', 'lholyoke', 'jpez', 'jbenjy88', 'alexjud', 'cleung', 'hkim', 'ahadley', 'kvargas', 'aviollt', 'bugaboo0036', 'tshastry', 'nrastogi', 'ncrenshaw', 'lhan', 'dpai', 'Lgilbert', 'ahood', 'mquayyum', 'liangcui', 'dennisbluver', 'catherine', 'cmaikens', 'nsyed', 'ashlyprincess', 'bebe', 'darkmetal505', 'abhatt2007', 'jnam', 'mikeispt108', 'dkim', 'srn779', 'chrissemple', 'olui', 'ggadodia', 'lnezirova', 'ras446', 'alyu', 'nborzym', 'dschuster', 'jheide', 'kpmarcelino', 'kkurda', 'pforyt', 'mwhitesides', 'ruchino', 'sumeethj', 'zbergman', 'smishra', 'sramalingam', 'kpie1', 'tgilbert', 'KA', 'twang23', 'skatragadda', 'pfellenz', 'jholcomb', 'clishea18', 'cwa653', 'cchang', 'rcwang', 'relic12', 'rbrock', 'jjs390', 'tgrant', 'nshabeeb', 'wfm289', 'cyu', 'kmm134', 'gowens', 'heatherw', 'aml404', 'eabrams', 'sbehnke', 'bscallon', 'akern', 'hsiaochi', 'klang85', 'luyaozers', 'jsk719', 'aha552', 'csprangers', 'bkang', 'dlorenzini', 'csieber', 'karkaputto', 'mfritz', 'JCLIN', 'ayousef', 'frizz1010', 'vktdm111', 'NBailey', 'lfredin', 'ejblaesi', 'htk351', 'ggrocke', 'jmbachu', 'rmalecky', 'goh07', 'mprovors', 'nbasu', 'nflammer', 'kkim', 'sarvis', 'cmehta', 'iabdala', 'djohanson', 'cblumen1', 'jbenjy8', 'cteng', 'ekennedy', 'ccook', 'glewis07', 'avohra', 'mlembo', 'phanna', 'peacful_joh', 'AlexMorgan', 'bbanss13', 'dsutich', 'ewali', 'raga07', 'eah635', 'pkasen', 'mayra', 'scai', 'kwhite', 'ahu22b', 'ejm', 'sespinoza2589', 'dmritard96', 'quangcle', 'cgarcia', 'shezzoid542', 'ldsegall', 'jbanga', 'vkb217', 'mpark', 'cschonberg', 'tgrimm17', 'mrr869', 'egaray', 'j_carver2005', 'Sbehnke', 'scope', 'clawlor', 'ahu22B', 'malperin', 'kjohnson', 'stephenachao', 'kliu', 'axiao', 'mmehta', 'yfatemi', 'jla906', 'tchaudhry', 'ckusel', 'afr422', 'jclin', 'jls914', 'cellis', 'LidiaS', 'kwang', 'stumuluru', 'ssawlani', 'dsm661', 'ka', 'rblee88', 'lidias']"
2,24,68,71,63,"['khm98', 'yenchuyang', 'shuhu', 'jliu86', 'indepj', 'jayparker', 'vijayfrancis7', 'zihong', 'samehgalal', 'tsewang', 'nitindua', 'dschou', 'jaccy', 'tila', 'dseo80', 'idimen', 'youngy', 'srivats9117', 'zhuzhouyuan02', 'kknutson', 'kosar', 'jeonjin7', 'maduncan', 'jasonlin', 'hrlee', 'rawisraw', 'nikit', 'yoneoka', 'rajmisra', 'mayur20', 'darylng', 'derek502', 'hailiangmars', 'jonrviper', 'shengliu', 'KoalaBlue1', 'tpslele', '04925848a', 'yongpark', 'changwa', 'vijayp', 'ytcheng', 'ngyoung', 'bclim', 'ee94040', 'pardalan', 'xhl20', 'jwf', 'nefcy', 'erichoke', 'talk2stars', 'oliviawei', 'tskim1', 'tzonghan', 'eriki', 'mullings', 'rbhobe', 'tfcheng', 'lthoon', 'aaronl', 'npradhan', 'aniveditha', 'alsune']",5,"['dvangogh', 'cjhsieh', 'Gugiyu', 'jrhahn1', 'cdaigle']",8,"['akpec', 'jrileyEE218', 'jprao', 'Zihong', 'elaineo', 'farazhb', 'Allans123', 'arjun85']",76,"['khm98', 'shuhu', 'yenchuyang', 'indepj', 'jayparker', 'zihong', 'samehgalal', 'tsewang', 'nitindua', 'dschou', 'jaccy', 'tila', 'Zihong', 'dseo80', 'srivats9117', 'maduncan', 'cjhsieh', 'rawisraw', 'yoneoka', 'rajmisra', 'arjun85', 'shengliu', 'KoalaBlue1', '04925848a', 'yongpark', 'vijayp', 'dvangogh', 'bclim', 'ee94040', 'farazhb', 'nefcy', 'erichoke', 'tfcheng', 'aaronl', 'cdaigle', 'alsune', 'xhl20', 'akpec', 'jliu86', 'vijayfrancis7', 'idimen', 'youngy', 'zhuzhouyuan02', 'kknutson', 'kosar', 'jeonjin7', 'jasonlin', 'jprao', 'hrlee', 'elaineo', 'nikit', 'mayur20', 'darylng', 'derek502', 'hailiangmars', 'jonrviper', 'tpslele', 'changwa', 'ytcheng', 'Gugiyu', 'ngyoung', 'pardalan', 'Allans123', 'jwf', 'jrileyEE218', 'talk2stars', 'oliviawei', 'tskim1', 'tzonghan', 'eriki', 'mullings', 'rbhobe', 'jrhahn1', 'lthoon', 'npradhan', 'aniveditha']"
3,29,32,14,11,"['pcg53747', 'deathsosth', 'hwcheng', 'LKy', 'apaphix', 'cloud', 'getchar', 'eencnudon', 'graphalgo', 'Littleh', 'tcyeh']",21,"['tjbadcock', 'steve01903', 'ryanboesch', 'sarathcpt', 'seario', 'jingjing', 'arikan', 'appeli', 'ftempasuedu', 'stacy', 'coffeemate', 'sbaliga', 'paradox', 'rmh724', 'agacosta', 'pigguo', 'tjchiu', 'maciekligowski', 'kchandr5', 'sabbas', 'kdeepak1984']",3,"['tarks', 'eric197542', 'beznp']",35,"['tjbadcock', 'steve01903', 'eric197542', 'tarks', 'ryanboesch', 'sarathcpt', 'seario', 'jingjing', 'graphalgo', 'arikan', 'beznp', 'appeli', 'ftempasuedu', 'LKy', 'apaphix', 'stacy', 'coffeemate', 'cloud', 'sbaliga', 'paradox', 'rmh724', 'Littleh', 'tcyeh', 'agacosta', 'hwcheng', 'pigguo', 'eencnudon', 'tjchiu', 'maciekligowski', 'deathsosth', 'pcg53747', 'getchar', 'kchandr5', 'sabbas', 'kdeepak1984']"
3,30,32,13,8,"['ftempasuedu', 'coffeemate', 'sbaliga', 'sarathcpt', 'kchandr5', 'jingjing', 'rmh724', 'kdeepak1984']",24,"['tjbadcock', 'steve01903', 'ryanboesch', 'seario', 'graphalgo', 'arikan', 'appeli', 'LKy', 'apaphix', 'stacy', 'cloud', 'paradox', 'Littleh', 'tcyeh', 'agacosta', 'hwcheng', 'pigguo', 'eencnudon', 'tjchiu', 'maciekligowski', 'deathsosth', 'pcg53747', 'getchar', 'sabbas']",5,"['asgoerni', 'panrets', 'bharanr', 'bpadman1', 'ahossai']",37,"['tjbadcock', 'steve01903', 'ryanboesch', 'sarathcpt', 'seario', 'jingjing', 'graphalgo', 'arikan', 'appeli', 'ftempasuedu', 'LKy', 'apaphix', 'stacy', 'coffeemate', 'panrets', 'cloud', 'sbaliga', 'paradox', 'bpadman1', 'rmh724', 'Littleh', 'tcyeh', 'asgoerni', 'agacosta', 'hwcheng', 'pigguo', 'eencnudon', 'bharanr', 'tjchiu', 'maciekligowski', 'deathsosth', 'pcg53747', 'getchar', 'kchandr5', 'ahossai', 'sabbas', 'kdeepak1984']"
3,7,32,9,1,['jingjing'],31,"['tjbadcock', 'steve01903', 'ryanboesch', 'sarathcpt', 'seario', 'graphalgo', 'arikan', 'appeli', 'ftempasuedu', 'LKy', 'apaphix', 'stacy', 'coffeemate', 'cloud', 'sbaliga', 'paradox', 'rmh724', 'Littleh', 'tcyeh', 'agacosta', 'hwcheng', 'pigguo', 'eencnudon', 'tjchiu', 'maciekligowski', 'deathsosth', 'pcg53747', 'getchar', 'kchandr5', 'sabbas', 'kdeepak1984']",8,"['bhupathikalpana', 'scsong71', 'lnaveen', 'raamsid', 'kotanaveen', 'harish', 'ranjithpadidala', 'moturukh']",40,"['tjbadcock', 'steve01903', 'scsong71', 'ryanboesch', 'sarathcpt', 'seario', 'jingjing', 'graphalgo', 'arikan', 'appeli', 'ftempasuedu', 'LKy', 'apaphix', 'stacy', 'coffeemate', 'raamsid', 'cloud', 'sbaliga', 'paradox', 'rmh724', 'Littleh', 'tcyeh', 'moturukh', 'bhupathikalpana', 'agacosta', 'hwcheng', 'lnaveen', 'pigguo', 'harish', 'eencnudon', 'ranjithpadidala', 'tjchiu', 'maciekligowski', 'deathsosth', 'pcg53747', 'kotanaveen', 'getchar', 'kchandr5', 'sabbas', 'kdeepak1984']"
4,26,28,25,22,"['maksimz', 'seb6006', 's042570', 'nierhoff', 'EnthusiasticStudent', 'yoda', 'paw', 'mibole', 's042463', 'jonasdue', 'krugster', 'eskrut', 'dirac1928', 'paoloween', 'crapy', 'ToBeAss', 'johan', 'Pikachu', 'hoomie', 's042515', 's042201', 'chris100']",6,"['MTM', 'xaratustra', 's042177', 'rparsa', 'qiankun', 'ehosseini']",3,"['nanomads', 'mabazain', 'hildur']",31,"['maksimz', 's042570', 'seb6006', 'mabazain', 'nierhoff', 'EnthusiasticStudent', 'yoda', 'paw', 's042177', 'mibole', 'ehosseini', 's042463', 'jonasdue', 'hildur', 'krugster', 'eskrut', 'dirac1928', 'MTM', 'paoloween', 'xaratustra', 'rparsa', 'crapy', 'Pikachu', 'johan', 'ToBeAss', 'qiankun', 'hoomie', 'nanomads', 's042515', 's042201', 'chris100']"
5,8,28,19,14,"['jithudevineni', 'nagavender', 'pramod_dude2003', 'lude251', 'agnichunduri', 'suchitradhadigam', 'omkareshwarnaik', 'deepthinano', 'saikeerthig', 'jilani919', 'ponugupati', 'subbarao', 'abhishekmidturi', 'namtih58']",14,"['vickyb', 'fernandorios6', 'robdavid', 'malleswari', 'maxon_999', 'alkuslikis', 'rajkirangotti', 'vasu_katangooru', 'raghuramsrinivasr', 'rajkirangottipati', 'hameed425', 'phcaobq', 'venkatvasu', 'siddhuchow']",5,"['p_deepthi13', 'aliuddin', 'sravan', 'panyamak', 'moin95']",33,"['jithudevineni', 'pramod_dude2003', 'suchitradhadigam', 'alkuslikis', 'fernandorios6', 'nagavender', 'p_deepthi13', 'malleswari', 'panyamak', 'vasu_katangooru', 'deepthinano', 'jilani919', 'hameed425', 'venkatvasu', 'abhishekmidturi', 'namtih58', 'moin95', 'vickyb', 'maxon_999', 'rajkirangotti', 'omkareshwarnaik', 'saikeerthig', 'raghuramsrinivasr', 'rajkirangottipati', 'robdavid', 'aliuddin', 'sravan', 'lude251', 'agnichunduri', 'ponugupati', 'subbarao', 'phcaobq', 'siddhuchow']"
5,10,28,7,7,"['malleswari', 'maxon_999', 'vasu_katangooru', 'raghuramsrinivasr', 'rajkirangottipati', 'subbarao', 'venkatvasu']",21,"['jithudevineni', 'pramod_dude2003', 'suchitradhadigam', 'alkuslikis', 'fernandorios6', 'nagavender', 'deepthinano', 'jilani919', 'hameed425', 'abhishekmidturi', 'namtih58', 'vickyb', 'rajkirangotti', 'omkareshwarnaik', 'saikeerthig', 'robdavid', 'lude251', 'agnichunduri', 'ponugupati', 'phcaobq', 'siddhuchow']",0,[],28,"['jithudevineni', 'vickyb', 'pramod_dude2003', 'maxon_999', 'suchitradhadigam', 'alkuslikis', 'rajkirangotti', 'omkareshwarnaik', 'saikeerthig', 'raghuramsrinivasr', 'rajkirangottipati', 'robdavid', 'fernandorios6', 'nagavender', 'venkatvasu', 'siddhuchow', 'malleswari', 'lude251', 'agnichunduri', 'vasu_katangooru', 'deepthinano', 'jilani919', 'ponugupati', 'subbarao', 'hameed425', 'phcaobq', 'abhishekmidturi', 'namtih58']"
5,9,28,5,4,"['raghuramsrinivasr', 'lude251', 'abhishekmidturi', 'rajkirangotti']",24,"['jithudevineni', 'vickyb', 'pramod_dude2003', 'maxon_999', 'suchitradhadigam', 'alkuslikis', 'omkareshwarnaik', 'saikeerthig', 'rajkirangottipati', 'robdavid', 'fernandorios6', 'nagavender', 'venkatvasu', 'siddhuchow', 'malleswari', 'agnichunduri', 'vasu_katangooru', 'deepthinano', 'jilani919', 'ponugupati', 'subbarao', 'hameed425', 'phcaobq', 'namtih58']",1,['myersrr'],29,"['jithudevineni', 'vickyb', 'pramod_dude2003', 'maxon_999', 'suchitradhadigam', 'alkuslikis', 'rajkirangotti', 'omkareshwarnaik', 'saikeerthig', 'raghuramsrinivasr', 'rajkirangottipati', 'myersrr', 'robdavid', 'fernandorios6', 'nagavender', 'venkatvasu', 'siddhuchow', 'malleswari', 'lude251', 'agnichunduri', 'vasu_katangooru', 'deepthinano', 'jilani919', 'ponugupati', 'subbarao', 'hameed425', 'phcaobq', 'abhishekmidturi', 'namtih58']"
6,15,27,27,22,"['gokberk', 'tanzil', 'mikaelkv', 't36', 'Nicoinn', 'gustbee', 'SwedishViking', 'elyas', 'bjnils', 'svedend', 'blubbe', 'parizek', 'albynanu', 'Aemo', 'davidko', 'mlelshei', 'Vel0th', 'anita80', 'rozycki', 'johoi', 'saad', 'shamsa']",5,"['akkallio', 'simulering', 'dahir', 'steppen7', 'petroff']",5,"['maxem', 'sebricci', 'robin77i', 'krissboy', 'bellmanz']",32,"['gokberk', 'tanzil', 'simulering', 'mikaelkv', 't36', 'Nicoinn', 'gustbee', 'SwedishViking', 'krissboy', 'elyas', 'bellmanz', 'maxem', 'bjnils', 'svedend', 'blubbe', 'parizek', 'albynanu', 'Aemo', 'davidko', 'dahir', 'sebricci', 'mlelshei', 'Vel0th', 'anita80', 'johoi', 'rozycki', 'saad', 'akkallio', 'shamsa', 'robin77i', 'steppen7', 'petroff']"
7,17,25,45,23,"['bvgregor', 'xlu', 'jasonmartens', 'djacobs', 'afasolinu', 'afranklin', 'asi071', 'rbanakis', 'dmondschean', 'ssaddemi', 'tifalok', 'jrudoy', 'mmarkese', 'zsidik', 'drhee', 'agross', 'mjc222', 'abartolai', 'alicialoon', 'jradcliffe', 'Chisda', 'ljordano', 'ltrevino']",2,"['eed1987', 'garlandlisa']",22,"['chisda', 'jroden', 'nonhub1122', 'sifatshahjahan', 'choel', 'tejerina', 'chngnisbbgy', 'cal321', 'willybaw', 'christian', 'aos422', 'alice', 'amunoz', 'cgoldschmidt', 'mhartrich', 'tgadzikwa', 'darkslayer13', 'slhatch', 'mmapodaca', 'mrosenberg', 'alyszczarz', 'nathancboren']",47,"['jroden', 'xlu', 'choel', 'jasonmartens', 'tejerina', 'djacobs', 'afasolinu', 'afranklin', 'asi071', 'rbanakis', 'willybaw', 'dmondschean', 'ssaddemi', 'tifalok', 'christian', 'mmarkese', 'alice', 'mhartrich', 'alicialoon', 'tgadzikwa', 'jradcliffe', 'Chisda', 'ljordano', 'chisda', 'bvgregor', 'nonhub1122', 'sifatshahjahan', 'chngnisbbgy', 'cal321', 'jrudoy', 'zsidik', 'drhee', 'aos422', 'agross', 'eed1987', 'mjc222', 'garlandlisa', 'abartolai', 'cgoldschmidt', 'amunoz', 'slhatch', 'darkslayer13', 'nathancboren', 'mmapodaca', 'mrosenberg', 'alyszczarz', 'ltrevino']"
8,27,25,41,2,"['esteenbe', 'rajanim']",23,"['rmdong', 'zwfchopin', 'lazafq123', 'gokulaka', 'Huskerfan333', 'melissalili', 'QuantumDot', 'nsashraf', 'sairaghunath', 'prabhubharathan', 'cjlasu', 'tejbelagodu', 'cjnolja', 'ericdailey', 'jmnunez1', 'jazminjazzy', 'anupsasikumar', 'achalk', 'abebeh', 'Trupthi', 'teresawei221', 'anandecy3035', 'aluby']",39,"['mini_moses', 'umechelimila', 'pavan26kp', 'pavansiu', 'khader_7786', 'radhikak', 'harani', 'agayathri', 'praneet9', 'potluri9', 'guttivishu', 'sribotla82', 'kajalpatil', 'nagaraj', 'sbreddy', 'yphani', 'raamsid', 'chsumanth14', 'moturukh', 'bhupathikalpana', 'ajay43', 'lnaveen', 'mdsadiq', 'irshad', 'rakeshk', 'harish', 'ranjithpadidala', 'ashfaq', 'jwala', 'abed820', 'gsraghu', 'jahnvi', 'sairam', 'rahul24', 'kotanaveen', 'adeflux', 'ssahmed', 'bharatsainani', 'karthikc']",64,"['umechelimila', 'pavan26kp', 'harani', 'Huskerfan333', 'rajanim', 'guttivishu', 'esteenbe', 'kajalpatil', 'nagaraj', 'raamsid', 'melissalili', 'chsumanth14', 'sairaghunath', 'cjlasu', 'tejbelagodu', 'cjnolja', 'lnaveen', 'jmnunez1', 'irshad', 'jazminjazzy', 'anupsasikumar', 'achalk', 'abebeh', 'abed820', 'Trupthi', 'ssahmed', 'karthikc', 'rmdong', 'mini_moses', 'zwfchopin', 'pavansiu', 'lazafq123', 'khader_7786', 'radhikak', 'gokulaka', 'agayathri', 'praneet9', 'potluri9', 'sribotla82', 'sbreddy', 'yphani', 'QuantumDot', 'nsashraf', 'prabhubharathan', 'moturukh', 'bhupathikalpana', 'ericdailey', 'ajay43', 'mdsadiq', 'rakeshk', 'harish', 'ranjithpadidala', 'ashfaq', 'jwala', 'gsraghu', 'jahnvi', 'sairam', 'rahul24', 'kotanaveen', 'teresawei221', 'adeflux', 'anandecy3035', 'bharatsainani', 'aluby']"
8,28,25,26,20,"['rmdong', 'zwfchopin', 'lazafq123', 'gokulaka', 'Huskerfan333', 'esteenbe', 'melissalili', 'nsashraf', 'sairaghunath', 'prabhubharathan', 'cjlasu', 'tejbelagodu', 'ericdailey', 'jmnunez1', 'anupsasikumar', 'achalk', 'Trupthi', 'teresawei221', 'anandecy3035', 'aluby']",5,"['cjnolja', 'abebeh', 'jazminjazzy', 'QuantumDot', 'rajanim']",6,"['Vasileska', 'myztical7', 'srivatsaaithal', 'xoai479', 'nipunchaplot', 'jcharri1']",31,"['rmdong', 'zwfchopin', 'lazafq123', 'gokulaka', 'Huskerfan333', 'nipunchaplot', 'rajanim', 'esteenbe', 'Vasileska', 'xoai479', 'melissalili', 'QuantumDot', 'nsashraf', 'sairaghunath', 'prabhubharathan', 'cjlasu', 'tejbelagodu', 'cjnolja', 'ericdailey', 'jmnunez1', 'jazminjazzy', 'anupsasikumar', 'myztical7', 'achalk', 'abebeh', 'srivatsaaithal', 'Trupthi', 'teresawei221', 'anandecy3035', 'aluby', 'jcharri1']"
9,11,22,20,15,"['banglin', 'dhruvsingh', 'yjing', 'hsinhaouh', 'mrakita', 'Ayesha', 'hmurdoch2', 'fangoua', 'hmurdoch', 'grlong', 'yalanz', 'abartow', 'dsamson', 'santoshkumar', 'ccqian']",7,"['juby', 'gvkarthik', 'kim87', 'hessks', 'siryu011', 'thal', 'rnemeth']",5,"['strachan', 'iyums', 'cbburger', 'oliverm', 'apalaria']",27,"['dhruvsingh', 'hsinhaouh', 'hessks', 'siryu011', 'yalanz', 'abartow', 'juby', 'banglin', 'mrakita', 'cbburger', 'oliverm', 'thal', 'rnemeth', 'Ayesha', 'dsamson', 'ccqian', 'yjing', 'kim87', 'grlong', 'fangoua', 'strachan', 'iyums', 'gvkarthik', 'hmurdoch2', 'hmurdoch', 'apalaria', 'santoshkumar']"
10,32,19,20,11,"['pnice', 'kim131', 'leoromanovsky', 'jgu', 'bcaulkin', 'kjharrin', 'rsdeford', 'tallxcrunner', 'sdials', 'nasaman02', 'pakighunda']",8,"['davydotcom', 'obrienam', 'zhangkun', 'Gohanto', 'ahmd080', 'giganano', 'wancc3', 'dtruax']",9,"['cchong', 'kmsj2', 'anascimejr', 'dakezi', 'boilerjh', 'smchaudh', 'simy', 'apradhan', 'npaulraj']",28,"['davydotcom', 'cchong', 'kmsj2', 'zhangkun', 'kim131', 'bcaulkin', 'dakezi', 'kjharrin', 'tallxcrunner', 'sdials', 'apradhan', 'dtruax', 'pakighunda', 'npaulraj', 'pnice', 'obrienam', 'leoromanovsky', 'jgu', 'boilerjh', 'giganano', 'nasaman02', 'Gohanto', 'smchaudh', 'anascimejr', 'rsdeford', 'ahmd080', 'simy', 'wancc3']"
11,17,17,45,17,"['chisda', 'cal321', 'aos422', 'alice', 'willybaw', 'nonhub1122', 'amunoz', 'sifatshahjahan', 'cgoldschmidt', 'choel', 'christian', 'mhartrich', 'mrosenberg', 'chngnisbbgy', 'alyszczarz', 'darkslayer13', 'nathancboren']",0,[],28,"['jroden', 'bvgregor', 'xlu', 'tejerina', 'jasonmartens', 'djacobs', 'afasolinu', 'afranklin', 'asi071', 'rbanakis', 'dmondschean', 'tifalok', 'ssaddemi', 'jrudoy', 'mmarkese', 'zsidik', 'drhee', 'agross', 'mjc222', 'abartolai', 'alicialoon', 'tgadzikwa', 'slhatch', 'jradcliffe', 'mmapodaca', 'Chisda', 'ljordano', 'ltrevino']",45,"['chisda', 'jroden', 'bvgregor', 'ltrevino', 'nonhub1122', 'sifatshahjahan', 'choel', 'xlu', 'tejerina', 'jasonmartens', 'chngnisbbgy', 'djacobs', 'afasolinu', 'afranklin', 'asi071', 'cal321', 'rbanakis', 'willybaw', 'dmondschean', 'tifalok', 'ssaddemi', 'christian', 'jrudoy', 'mmarkese', 'zsidik', 'drhee', 'aos422', 'agross', 'alice', 'amunoz', 'cgoldschmidt', 'mjc222', 'abartolai', 'mhartrich', 'alicialoon', 'tgadzikwa', 'darkslayer13', 'slhatch', 'jradcliffe', 'mmapodaca', 'Chisda', 'ljordano', 'mrosenberg', 'alyszczarz', 'nathancboren']"
13,23,14,12,8,"['manhlee', 'isomr3b51', 'cren', 'michaelz', 'qhuynh', 'pzellner', 'fitsumvt', 'agah']",6,"['joehokie', 'rbeckner27', 'akyurtlu', 'fishbowl', 'da400king', 'xilinix']",4,"['eyc610', 'chakanamja', 'ing_johanan', 'petchow9348']",18,"['isomr3b51', 'cren', 'michaelz', 'da400king', 'petchow9348', 'fitsumvt', 'agah', 'eyc610', 'joehokie', 'manhlee', 'chakanamja', 'ing_johanan', 'rbeckner27', 'akyurtlu', 'qhuynh', 'pzellner', 'fishbowl', 'xilinix']"
15,21,13,12,11,"['miguel1014182447', 'amapri', 'ingridrodriguez', 'manchito', 'jaguerrero', 'porro', 'Jonas77', 'MAOMASVICIO', 'hp1717', 'maomasvicio', 'HP1717']",2,"['essamdz', 'ebende']",1,['hmendez'],14,"['amapri', 'ebende', 'manchito', 'Jonas77', 'MAOMASVICIO', 'hp1717', 'miguel1014182447', 'essamdz', 'hmendez', 'ingridrodriguez', 'jaguerrero', 'porro', 'maomasvicio', 'HP1717']"
16,5,10,13,9,"['snakezap23', 'sharjohn', 'nherring', 'kevinjmajor', 'simiger', 'mforney1', 'thedark', 'kobaya67', 'ja81881']",1,['alexandergiles'],4,"['harsh2312', 'vatano', 'Minghong', 'jc50fb']",14,"['alexandergiles', 'kevinjmajor', 'jc50fb', 'mforney1', 'thedark', 'snakezap23', 'Minghong', 'sharjohn', 'nherring', 'vatano', 'simiger', 'harsh2312', 'kobaya67', 'ja81881']"
16,6,10,7,4,"['thedark', 'simiger', 'kobaya67', 'ja81881']",6,"['snakezap23', 'alexandergiles', 'sharjohn', 'nherring', 'kevinjmajor', 'mforney1']",3,"['harsh2312', 'simigercn', 'jc50fb']",13,"['snakezap23', 'alexandergiles', 'sharjohn', 'nherring', 'kevinjmajor', 'simigercn', 'jc50fb', 'simiger', 'mforney1', 'harsh2312', 'thedark', 'kobaya67', 'ja81881']"
17,19,9,11,7,"['esangiorgi', 'nicola_ing', 'sdonati', 'filippozangheri', 'federicomignani', 'bombardi', 'pinomaiuli']",2,"['adrila', 'chiaraluccaroni']",4,"['gdromu', 'marioguido', 'buldus2', 'mbraccioli']",13,"['esangiorgi', 'adrila', 'sdonati', 'mbraccioli', 'gdromu', 'chiaraluccaroni', 'nicola_ing', 'buldus2', 'filippozangheri', 'federicomignani', 'marioguido', 'bombardi', 'pinomaiuli']"
18,14,9,8,2,"['jhirano', 'PilotNation']",7,"['senthil', 'praoiticica', 'noliver', 'neil1357', 'magnuspaulsson', 'camartin', 'lamcguir']",6,"['morristi', 'rgobble', 'johlee', 'goldenstaralpha', 'mzhang86', 'davidk13']",15,"['senthil', 'praoiticica', 'noliver', 'morristi', 'jhirano', 'rgobble', 'neil1357', 'johlee', 'goldenstaralpha', 'mzhang86', 'PilotNation', 'magnuspaulsson', 'camartin', 'lamcguir', 'davidk13']"
19,32,9,20,5,"['cchong', 'dakezi', 'boilerjh', 'simy', 'npaulraj']",4,"['msrivas', 'weehan85', 'abraham', 'anandg112']",15,"['sdials', 'pnice', 'kmsj2', 'kim131', 'anascimejr', 'leoromanovsky', 'jgu', 'bcaulkin', 'smchaudh', 'kjharrin', 'rsdeford', 'tallxcrunner', 'apradhan', 'nasaman02', 'pakighunda']",24,"['abraham', 'cchong', 'kmsj2', 'kim131', 'bcaulkin', 'dakezi', 'smchaudh', 'msrivas', 'kjharrin', 'weehan85', 'tallxcrunner', 'apradhan', 'sdials', 'pakighunda', 'npaulraj', 'pnice', 'anandg112', 'anascimejr', 'leoromanovsky', 'jgu', 'boilerjh', 'simy', 'rsdeford', 'nasaman02']"
19,33,9,12,4,"['msrivas', 'dakezi', 'anandg112', 'npaulraj']",5,"['cchong', 'abraham', 'boilerjh', 'simy', 'weehan85']",8,"['saxep01', 'mcrew', 'tigertear', 'rlacy', 'snikitha', 'kmsj2', 'jostendo', 'tfrye']",17,"['saxep01', 'abraham', 'cchong', 'kmsj2', 'dakezi', 'msrivas', 'jostendo', 'weehan85', 'npaulraj', 'mcrew', 'tigertear', 'anandg112', 'rlacy', 'snikitha', 'boilerjh', 'simy', 'tfrye']"
19,31,9,6,2,"['anandg112', 'npaulraj']",7,"['cchong', 'abraham', 'dakezi', 'boilerjh', 'simy', 'msrivas', 'weehan85']",4,"['anascimejr', 'makimaya', 'sukwanto', 'pbayuart']",13,"['abraham', 'anandg112', 'cchong', 'anascimejr', 'makimaya', 'pbayuart', 'boilerjh', 'dakezi', 'simy', 'msrivas', 'sukwanto', 'weehan85', 'npaulraj']"
20,12,9,6,5,"['pourghaz', 'oogiedoogie', 'liangz', 'tuhinsinha', 'mspletze']",4,"['zavattieri', 'tslack', 'jfloro', 'atambat']",1,['chindan29'],10,"['tslack', 'pourghaz', 'oogiedoogie', 'liangz', 'jfloro', 'tuhinsinha', 'zavattieri', 'mspletze', 'chindan29', 'atambat']"
21,14,6,8,6,"['morristi', 'rgobble', 'johlee', 'goldenstaralpha', 'mzhang86', 'davidk13']",0,[],2,"['jhirano', 'PilotNation']",8,"['morristi', 'jhirano', 'rgobble', 'johlee', 'goldenstaralpha', 'mzhang86', 'PilotNation', 'davidk13']"
23,20,6,6,1,['melkamu'],5,"['catherin', 'Fiorentini', 'marcocampanati', 'palestri', 'mastrapasqua']",5,"['Behde_k', 'damotg', 'seifuassefa', 'behde_k', 'Behde_K']",11,"['catherin', 'Behde_k', 'Fiorentini', 'marcocampanati', 'behde_k', 'palestri', 'mastrapasqua', 'seifuassefa', 'damotg', 'melkamu', 'Behde_K']"
26,33,5,12,5,"['saxep01', 'mcrew', 'snikitha', 'jostendo', 'tfrye']",0,[],7,"['tigertear', 'anandg112', 'rlacy', 'kmsj2', 'dakezi', 'msrivas', 'npaulraj']",12,"['saxep01', 'kmsj2', 'dakezi', 'jostendo', 'msrivas', 'npaulraj', 'mcrew', 'snikitha', 'tigertear', 'rlacy', 'anandg112', 'tfrye']"
29,19,5,11,3,"['marioguido', 'buldus2', 'mbraccioli']",2,"['gianni', 'bputnam42']",8,"['esangiorgi', 'nicola_ing', 'sdonati', 'filippozangheri', 'federicomignani', 'gdromu', 'bombardi', 'pinomaiuli']",13,"['esangiorgi', 'sdonati', 'gdromu', 'pinomaiuli', 'gianni', 'nicola_ing', 'buldus2', 'bputnam42', 'filippozangheri', 'federicomignani', 'marioguido', 'bombardi', 'mbraccioli']"
30,16,5,7,5,"['divsnvik', 'vikram', 'savi', 'gangadharan', 'deepthi']",0,[],2,"['divya', 'supreeya']",7,"['divsnvik', 'vikram', 'divya', 'savi', 'gangadharan', 'supreeya', 'deepthi']"
1,6,200,203,187,"['txu', 'annab', 'kshepherd', 'laurennelson07', 'mkk749', 'dtchen', 'shk2990', 'dbtice', 'strikex2', 'cmd366', 'zschlieder', 'ceck', 'cmpark', 'noheneadu', 'hyehan', 'mlangille', 'ktp618', 'ltong', 'npetlakh', 'ngg760', 's3suggs', 'jshepherd', 'maroon_09', 'mgroner', 'mcee2374', 'cberg', 'avinokur', 'ajl131', 'jkrupp', 'jchu90', 'acoates', 'lixinxin', 'skang', 'wtong', 'karlind', 'runfree909', 'kgrimestad', 'dramadurai', 'dwalco', 'aogonek', 'pcarlson', 'phirbreethr', 'ilin', 'jschiaffino', 'athuluvath', 'rchen', 'abc897', 'rkay', 'jfang', 'mpineda', 'alcinalidder', 'jkastan', 'spokala', 'ecadoff', 'xxu', 'jjund', 'kwang11', 'mbenner', 'wchang', 'mdawg777', 'tsaraiya', 'kmobilia', 'schirumamilla', 'carlherndon2011', 'ngm654', 'hpatel11', 'sarahhhong', 'tstanis', 'nlomotan', 'ltsai', 'lnur', 'hkawashima', 'kgovindaraju', 'aconroy', 'emj321', 'martabme', 'tkl821', 'svs470', 'tsa309', 'luichanco', 'blindbard393', 'ndavidson', 'svadner', 'lywang', 'pagrawal10', 'thegeoffmeister', 'alex_625', 'devish', 'jle703', 'jglass', 'prajeetreddy', 'dannyboy8m', 'eklebanov', 'craak', 'bsegal', 'alberthong', 'hstafford', 'dchun', 'camila8', 'mhuff', 'tslayman', 'mwise', 'fch308', 'amwang', 'jsoohoo', 'mme118', 'mwang', 'tejmotiwala', 'maffi', 'msriram', 'relwood', 'yxu', 'mellis', 'brianchang', 'myu', 'matosziuk', 'nashida', 'dcpearsall', 'kjoshi91', 'ddkim', 'falcon36', 'anderpants', 'yleong', 'kwd761', 'amalik', 'bmaganti', 'jacquelinehwang', 'athompson', 'sshaaban', 'asklar', 'athompsonharvey', 'cyarka', 'jennie', 'kperkins', 'eko', 'ammerocks', 'iezzoni21', 'swolff', 'shp279', 'dianemok', 'ywang', 'bsh319', 'mchen2012', 'ahuang', 'astockdale', 'emilywirtz', 'njohnson463', 'alee', 'msimms', 'thebombboi123', 'mshen2012', 'jcasady', 'ashah', 'dbasco', 'kbandi', 'jtrop', 'ktsang', 'rpatel', 'jsharp', 'achadha', 'dpetracovici', 'nseetharaman1', 'bveldk06', 'cnoble', 'gwm166', 'sgrindy', 'bambielli', 'gpedrick', 'ymalina', 'fculver', 'past10', 'mayabhardwaj', 'mbourgeois', 'nicholas', 'sfedorikhina', 'tzack25', 'acolletti', 'rachelrosen', 'jtao', 'jkaplan', 'krich55', 'gthippeswamy', 'ejen', 'mannamalai', 'callee', 'allegramount', 'jerrylin12']",13,"['dmorris', 'dkiebala1', 'skrilov', 'chinkmama', 'mwalimujim', 'irenezhanglin', 'ahassan515', 'shaikal', 'mkramer', 'omnelson', 'khaghighi', 'mongoosehuman', 'apeterson']",16,"['mmara', 'mkim', 'mdmurray', 'pantocrator', 'sbajaj', 'schatz', 'mattfred', 'kevinhaghighi2012', 'jlipari', 'justineshaw', 'sshah7', 'dcho0132', 'xwang308', 'ktrocin', 'kcbandi', 'jwalters']",216,"['laurennelson07', 'dkiebala1', 'mkk749', 'dtchen', 'shk2990', 'strikex2', 'ceck', 'cmpark', 'hyehan', 'mlangille', 'ktp618', 's3suggs', 'ngg760', 'maroon_09', 'jkrupp', 'avinokur', 'ajl131', 'jchu90', 'acoates', 'lixinxin', 'skang', 'wtong', 'skrilov', 'kgrimestad', 'ktrocin', 'mmara', 'ilin', 'sbajaj', 'abc897', 'mpineda', 'alcinalidder', 'shaikal', 'ecadoff', 'khaghighi', 'xxu', 'jjund', 'kwang11', 'mbenner', 'wchang', 'mdawg777', 'dcho0132', 'ngm654', 'hpatel11', 'sarahhhong', 'tstanis', 'ltsai', 'lnur', 'kgovindaraju', 'aconroy', 'emj321', 'jlipari', 'martabme', 'tsa309', 'blindbard393', 'ndavidson', 'svadner', 'lywang', 'pagrawal10', 'thegeoffmeister', 'mkramer', 'devish', 'prajeetreddy', 'dannyboy8m', 'eklebanov', 'craak', 'bsegal', 'alberthong', 'dchun', 'mhuff', 'dmorris', 'tslayman', 'mwang', 'msriram', 'yxu', 'myu', 'amalik', 'yleong', 'bmaganti', 'athompson', 'kcbandi', 'athompsonharvey', 'cyarka', 'kperkins', 'iezzoni21', 'swolff', 'shp279', 'ywang', 'bsh319', 'ahuang', 'astockdale', 'emilywirtz', 'alee', 'mwalimujim', 'mshen2012', 'jcasady', 'ashah', 'kbandi', 'rpatel', 'achadha', 'dpetracovici', 'gwm166', 'bambielli', 'past10', 'mayabhardwaj', 'mbourgeois', 'tzack25', 'krich55', 'gthippeswamy', 'kevinhaghighi2012', 'ejen', 'mannamalai', 'ahassan515', 'callee', 'jerrylin12', 'txu', 'annab', 'kshepherd', 'mdmurray', 'dbtice', 'cmd366', 'zschlieder', 'noheneadu', 'ltong', 'justineshaw', 'npetlakh', 'jshepherd', 'jwalters', 'mgroner', 'mcee2374', 'cberg', 'omnelson', 'karlind', 'runfree909', 'dramadurai', 'dwalco', 'aogonek', 'pcarlson', 'phirbreethr', 'jschiaffino', 'athuluvath', 'mattfred', 'rchen', 'rkay', 'jfang', 'jkastan', 'spokala', 'tsaraiya', 'kmobilia', 'schirumamilla', 'carlherndon2011', 'nlomotan', 'mongoosehuman', 'hkawashima', 'tkl821', 'svs470', 'luichanco', 'irenezhanglin', 'alex_625', 'xwang308', 'jle703', 'jglass', 'chinkmama', 'hstafford', 'camila8', 'pantocrator', 'fch308', 'mwise', 'jsoohoo', 'amwang', 'mme118', 'tejmotiwala', 'maffi', 'relwood', 'mellis', 'brianchang', 'matosziuk', 'nashida', 'dcpearsall', 'kjoshi91', 'ddkim', 'falcon36', 'anderpants', 'kwd761', 'jacquelinehwang', 'sshaaban', 'asklar', 'jennie', 'eko', 'ammerocks', 'sshah7', 'dianemok', 'mchen2012', 'njohnson463', 'msimms', 'schatz', 'thebombboi123', 'dbasco', 'jtrop', 'ktsang', 'mkim', 'jsharp', 'nseetharaman1', 'bveldk06', 'cnoble', 'sgrindy', 'gpedrick', 'ymalina', 'apeterson', 'fculver', 'nicholas', 'sfedorikhina', 'acolletti', 'rachelrosen', 'jtao', 'jkaplan', 'allegramount']"
1,34,200,9,3,"['dbtice', 'bveldk06', 'matosziuk']",197,"['txu', 'annab', 'kshepherd', 'laurennelson07', 'dkiebala1', 'mkk749', 'dtchen', 'shk2990', 'strikex2', 'cmd366', 'zschlieder', 'ceck', 'cmpark', 'noheneadu', 'hyehan', 'mlangille', 'ktp618', 'ltong', 'npetlakh', 'ngg760', 's3suggs', 'jshepherd', 'maroon_09', 'mgroner', 'mcee2374', 'cberg', 'avinokur', 'ajl131', 'jkrupp', 'jchu90', 'omnelson', 'acoates', 'lixinxin', 'skang', 'wtong', 'skrilov', 'karlind', 'runfree909', 'kgrimestad', 'dramadurai', 'dwalco', 'aogonek', 'pcarlson', 'phirbreethr', 'ilin', 'jschiaffino', 'athuluvath', 'rchen', 'abc897', 'rkay', 'jfang', 'mpineda', 'alcinalidder', 'jkastan', 'shaikal', 'spokala', 'ecadoff', 'khaghighi', 'xxu', 'jjund', 'kwang11', 'mbenner', 'wchang', 'mdawg777', 'tsaraiya', 'kmobilia', 'schirumamilla', 'carlherndon2011', 'ngm654', 'hpatel11', 'sarahhhong', 'tstanis', 'nlomotan', 'mongoosehuman', 'ltsai', 'lnur', 'hkawashima', 'kgovindaraju', 'aconroy', 'emj321', 'martabme', 'tkl821', 'svs470', 'tsa309', 'luichanco', 'blindbard393', 'ndavidson', 'svadner', 'lywang', 'pagrawal10', 'irenezhanglin', 'thegeoffmeister', 'alex_625', 'mkramer', 'devish', 'jle703', 'jglass', 'prajeetreddy', 'dannyboy8m', 'chinkmama', 'eklebanov', 'craak', 'bsegal', 'alberthong', 'hstafford', 'dchun', 'camila8', 'mhuff', 'dmorris', 'tslayman', 'mwise', 'fch308', 'amwang', 'jsoohoo', 'mme118', 'mwang', 'tejmotiwala', 'maffi', 'msriram', 'relwood', 'yxu', 'mellis', 'brianchang', 'myu', 'nashida', 'dcpearsall', 'kjoshi91', 'ddkim', 'falcon36', 'anderpants', 'yleong', 'kwd761', 'amalik', 'bmaganti', 'jacquelinehwang', 'athompson', 'sshaaban', 'asklar', 'athompsonharvey', 'cyarka', 'jennie', 'kperkins', 'eko', 'ammerocks', 'iezzoni21', 'swolff', 'shp279', 'dianemok', 'ywang', 'bsh319', 'mchen2012', 'ahuang', 'astockdale', 'emilywirtz', 'njohnson463', 'alee', 'msimms', 'thebombboi123', 'mwalimujim', 'mshen2012', 'jcasady', 'ashah', 'dbasco', 'kbandi', 'jtrop', 'ktsang', 'rpatel', 'jsharp', 'achadha', 'dpetracovici', 'nseetharaman1', 'cnoble', 'gwm166', 'sgrindy', 'bambielli', 'gpedrick', 'ymalina', 'apeterson', 'fculver', 'past10', 'mayabhardwaj', 'mbourgeois', 'nicholas', 'sfedorikhina', 'tzack25', 'acolletti', 'rachelrosen', 'jtao', 'jkaplan', 'krich55', 'gthippeswamy', 'ejen', 'mannamalai', 'ahassan515', 'callee', 'allegramount', 'jerrylin12']",6,"['jdicke', 'mattfred', 'sml257', 'jklemp', 'emilieringe', 'pretenderjl']",206,"['txu', 'annab', 'kshepherd', 'laurennelson07', 'dkiebala1', 'mkk749', 'dtchen', 'shk2990', 'dbtice', 'strikex2', 'cmd366', 'zschlieder', 'ceck', 'cmpark', 'noheneadu', 'hyehan', 'mlangille', 'ktp618', 'ltong', 'npetlakh', 'ngg760', 's3suggs', 'jshepherd', 'pretenderjl', 'maroon_09', 'mgroner', 'mcee2374', 'jklemp', 'cberg', 'avinokur', 'ajl131', 'jkrupp', 'jchu90', 'omnelson', 'acoates', 'lixinxin', 'skang', 'wtong', 'skrilov', 'karlind', 'runfree909', 'kgrimestad', 'dramadurai', 'emilieringe', 'dwalco', 'aogonek', 'pcarlson', 'phirbreethr', 'ilin', 'jschiaffino', 'athuluvath', 'mattfred', 'rchen', 'abc897', 'rkay', 'jfang', 'mpineda', 'alcinalidder', 'jkastan', 'shaikal', 'spokala', 'ecadoff', 'khaghighi', 'xxu', 'jjund', 'kwang11', 'mbenner', 'wchang', 'mdawg777', 'tsaraiya', 'kmobilia', 'schirumamilla', 'carlherndon2011', 'ngm654', 'hpatel11', 'sarahhhong', 'tstanis', 'nlomotan', 'mongoosehuman', 'ltsai', 'lnur', 'hkawashima', 'kgovindaraju', 'aconroy', 'emj321', 'martabme', 'tkl821', 'svs470', 'tsa309', 'luichanco', 'blindbard393', 'ndavidson', 'svadner', 'lywang', 'pagrawal10', 'irenezhanglin', 'thegeoffmeister', 'alex_625', 'mkramer', 'devish', 'jle703', 'jglass', 'prajeetreddy', 'dannyboy8m', 'chinkmama', 'eklebanov', 'craak', 'bsegal', 'alberthong', 'hstafford', 'dchun', 'camila8', 'mhuff', 'dmorris', 'tslayman', 'mwise', 'fch308', 'amwang', 'jsoohoo', 'mme118', 'mwang', 'tejmotiwala', 'maffi', 'msriram', 'relwood', 'yxu', 'mellis', 'brianchang', 'myu', 'matosziuk', 'nashida', 'dcpearsall', 'kjoshi91', 'ddkim', 'falcon36', 'anderpants', 'yleong', 'kwd761', 'amalik', 'bmaganti', 'jacquelinehwang', 'athompson', 'sshaaban', 'asklar', 'athompsonharvey', 'cyarka', 'jennie', 'kperkins', 'eko', 'sml257', 'ammerocks', 'iezzoni21', 'swolff', 'shp279', 'dianemok', 'ywang', 'bsh319', 'mchen2012', 'ahuang', 'astockdale', 'emilywirtz', 'njohnson463', 'alee', 'msimms', 'jdicke', 'thebombboi123', 'mwalimujim', 'mshen2012', 'jcasady', 'ashah', 'dbasco', 'kbandi', 'jtrop', 'ktsang', 'rpatel', 'jsharp', 'achadha', 'dpetracovici', 'nseetharaman1', 'bveldk06', 'cnoble', 'gwm166', 'sgrindy', 'bambielli', 'gpedrick', 'ymalina', 'apeterson', 'fculver', 'past10', 'mayabhardwaj', 'mbourgeois', 'nicholas', 'sfedorikhina', 'tzack25', 'acolletti', 'rachelrosen', 'jtao', 'jkaplan', 'krich55', 'gthippeswamy', 'ejen', 'mannamalai', 'ahassan515', 'callee', 'allegramount', 'jerrylin12']"
1,38,200,9,9,"['asklar', 'ndavidson', 'mcee2374', 'nicholas', 'kmobilia', 'ahassan515', 'thegeoffmeister', 'acolletti', 'allegramount']",191,"['txu', 'annab', 'kshepherd', 'laurennelson07', 'dkiebala1', 'mkk749', 'dtchen', 'shk2990', 'dbtice', 'strikex2', 'cmd366', 'zschlieder', 'ceck', 'cmpark', 'noheneadu', 'hyehan', 'mlangille', 'ktp618', 'ltong', 'npetlakh', 'ngg760', 's3suggs', 'jshepherd', 'maroon_09', 'mgroner', 'cberg', 'avinokur', 'ajl131', 'jkrupp', 'jchu90', 'omnelson', 'acoates', 'lixinxin', 'skang', 'wtong', 'skrilov', 'karlind', 'runfree909', 'kgrimestad', 'dramadurai', 'dwalco', 'aogonek', 'pcarlson', 'phirbreethr', 'ilin', 'jschiaffino', 'athuluvath', 'rchen', 'abc897', 'rkay', 'jfang', 'mpineda', 'alcinalidder', 'jkastan', 'shaikal', 'spokala', 'ecadoff', 'khaghighi', 'xxu', 'jjund', 'kwang11', 'mbenner', 'wchang', 'mdawg777', 'tsaraiya', 'schirumamilla', 'carlherndon2011', 'ngm654', 'hpatel11', 'sarahhhong', 'tstanis', 'nlomotan', 'mongoosehuman', 'ltsai', 'lnur', 'hkawashima', 'kgovindaraju', 'aconroy', 'emj321', 'martabme', 'tkl821', 'svs470', 'tsa309', 'luichanco', 'blindbard393', 'svadner', 'lywang', 'pagrawal10', 'irenezhanglin', 'alex_625', 'mkramer', 'devish', 'jle703', 'jglass', 'prajeetreddy', 'dannyboy8m', 'chinkmama', 'eklebanov', 'craak', 'bsegal', 'alberthong', 'hstafford', 'dchun', 'camila8', 'mhuff', 'dmorris', 'tslayman', 'mwise', 'fch308', 'amwang', 'jsoohoo', 'mme118', 'mwang', 'tejmotiwala', 'maffi', 'msriram', 'relwood', 'yxu', 'mellis', 'brianchang', 'myu', 'matosziuk', 'nashida', 'dcpearsall', 'kjoshi91', 'ddkim', 'falcon36', 'anderpants', 'yleong', 'kwd761', 'amalik', 'bmaganti', 'jacquelinehwang', 'athompson', 'sshaaban', 'athompsonharvey', 'cyarka', 'jennie', 'kperkins', 'eko', 'ammerocks', 'iezzoni21', 'swolff', 'shp279', 'dianemok', 'ywang', 'bsh319', 'mchen2012', 'ahuang', 'astockdale', 'emilywirtz', 'njohnson463', 'alee', 'msimms', 'thebombboi123', 'mwalimujim', 'mshen2012', 'jcasady', 'ashah', 'dbasco', 'kbandi', 'jtrop', 'ktsang', 'rpatel', 'jsharp', 'achadha', 'dpetracovici', 'nseetharaman1', 'bveldk06', 'cnoble', 'gwm166', 'sgrindy', 'bambielli', 'gpedrick', 'ymalina', 'apeterson', 'fculver', 'past10', 'mayabhardwaj', 'mbourgeois', 'sfedorikhina', 'tzack25', 'rachelrosen', 'jtao', 'jkaplan', 'krich55', 'gthippeswamy', 'ejen', 'mannamalai', 'callee', 'jerrylin12']",0,[],200,"['txu', 'annab', 'kshepherd', 'laurennelson07', 'dkiebala1', 'mkk749', 'dtchen', 'shk2990', 'dbtice', 'strikex2', 'cmd366', 'zschlieder', 'ceck', 'cmpark', 'noheneadu', 'hyehan', 'mlangille', 'ktp618', 'ltong', 'npetlakh', 'ngg760', 's3suggs', 'jshepherd', 'maroon_09', 'mgroner', 'mcee2374', 'cberg', 'avinokur', 'ajl131', 'jkrupp', 'jchu90', 'omnelson', 'acoates', 'lixinxin', 'skang', 'wtong', 'skrilov', 'karlind', 'runfree909', 'kgrimestad', 'dramadurai', 'dwalco', 'aogonek', 'pcarlson', 'phirbreethr', 'ilin', 'jschiaffino', 'athuluvath', 'rchen', 'abc897', 'rkay', 'jfang', 'mpineda', 'alcinalidder', 'jkastan', 'shaikal', 'spokala', 'ecadoff', 'khaghighi', 'xxu', 'jjund', 'kwang11', 'mbenner', 'wchang', 'mdawg777', 'tsaraiya', 'kmobilia', 'schirumamilla', 'carlherndon2011', 'ngm654', 'hpatel11', 'sarahhhong', 'tstanis', 'nlomotan', 'mongoosehuman', 'ltsai', 'lnur', 'hkawashima', 'kgovindaraju', 'aconroy', 'emj321', 'martabme', 'tkl821', 'svs470', 'tsa309', 'luichanco', 'blindbard393', 'ndavidson', 'svadner', 'lywang', 'pagrawal10', 'irenezhanglin', 'thegeoffmeister', 'alex_625', 'mkramer', 'devish', 'jle703', 'jglass', 'prajeetreddy', 'dannyboy8m', 'chinkmama', 'eklebanov', 'craak', 'bsegal', 'alberthong', 'hstafford', 'dchun', 'camila8', 'mhuff', 'dmorris', 'tslayman', 'mwise', 'fch308', 'amwang', 'jsoohoo', 'mme118', 'mwang', 'tejmotiwala', 'maffi', 'msriram', 'relwood', 'yxu', 'mellis', 'brianchang', 'myu', 'matosziuk', 'nashida', 'dcpearsall', 'kjoshi91', 'ddkim', 'falcon36', 'anderpants', 'yleong', 'kwd761', 'amalik', 'bmaganti', 'jacquelinehwang', 'athompson', 'sshaaban', 'asklar', 'athompsonharvey', 'cyarka', 'jennie', 'kperkins', 'eko', 'ammerocks', 'iezzoni21', 'swolff', 'shp279', 'dianemok', 'ywang', 'bsh319', 'mchen2012', 'ahuang', 'astockdale', 'emilywirtz', 'njohnson463', 'alee', 'msimms', 'thebombboi123', 'mwalimujim', 'mshen2012', 'jcasady', 'ashah', 'dbasco', 'kbandi', 'jtrop', 'ktsang', 'rpatel', 'jsharp', 'achadha', 'dpetracovici', 'nseetharaman1', 'bveldk06', 'cnoble', 'gwm166', 'sgrindy', 'bambielli', 'gpedrick', 'ymalina', 'apeterson', 'fculver', 'past10', 'mayabhardwaj', 'mbourgeois', 'nicholas', 'sfedorikhina', 'tzack25', 'acolletti', 'rachelrosen', 'jtao', 'jkaplan', 'krich55', 'gthippeswamy', 'ejen', 'mannamalai', 'ahassan515', 'callee', 'allegramount', 'jerrylin12']"
2,21,55,50,45,"['fashnicked87', 'tepowers', 'jroush', 'rlass1', 'tfigg', 'holta', 'hsale', 'jones118', 'alentner12', 'nheymer', 'mokomi89', 'mcwatty', 'duktaip26', 'jmknowle', 'torstenmschreiber89', 'mbenadum', 'jfbrenna', 'akremer', 'mjablons', 'lbehrens', 'jthancoc', 'rfkoehle', 'bphester1', 'bishopad', 'alimiadi', 'drgrove', 'asankar', 'kirst', 'mwjensen', 'sajordan', 'wilsonn', 'swan12', 'jswarner', 'mduffey', 'jquinlan', 'svpeders', 'ipayne', 'floydm', 'sjnichol', 'coxcj', 'dchung88', 'bmschult', 'ssehr', 'acimarol', 'jjconnol']",10,"['mille273', 'meg5994', 'boiler19', 'mtoomey', 'clyons', 'bluegreentwo', 'zrgeorge', 'cmcclear982', 'efohl', 'bcnewman']",5,"['strachan', 'gbechtol', 'apalaria', 'eelpers', 'goyalp']",60,"['tepowers', 'mille273', 'tfigg', 'holta', 'hsale', 'jones118', 'alentner12', 'mokomi89', 'rfkoehle', 'bphester1', 'drgrove', 'bcnewman', 'kirst', 'sajordan', 'clyons', 'jswarner', 'zrgeorge', 'jquinlan', 'svpeders', 'strachan', 'ipayne', 'mtoomey', 'floydm', 'bmschult', 'jjconnol', 'fashnicked87', 'jroush', 'rlass1', 'nheymer', 'cmcclear982', 'mcwatty', 'jmknowle', 'torstenmschreiber89', 'duktaip26', 'mbenadum', 'jfbrenna', 'eelpers', 'akremer', 'mjablons', 'lbehrens', 'meg5994', 'bluegreentwo', 'jthancoc', 'bishopad', 'alimiadi', 'asankar', 'mwjensen', 'gbechtol', 'wilsonn', 'swan12', 'mduffey', 'boiler19', 'sjnichol', 'coxcj', 'dchung88', 'apalaria', 'efohl', 'ssehr', 'acimarol', 'goyalp']"
2,20,55,5,1,['mille273'],54,"['fashnicked87', 'tepowers', 'jroush', 'rlass1', 'tfigg', 'holta', 'hsale', 'jones118', 'alentner12', 'nheymer', 'mokomi89', 'cmcclear982', 'mcwatty', 'jmknowle', 'torstenmschreiber89', 'duktaip26', 'mbenadum', 'jfbrenna', 'akremer', 'mjablons', 'lbehrens', 'meg5994', 'bluegreentwo', 'jthancoc', 'rfkoehle', 'bphester1', 'bishopad', 'alimiadi', 'drgrove', 'asankar', 'bcnewman', 'mwjensen', 'kirst', 'sajordan', 'wilsonn', 'swan12', 'clyons', 'jswarner', 'mduffey', 'zrgeorge', 'jquinlan', 'svpeders', 'ipayne', 'boiler19', 'mtoomey', 'floydm', 'sjnichol', 'coxcj', 'dchung88', 'bmschult', 'efohl', 'ssehr', 'acimarol', 'jjconnol']",4,"['nlanders', 'brennanm', 'christaj', 'shcheng']",59,"['fashnicked87', 'tepowers', 'mille273', 'jroush', 'christaj', 'rlass1', 'tfigg', 'holta', 'brennanm', 'hsale', 'jones118', 'alentner12', 'nheymer', 'mokomi89', 'cmcclear982', 'mcwatty', 'jmknowle', 'torstenmschreiber89', 'duktaip26', 'mbenadum', 'jfbrenna', 'akremer', 'mjablons', 'lbehrens', 'meg5994', 'bluegreentwo', 'jthancoc', 'rfkoehle', 'bphester1', 'nlanders', 'bishopad', 'alimiadi', 'drgrove', 'shcheng', 'asankar', 'bcnewman', 'mwjensen', 'kirst', 'sajordan', 'wilsonn', 'swan12', 'clyons', 'jswarner', 'mduffey', 'zrgeorge', 'jquinlan', 'svpeders', 'ipayne', 'boiler19', 'mtoomey', 'floydm', 'sjnichol', 'coxcj', 'dchung88', 'bmschult', 'efohl', 'ssehr', 'acimarol', 'jjconnol']"
3,12,46,16,13,"['vauger2', 'rykothari', 'nhamer2', 'tesler2', 'mlao2', 'png2', 'witriew', 'nrivera2', 'esunny2', 'akale', 'jlee207', 'zchng2', 'sramin3']",33,"['shossei2', 'aknecht', 'bigperm247', 'twicken2', 'desimmon', 'pwitkow2', 'twei2', 'chenchen', 'jookalook', 'nvaccar2', 'ee21yin', 'jmayen2', 'acallawa', 'crtaylor', 'hrshah2', 'nosonwan', 'spencemitch05', 'swong', 'towster2', 'abhiahuja', 'msachtl2', 'rbalik', 'ajschoch', 'rsteinm2', 'akeene3', 'ssharma7', 'dsherid3', 'hrao3', 'cui4', 'jamorale', 'mstephe2', 'bridgwater', 'dapeters']",3,"['jrlange2', 'powguma', 'szuster2']",49,"['rykothari', 'nhamer2', 'tesler2', 'shossei2', 'jrlange2', 'witriew', 'aknecht', 'bigperm247', 'twicken2', 'pwitkow2', 'twei2', 'vauger2', 'szuster2', 'chenchen', 'jookalook', 'nvaccar2', 'ee21yin', 'jmayen2', 'nrivera2', 'png2', 'akale', 'acallawa', 'crtaylor', 'zchng2', 'bridgwater', 'hrshah2', 'mlao2', 'nosonwan', 'spencemitch05', 'swong', 'esunny2', 'towster2', 'jlee207', 'abhiahuja', 'sramin3', 'msachtl2', 'powguma', 'rbalik', 'ajschoch', 'rsteinm2', 'akeene3', 'ssharma7', 'dsherid3', 'hrao3', 'cui4', 'jamorale', 'mstephe2', 'desimmon', 'dapeters']"
3,36,46,15,10,"['vauger2', 'rykothari', 'hrshah2', 'tesler2', 'jmayen2', 'swong', 'esunny2', 'akale', 'zchng2', 'sramin3']",36,"['nhamer2', 'shossei2', 'witriew', 'aknecht', 'bigperm247', 'twicken2', 'desimmon', 'pwitkow2', 'twei2', 'chenchen', 'jookalook', 'nvaccar2', 'ee21yin', 'png2', 'nrivera2', 'acallawa', 'crtaylor', 'mlao2', 'nosonwan', 'spencemitch05', 'towster2', 'jlee207', 'abhiahuja', 'msachtl2', 'rbalik', 'ajschoch', 'rsteinm2', 'akeene3', 'ssharma7', 'dsherid3', 'hrao3', 'cui4', 'jamorale', 'mstephe2', 'bridgwater', 'dapeters']",5,"['szuster2', 'ekavurma', 'eradiri2', 'powguma', 'crallen']",51,"['rykothari', 'nhamer2', 'tesler2', 'shossei2', 'witriew', 'aknecht', 'bigperm247', 'twicken2', 'pwitkow2', 'twei2', 'vauger2', 'szuster2', 'chenchen', 'jookalook', 'nvaccar2', 'ee21yin', 'jmayen2', 'nrivera2', 'png2', 'akale', 'acallawa', 'crtaylor', 'zchng2', 'bridgwater', 'eradiri2', 'hrshah2', 'mlao2', 'nosonwan', 'spencemitch05', 'swong', 'esunny2', 'towster2', 'jlee207', 'abhiahuja', 'sramin3', 'msachtl2', 'powguma', 'rbalik', 'ajschoch', 'crallen', 'rsteinm2', 'akeene3', 'ssharma7', 'ekavurma', 'dsherid3', 'hrao3', 'cui4', 'jamorale', 'mstephe2', 'desimmon', 'dapeters']"
3,10,46,11,8,"['ajschoch', 'spencemitch05', 'acallawa', 'abhiahuja', 'cui4', 'crtaylor', 'jamorale', 'dapeters']",38,"['rykothari', 'nhamer2', 'tesler2', 'shossei2', 'witriew', 'aknecht', 'bigperm247', 'twicken2', 'desimmon', 'pwitkow2', 'twei2', 'vauger2', 'chenchen', 'jookalook', 'nvaccar2', 'ee21yin', 'jmayen2', 'nrivera2', 'png2', 'akale', 'zchng2', 'hrshah2', 'mlao2', 'nosonwan', 'swong', 'esunny2', 'towster2', 'jlee207', 'sramin3', 'msachtl2', 'rbalik', 'rsteinm2', 'akeene3', 'ssharma7', 'dsherid3', 'hrao3', 'mstephe2', 'bridgwater']",3,"['kwing', 'dvanclev', 'zhang265']",49,"['rykothari', 'nhamer2', 'tesler2', 'shossei2', 'dvanclev', 'witriew', 'aknecht', 'bigperm247', 'twicken2', 'pwitkow2', 'twei2', 'vauger2', 'chenchen', 'jookalook', 'nvaccar2', 'ee21yin', 'jmayen2', 'nrivera2', 'png2', 'akale', 'acallawa', 'crtaylor', 'zchng2', 'bridgwater', 'kwing', 'hrshah2', 'mlao2', 'nosonwan', 'spencemitch05', 'swong', 'esunny2', 'towster2', 'jlee207', 'abhiahuja', 'sramin3', 'msachtl2', 'rbalik', 'ajschoch', 'rsteinm2', 'zhang265', 'akeene3', 'ssharma7', 'dsherid3', 'hrao3', 'cui4', 'jamorale', 'mstephe2', 'desimmon', 'dapeters']"
3,13,46,11,9,"['rykothari', 'nhamer2', 'mlao2', 'jookalook', 'shossei2', 'dsherid3', 'towster2', 'bridgwater', 'pwitkow2']",37,"['tesler2', 'witriew', 'aknecht', 'bigperm247', 'twicken2', 'twei2', 'vauger2', 'chenchen', 'nvaccar2', 'ee21yin', 'jmayen2', 'nrivera2', 'png2', 'akale', 'acallawa', 'crtaylor', 'zchng2', 'hrshah2', 'nosonwan', 'spencemitch05', 'swong', 'esunny2', 'jlee207', 'abhiahuja', 'sramin3', 'msachtl2', 'rbalik', 'ajschoch', 'rsteinm2', 'akeene3', 'ssharma7', 'hrao3', 'cui4', 'jamorale', 'mstephe2', 'desimmon', 'dapeters']",2,"['singleelectron', 'tbublik']",48,"['rykothari', 'nhamer2', 'tesler2', 'shossei2', 'witriew', 'aknecht', 'bigperm247', 'twicken2', 'pwitkow2', 'twei2', 'vauger2', 'chenchen', 'jookalook', 'nvaccar2', 'ee21yin', 'jmayen2', 'nrivera2', 'png2', 'akale', 'acallawa', 'crtaylor', 'zchng2', 'bridgwater', 'tbublik', 'hrshah2', 'mlao2', 'nosonwan', 'spencemitch05', 'swong', 'esunny2', 'singleelectron', 'towster2', 'jlee207', 'abhiahuja', 'sramin3', 'msachtl2', 'rbalik', 'ajschoch', 'rsteinm2', 'akeene3', 'ssharma7', 'dsherid3', 'hrao3', 'cui4', 'jamorale', 'mstephe2', 'desimmon', 'dapeters']"
3,11,46,9,8,"['nhamer2', 'hrshah2', 'rsteinm2', 'jmayen2', 'dsherid3', 'bigperm247', 'towster2', 'msachtl2']",38,"['rykothari', 'tesler2', 'shossei2', 'witriew', 'aknecht', 'twicken2', 'pwitkow2', 'twei2', 'vauger2', 'chenchen', 'jookalook', 'nvaccar2', 'ee21yin', 'nrivera2', 'png2', 'akale', 'acallawa', 'crtaylor', 'zchng2', 'bridgwater', 'mlao2', 'nosonwan', 'spencemitch05', 'swong', 'esunny2', 'jlee207', 'abhiahuja', 'sramin3', 'rbalik', 'ajschoch', 'akeene3', 'ssharma7', 'hrao3', 'cui4', 'jamorale', 'mstephe2', 'desimmon', 'dapeters']",1,['cbrauwe2'],47,"['rykothari', 'nhamer2', 'tesler2', 'shossei2', 'witriew', 'aknecht', 'bigperm247', 'twicken2', 'pwitkow2', 'twei2', 'vauger2', 'chenchen', 'jookalook', 'nvaccar2', 'ee21yin', 'jmayen2', 'nrivera2', 'png2', 'akale', 'acallawa', 'crtaylor', 'zchng2', 'bridgwater', 'cbrauwe2', 'hrshah2', 'mlao2', 'nosonwan', 'spencemitch05', 'swong', 'esunny2', 'towster2', 'jlee207', 'abhiahuja', 'sramin3', 'msachtl2', 'rbalik', 'ajschoch', 'rsteinm2', 'akeene3', 'ssharma7', 'dsherid3', 'hrao3', 'cui4', 'jamorale', 'mstephe2', 'desimmon', 'dapeters']"
4,37,43,30,29,"['smoctezuma', 'jstroud', 'jdelacruz', 'amiramontes', 'jelopez2', 'dmuse', 'gnkoslan', 'ruls_7', 'gsantacruz', 'rromero', 'mfranco', 'dilydog25', 'atsolem', 'hseetao', 'vmanane', 'rcordero', 'flopez', 'stella', 'eburton', 'rsilvas', 'manaya', 'rhernandez20', 'deavila', 'mgsassenfeld', 'arturocontreras', 'yvette', 'ejimenez', 'isgovea', 'daesparza3']",14,"['danishr', 'champinhon', 'doubleac', 'zhang265', 'asalas', 'jmmoreno2', 'dibrovdo', 'miltownboiler', 'african_twin1', 'bpadman1', 'aelgkorv', 'rquinn', 'jmmontes2', 'jmgutierrez']",1,['iacoronado'],44,"['champinhon', 'doubleac', 'asalas', 'miltownboiler', 'african_twin1', 'smoctezuma', 'iacoronado', 'jstroud', 'danishr', 'jdelacruz', 'amiramontes', 'jelopez2', 'jmmoreno2', 'dmuse', 'gnkoslan', 'ruls_7', 'gsantacruz', 'rromero', 'mfranco', 'bpadman1', 'dilydog25', 'atsolem', 'hseetao', 'jmmontes2', 'vmanane', 'flopez', 'rcordero', 'stella', 'eburton', 'rsilvas', 'manaya', 'rhernandez20', 'aelgkorv', 'deavila', 'mgsassenfeld', 'arturocontreras', 'yvette', 'zhang265', 'ejimenez', 'dibrovdo', 'isgovea', 'rquinn', 'daesparza3', 'jmgutierrez']"
4,17,43,27,2,"['danishr', 'dibrovdo']",41,"['champinhon', 'doubleac', 'asalas', 'miltownboiler', 'african_twin1', 'smoctezuma', 'jstroud', 'jdelacruz', 'amiramontes', 'jelopez2', 'jmmoreno2', 'dmuse', 'gnkoslan', 'ruls_7', 'gsantacruz', 'rromero', 'mfranco', 'bpadman1', 'dilydog25', 'atsolem', 'hseetao', 'jmmontes2', 'vmanane', 'flopez', 'rcordero', 'stella', 'eburton', 'rsilvas', 'manaya', 'rhernandez20', 'aelgkorv', 'deavila', 'mgsassenfeld', 'arturocontreras', 'yvette', 'zhang265', 'ejimenez', 'isgovea', 'rquinn', 'daesparza3', 'jmgutierrez']",25,"['evary', 'rizwan', 'sheng', 'wtm', 'benny7', 'bjoern83', 'bellmanz', 'hafizbilalnaveed', 'yxiang', 'silverjbj', 'manuilov', 'sohailabbas', 'mewael', 'bumjin', 'tigranb', 'ahbhatti', 'vincentv', 'fudankth', 'alexkravchenko', 'musman6', 'jazzphysicist', 'm_maziar', 'jtli3', 'fatihertinaz', 'sansar31']",68,"['evary', 'champinhon', 'doubleac', 'rizwan', 'sheng', 'asalas', 'wtm', 'miltownboiler', 'african_twin1', 'smoctezuma', 'benny7', 'bjoern83', 'hafizbilalnaveed', 'jstroud', 'bellmanz', 'danishr', 'jdelacruz', 'amiramontes', 'jelopez2', 'jmmoreno2', 'dmuse', 'gnkoslan', 'ruls_7', 'gsantacruz', 'rromero', 'yxiang', 'mfranco', 'bpadman1', 'dilydog25', 'atsolem', 'hseetao', 'silverjbj', 'jmmontes2', 'vmanane', 'flopez', 'rcordero', 'manuilov', 'sohailabbas', 'stella', 'eburton', 'mewael', 'rsilvas', 'bumjin', 'tigranb', 'ahbhatti', 'manaya', 'vincentv', 'rhernandez20', 'aelgkorv', 'deavila', 'mgsassenfeld', 'arturocontreras', 'fudankth', 'alexkravchenko', 'yvette', 'zhang265', 'musman6', 'ejimenez', 'dibrovdo', 'jazzphysicist', 'm_maziar', 'jtli3', 'fatihertinaz', 'sansar31', 'isgovea', 'rquinn', 'daesparza3', 'jmgutierrez']"
4,10,43,11,1,['zhang265'],42,"['champinhon', 'doubleac', 'asalas', 'miltownboiler', 'african_twin1', 'smoctezuma', 'jstroud', 'danishr', 'jdelacruz', 'amiramontes', 'jelopez2', 'jmmoreno2', 'dmuse', 'gnkoslan', 'ruls_7', 'gsantacruz', 'rromero', 'mfranco', 'bpadman1', 'dilydog25', 'atsolem', 'hseetao', 'jmmontes2', 'vmanane', 'flopez', 'rcordero', 'stella', 'eburton', 'rsilvas', 'manaya', 'rhernandez20', 'aelgkorv', 'deavila', 'mgsassenfeld', 'arturocontreras', 'yvette', 'ejimenez', 'dibrovdo', 'isgovea', 'rquinn', 'daesparza3', 'jmgutierrez']",10,"['ajschoch', 'dvanclev', 'kwing', 'spencemitch05', 'acallawa', 'abhiahuja', 'cui4', 'crtaylor', 'jamorale', 'dapeters']",53,"['champinhon', 'doubleac', 'asalas', 'dvanclev', 'miltownboiler', 'african_twin1', 'smoctezuma', 'jstroud', 'danishr', 'jdelacruz', 'amiramontes', 'jelopez2', 'jmmoreno2', 'dmuse', 'gnkoslan', 'ruls_7', 'gsantacruz', 'cui4', 'rromero', 'acallawa', 'mfranco', 'bpadman1', 'dilydog25', 'atsolem', 'hseetao', 'crtaylor', 'jmmontes2', 'vmanane', 'flopez', 'rcordero', 'kwing', 'stella', 'eburton', 'rsilvas', 'spencemitch05', 'manaya', 'rhernandez20', 'aelgkorv', 'abhiahuja', 'deavila', 'mgsassenfeld', 'arturocontreras', 'ajschoch', 'yvette', 'zhang265', 'ejimenez', 'dibrovdo', 'isgovea', 'jamorale', 'rquinn', 'daesparza3', 'jmgutierrez', 'dapeters']"
5,45,35,22,22,"['Tal', 'tamtam', 'hkb', 'tsvika', 'shogun', 'smeagul', 'gilcohn', 'izlot', 'cheburashka', 'erabkin', 'shayjo', 'Hila', 'lironilb', 'hila', 'porvunah', 'sduppleganger', 'itaikam', 'merav_m', 'smariadu', 'morritter', 'atrash', 'guy23']",13,"['demonte', 'zuzvang', 'drezner', 'orit', 'podesta', 'Keren1', 'Luks', 'Orit', 'nizan123', 'spaniagu', 'haika', 'procacso', 'baraklit']",0,[],35,"['zuzvang', 'Tal', 'tamtam', 'hkb', 'tsvika', 'shogun', 'spaniagu', 'haika', 'baraklit', 'smeagul', 'gilcohn', 'Luks', 'Orit', 'izlot', 'cheburashka', 'erabkin', 'shayjo', 'drezner', 'Hila', 'lironilb', 'nizan123', 'hila', 'procacso', 'porvunah', 'sduppleganger', 'itaikam', 'orit', 'podesta', 'smariadu', 'merav_m', 'morritter', 'Keren1', 'atrash', 'guy23', 'demonte']"
5,46,35,7,7,"['zuzvang', 'orit', 'tsvika', 'shogun', 'haika', 'smeagul', 'sduppleganger']",28,"['Tal', 'tamtam', 'hkb', 'spaniagu', 'baraklit', 'gilcohn', 'Luks', 'Orit', 'izlot', 'cheburashka', 'erabkin', 'shayjo', 'drezner', 'Hila', 'lironilb', 'nizan123', 'hila', 'procacso', 'porvunah', 'itaikam', 'podesta', 'smariadu', 'merav_m', 'morritter', 'Keren1', 'atrash', 'guy23', 'demonte']",0,[],35,"['zuzvang', 'Tal', 'tamtam', 'hkb', 'tsvika', 'shogun', 'spaniagu', 'haika', 'baraklit', 'smeagul', 'gilcohn', 'Luks', 'Orit', 'izlot', 'cheburashka', 'erabkin', 'shayjo', 'drezner', 'Hila', 'lironilb', 'nizan123', 'hila', 'procacso', 'porvunah', 'sduppleganger', 'itaikam', 'orit', 'podesta', 'smariadu', 'merav_m', 'morritter', 'Keren1', 'atrash', 'guy23', 'demonte']"
6,9,34,46,28,"['awegener', 'bniu', 'tshuang', 'ptewari', 'megaton7', 'sminhyup', 'nju2sjtu', 'kjs1000', 'ishsman', 'argupta15115', 'szelong', 'gu0', 'ssuslov', 'thenoblewoodsman', 'mhossai', 'dmoonshi', 'microefan', 'nihaoya', 'wangjian404', 'rmccarth', 'pree2cool', 'vchipp', 'ebaytok', 'ketaki', 'sourdon', 'zzongbum', 'mathew', 'yoster84']",6,"['dberdy', 'cchong', 'dhc529', 'laplaceiitkgp', 'seharris', 'genexk']",18,"['jhchen', 'pkoswatt', 'cooperj', 'lee640', 'lgupta', 'pc350128', 'spalit', 'itismyworld', 'rvedula', 'sanvampire74', 'ejdawley', 'rwu', 'yuitan87', 'sganguly', 'ankitdhawan', 'yusung33', 'kuntalroy', 'wang381']",52,"['awegener', 'bniu', 'jhchen', 'cchong', 'lgupta', 'ejdawley', 'sminhyup', 'ankitdhawan', 'nju2sjtu', 'laplaceiitkgp', 'ishsman', 'argupta15115', 'dberdy', 'szelong', 'mhossai', 'sganguly', 'microefan', 'rmccarth', 'pree2cool', 'seharris', 'sourdon', 'zzongbum', 'kuntalroy', 'wang381', 'tshuang', 'pkoswatt', 'ptewari', 'megaton7', 'kjs1000', 'dhc529', 'yoster84', 'cooperj', 'gu0', 'ssuslov', 'pc350128', 'thenoblewoodsman', 'sanvampire74', 'yuitan87', 'dmoonshi', 'nihaoya', 'lee640', 'wangjian404', 'spalit', 'rvedula', 'vchipp', 'ebaytok', 'itismyworld', 'rwu', 'ketaki', 'yusung33', 'mathew', 'genexk']"
6,18,34,10,7,"['cchong', 'dhc529', 'szelong', 'ptewari', 'seharris', 'sourdon', 'laplaceiitkgp']",27,"['awegener', 'bniu', 'tshuang', 'megaton7', 'sminhyup', 'nju2sjtu', 'kjs1000', 'ishsman', 'argupta15115', 'dberdy', 'yoster84', 'gu0', 'ssuslov', 'thenoblewoodsman', 'mhossai', 'dmoonshi', 'microefan', 'nihaoya', 'wangjian404', 'rmccarth', 'pree2cool', 'vchipp', 'ebaytok', 'ketaki', 'zzongbum', 'mathew', 'genexk']",3,"['bugmenot', 'bugmenotagain', 'yuitan87']",37,"['awegener', 'bniu', 'cchong', 'tshuang', 'ptewari', 'megaton7', 'sminhyup', 'nju2sjtu', 'laplaceiitkgp', 'kjs1000', 'ishsman', 'argupta15115', 'dberdy', 'dhc529', 'szelong', 'gu0', 'ssuslov', 'genexk', 'thenoblewoodsman', 'mhossai', 'yuitan87', 'dmoonshi', 'microefan', 'nihaoya', 'wangjian404', 'rmccarth', 'pree2cool', 'vchipp', 'bugmenotagain', 'ebaytok', 'bugmenot', 'seharris', 'ketaki', 'sourdon', 'zzongbum', 'mathew', 'yoster84']"
7,41,32,27,26,"['peturgordon', 's052528', 'robertpennington', 'laur', 'simon_toft', 'flexnezz', 's042191', 'flashpane', 's052274', 'anderssig', 'bilsten', 'mhca', 'marsmand', 's052429', 's042357', 'nori86', 'nesk', 'simonbrodersen', 'bjarkemalm', 'torbentage', 's052280', 'echovolution', 'lisa_k_t', 'peterjp', 'hagsted', 'napanil']",6,"['bluewolfrulz', 'aplzrj', 'kilroy85', 'jnunez', 'kaseyrussell', 'tnleite']",1,['anttinanohub'],33,"['bluewolfrulz', 'peturgordon', 's052528', 'robertpennington', 'laur', 'jnunez', 'simon_toft', 's042191', 'flashpane', 's052274', 'anderssig', 'kaseyrussell', 'tnleite', 'mhca', 'bilsten', 'marsmand', 'kilroy85', 's052429', 's042357', 'anttinanohub', 'aplzrj', 'nori86', 'nesk', 'simonbrodersen', 'bjarkemalm', 'hagsted', 'torbentage', 's052280', 'echovolution', 'lisa_k_t', 'peterjp', 'flexnezz', 'napanil']"
8,17,23,27,16,"['evary', 'bumjin', 'tigranb', 'fudankth', 'alexkravchenko', 'sheng', 'jazzphysicist', 'jtli3', 'vincentv', 'fatihertinaz', 'sansar31', 'benny7', 'silverjbj', 'bjoern83', 'sohailabbas', 'mewael']",7,"['kingya', 'pythias', 'kristas', 'pythais', 'spiderweb432', 'karlwr', 'armankian']",11,"['danishr', 'rizwan', 'wtm', 'musman6', 'hafizbilalnaveed', 'ahbhatti', 'dibrovdo', 'm_maziar', 'yxiang', 'manuilov', 'bellmanz']",34,"['evary', 'pythias', 'rizwan', 'sheng', 'wtm', 'spiderweb432', 'benny7', 'bjoern83', 'hafizbilalnaveed', 'bellmanz', 'kingya', 'danishr', 'yxiang', 'silverjbj', 'armankian', 'manuilov', 'sohailabbas', 'mewael', 'bumjin', 'tigranb', 'kristas', 'pythais', 'ahbhatti', 'vincentv', 'fudankth', 'alexkravchenko', 'musman6', 'jazzphysicist', 'dibrovdo', 'm_maziar', 'jtli3', 'karlwr', 'fatihertinaz', 'sansar31']"
9,3,22,10,8,"['fk2burns', 'sienar', 'leysan', 'ch_klar', 'thommy', 'craz', 'mwidera', 'igor']",14,"['zaradras', 'sergethompson', 'schallundrauch', 'chucknorris', 'philippschaefers', 'khalsa', 'tg07', 'steveengels', 'alleinherrscher', 'masa', 'nilsb', 'vkemper', 'mkes1982', 'martinschucj']",2,"['rwth', 'zaldenp']",24,"['fk2burns', 'zaradras', 'zaldenp', 'sienar', 'leysan', 'philippschaefers', 'ch_klar', 'masa', 'thommy', 'vkemper', 'mwidera', 'igor', 'sergethompson', 'schallundrauch', 'chucknorris', 'khalsa', 'tg07', 'steveengels', 'rwth', 'alleinherrscher', 'nilsb', 'mkes1982', 'craz', 'martinschucj']"
10,14,21,16,15,"['shiva1060', 'sreekanthg2005', 'radikareddykota', 'swetha443', 'desidudes', 'mahi2234', 'salah_asad', 'shwethakuruganti', 'khan530', 'praveen33', 'raghunathgadi', 'nanotechnology530', 'reddy242', 'mushtaq0455', 'subbu']",6,"['jayak', 'spulli', 'mohan', 'ep4', 'jaejoon', 'arrola']",1,['harsha_jammula'],22,"['shiva1060', 'desidudes', 'jayak', 'mahi2234', 'mohan', 'ep4', 'khan530', 'praveen33', 'raghunathgadi', 'nanotechnology530', 'mushtaq0455', 'subbu', 'jaejoon', 'arrola', 'spulli', 'swetha443', 'sreekanthg2005', 'radikareddykota', 'harsha_jammula', 'salah_asad', 'shwethakuruganti', 'reddy242']"
10,15,21,8,6,"['sreekanthg2005', 'jayak', 'mohan', 'reddy242', 'subbu', 'spulli']",15,"['shiva1060', 'swetha443', 'radikareddykota', 'desidudes', 'mahi2234', 'salah_asad', 'shwethakuruganti', 'ep4', 'khan530', 'praveen33', 'raghunathgadi', 'nanotechnology530', 'mushtaq0455', 'jaejoon', 'arrola']",2,"['kajapanisrikanth', 'harsha_jammula']",23,"['shiva1060', 'desidudes', 'kajapanisrikanth', 'jayak', 'mahi2234', 'mohan', 'ep4', 'khan530', 'praveen33', 'raghunathgadi', 'nanotechnology530', 'mushtaq0455', 'subbu', 'jaejoon', 'arrola', 'spulli', 'swetha443', 'sreekanthg2005', 'radikareddykota', 'harsha_jammula', 'salah_asad', 'shwethakuruganti', 'reddy242']"
11,39,21,8,8,"['jhon_arias', 'oriaj', 'tauorus', 'sajor', 'jusecas', 'lilicita', 'agcr3', 'loreurbano']",13,"['danybaret', 'karen', 'rdw', 'zhangxi1982', 'ikoz56', 'squall_jotc', 'dianap1986', 'safreyle', 'leechaolan', 'romainwacquez', 'djpittdj', 'basilio', 'omarteoriam123']",0,[],21,"['jhon_arias', 'safreyle', 'dianap1986', 'sajor', 'jusecas', 'lilicita', 'loreurbano', 'danybaret', 'karen', 'rdw', 'zhangxi1982', 'ikoz56', 'oriaj', 'squall_jotc', 'leechaolan', 'romainwacquez', 'tauorus', 'djpittdj', 'agcr3', 'basilio', 'omarteoriam123']"
11,40,21,5,1,['rdw'],20,"['dianap1986', 'safreyle', 'sajor', 'jusecas', 'ikoz56', 'oriaj', 'romainwacquez', 'tauorus', 'djpittdj', 'omarteoriam123', 'basilio', 'jhon_arias', 'lilicita', 'loreurbano', 'danybaret', 'karen', 'zhangxi1982', 'squall_jotc', 'agcr3', 'leechaolan']",4,"['btprice', 'bdahnke', 'hmosman', 'waranatha']",25,"['jhon_arias', 'safreyle', 'dianap1986', 'sajor', 'jusecas', 'lilicita', 'loreurbano', 'bdahnke', 'danybaret', 'btprice', 'karen', 'waranatha', 'rdw', 'zhangxi1982', 'ikoz56', 'oriaj', 'squall_jotc', 'hmosman', 'leechaolan', 'romainwacquez', 'tauorus', 'djpittdj', 'agcr3', 'basilio', 'omarteoriam123']"
12,33,17,18,17,"['jchen', 'ejmiller', 'mkmk2009', 'rkurtzman', 's3rj', 'amannan', 'IceForge13', 'krayner', 'dmei', 'nmeftah', 'ohalv', 'mdtipping', 'juliehan', 'jschoenfeldt', 'lpung', 'rtiwari', 'jsiegler']",0,[],1,['jklemp'],18,"['ejmiller', 'jklemp', 'nmeftah', 'ohalv', 'jschoenfeldt', 'rtiwari', 'jchen', 'mkmk2009', 's3rj', 'rkurtzman', 'IceForge13', 'krayner', 'dmei', 'mdtipping', 'juliehan', 'lpung', 'amannan', 'jsiegler']"
13,26,15,12,11,"['heavenblue', 'sinbad', 'huawenmei', 'houniaolu', 'xpchen', 'modave', 'haipengf', 'chaojixin', 'redorange1984', 'ecolejun', 'liushaoteng']",4,"['clouds_city', 'lst123', 'zfj', 'djgangan']",1,['xuhaifeng'],16,"['heavenblue', 'sinbad', 'xpchen', 'modave', 'haipengf', 'ecolejun', 'liushaoteng', 'clouds_city', 'huawenmei', 'houniaolu', 'xuhaifeng', 'redorange1984', 'zfj', 'djgangan', 'chaojixin', 'lst123']"
14,24,14,9,8,"['patterso09', 'joletti', 'bmyles', 'swestdal', 'stugedude15', 'woodard41', 'smithm', 'killmaster']",6,"['vnaray3', 'yootuka', 'jskubal', 'balamurali25', 'hermanj09', 'xus']",1,['osterberg'],15,"['vnaray3', 'swestdal', 'stugedude15', 'balamurali25', 'osterberg', 'woodard41', 'smithm', 'xus', 'patterso09', 'joletti', 'yootuka', 'jskubal', 'bmyles', 'hermanj09', 'killmaster']"
16,6,9,203,9,"['mmara', 'mdmurray', 'kevinhaghighi2012', 'justineshaw', 'xwang308', 'dcho0132', 'ktrocin', 'kcbandi', 'jwalters']",0,[],194,"['txu', 'kshepherd', 'laurennelson07', 'annab', 'mkk749', 'dtchen', 'shk2990', 'dbtice', 'strikex2', 'cmd366', 'zschlieder', 'ceck', 'cmpark', 'noheneadu', 'hyehan', 'mlangille', 'ktp618', 'ltong', 'npetlakh', 's3suggs', 'ngg760', 'jshepherd', 'maroon_09', 'mgroner', 'mcee2374', 'jkrupp', 'ajl131', 'avinokur', 'cberg', 'jchu90', 'acoates', 'lixinxin', 'skang', 'wtong', 'karlind', 'runfree909', 'kgrimestad', 'dramadurai', 'dwalco', 'aogonek', 'pcarlson', 'phirbreethr', 'ilin', 'jschiaffino', 'sbajaj', 'athuluvath', 'mattfred', 'rchen', 'rkay', 'abc897', 'jfang', 'mpineda', 'alcinalidder', 'jkastan', 'spokala', 'ecadoff', 'xxu', 'jjund', 'kwang11', 'mbenner', 'wchang', 'mdawg777', 'tsaraiya', 'kmobilia', 'schirumamilla', 'ngm654', 'carlherndon2011', 'hpatel11', 'nlomotan', 'sarahhhong', 'tstanis', 'ltsai', 'lnur', 'hkawashima', 'kgovindaraju', 'aconroy', 'emj321', 'jlipari', 'martabme', 'tkl821', 'svs470', 'tsa309', 'luichanco', 'blindbard393', 'ndavidson', 'svadner', 'lywang', 'pagrawal10', 'thegeoffmeister', 'alex_625', 'devish', 'jle703', 'jglass', 'prajeetreddy', 'dannyboy8m', 'eklebanov', 'craak', 'bsegal', 'alberthong', 'hstafford', 'dchun', 'camila8', 'mhuff', 'pantocrator', 'tslayman', 'jsoohoo', 'mwise', 'amwang', 'fch308', 'mme118', 'mwang', 'maffi', 'tejmotiwala', 'msriram', 'relwood', 'yxu', 'mellis', 'brianchang', 'myu', 'matosziuk', 'nashida', 'dcpearsall', 'kjoshi91', 'ddkim', 'falcon36', 'anderpants', 'yleong', 'kwd761', 'bmaganti', 'amalik', 'athompson', 'jacquelinehwang', 'sshaaban', 'asklar', 'athompsonharvey', 'kperkins', 'jennie', 'cyarka', 'eko', 'ammerocks', 'iezzoni21', 'swolff', 'shp279', 'sshah7', 'dianemok', 'ywang', 'ahuang', 'mchen2012', 'astockdale', 'bsh319', 'emilywirtz', 'njohnson463', 'alee', 'schatz', 'msimms', 'thebombboi123', 'mshen2012', 'jcasady', 'ashah', 'dbasco', 'kbandi', 'jtrop', 'ktsang', 'mkim', 'rpatel', 'jsharp', 'achadha', 'dpetracovici', 'nseetharaman1', 'bveldk06', 'sgrindy', 'cnoble', 'gwm166', 'bambielli', 'gpedrick', 'ymalina', 'fculver', 'past10', 'mayabhardwaj', 'mbourgeois', 'nicholas', 'sfedorikhina', 'tzack25', 'acolletti', 'rachelrosen', 'jtao', 'jkaplan', 'krich55', 'gthippeswamy', 'ejen', 'mannamalai', 'callee', 'allegramount', 'jerrylin12']",203,"['txu', 'mdmurray', 'kshepherd', 'laurennelson07', 'annab', 'mkk749', 'dtchen', 'shk2990', 'dbtice', 'strikex2', 'cmd366', 'zschlieder', 'ceck', 'cmpark', 'noheneadu', 'hyehan', 'mlangille', 'ktp618', 'ltong', 'justineshaw', 'npetlakh', 's3suggs', 'ngg760', 'jshepherd', 'jwalters', 'maroon_09', 'mgroner', 'mcee2374', 'jkrupp', 'ajl131', 'avinokur', 'cberg', 'jchu90', 'acoates', 'lixinxin', 'skang', 'wtong', 'karlind', 'runfree909', 'kgrimestad', 'dramadurai', 'dwalco', 'ktrocin', 'aogonek', 'pcarlson', 'mmara', 'phirbreethr', 'ilin', 'jschiaffino', 'sbajaj', 'athuluvath', 'mattfred', 'rchen', 'rkay', 'abc897', 'jfang', 'mpineda', 'alcinalidder', 'jkastan', 'spokala', 'ecadoff', 'xxu', 'jjund', 'kwang11', 'mbenner', 'wchang', 'mdawg777', 'tsaraiya', 'kmobilia', 'schirumamilla', 'dcho0132', 'ngm654', 'carlherndon2011', 'hpatel11', 'nlomotan', 'sarahhhong', 'tstanis', 'ltsai', 'lnur', 'hkawashima', 'kgovindaraju', 'aconroy', 'emj321', 'jlipari', 'martabme', 'tkl821', 'svs470', 'tsa309', 'luichanco', 'blindbard393', 'ndavidson', 'svadner', 'lywang', 'pagrawal10', 'thegeoffmeister', 'xwang308', 'alex_625', 'devish', 'jle703', 'jglass', 'prajeetreddy', 'dannyboy8m', 'eklebanov', 'craak', 'bsegal', 'alberthong', 'hstafford', 'dchun', 'camila8', 'mhuff', 'pantocrator', 'tslayman', 'jsoohoo', 'mwise', 'amwang', 'fch308', 'mme118', 'mwang', 'maffi', 'tejmotiwala', 'msriram', 'relwood', 'yxu', 'mellis', 'brianchang', 'myu', 'matosziuk', 'nashida', 'dcpearsall', 'kjoshi91', 'ddkim', 'falcon36', 'anderpants', 'yleong', 'kwd761', 'bmaganti', 'amalik', 'athompson', 'kcbandi', 'jacquelinehwang', 'sshaaban', 'asklar', 'athompsonharvey', 'kperkins', 'jennie', 'cyarka', 'eko', 'ammerocks', 'iezzoni21', 'swolff', 'shp279', 'sshah7', 'dianemok', 'ywang', 'ahuang', 'mchen2012', 'astockdale', 'bsh319', 'emilywirtz', 'njohnson463', 'alee', 'schatz', 'msimms', 'thebombboi123', 'mshen2012', 'jcasady', 'ashah', 'dbasco', 'kbandi', 'jtrop', 'ktsang', 'mkim', 'rpatel', 'jsharp', 'achadha', 'dpetracovici', 'nseetharaman1', 'bveldk06', 'sgrindy', 'cnoble', 'gwm166', 'bambielli', 'gpedrick', 'ymalina', 'fculver', 'past10', 'mayabhardwaj', 'mbourgeois', 'nicholas', 'sfedorikhina', 'tzack25', 'acolletti', 'rachelrosen', 'jtao', 'jkaplan', 'krich55', 'kevinhaghighi2012', 'gthippeswamy', 'ejen', 'mannamalai', 'callee', 'allegramount', 'jerrylin12']"
17,43,8,24,5,"['AllWires', 'jperrin', 'sdidla', 'yessoddahc05', 'swtcandie']",3,"['neuen', 'lpeterus', 'linnjr']",19,"['wildkid256', 'jvk', 'jcleong', 'alayi', 'akidarsa', 'OsRitmos', 'psadtler', 'priyam', 'ericlisheng', 'dmshah', 'himnshu2', 'singh15', 'sprashan', 'kahuja', 'pmavery', 'clarjj01', 'ykubo', 'ashir23bom', 'ageggles']",27,"['linnjr', 'jperrin', 'sdidla', 'wildkid256', 'jvk', 'jcleong', 'alayi', 'akidarsa', 'OsRitmos', 'psadtler', 'priyam', 'ericlisheng', 'dmshah', 'yessoddahc05', 'himnshu2', 'singh15', 'AllWires', 'sprashan', 'neuen', 'kahuja', 'lpeterus', 'pmavery', 'clarjj01', 'ykubo', 'ashir23bom', 'ageggles', 'swtcandie']"
19,4,8,17,4,"['krishnan_badri', 'hemanthaithal', 'abinavcs', 'rohit']",4,"['narsimha', 'siri45', 'gaoyueran', 'davidmacak']",13,"['kedarked', 'supriya1', 'ganeshms', 'sagargowda', 'dlima', 'odysseus22', 'ssahmed', 'karthikec999', 'geopete', 'kanala', 'shrutig', 'delta1', 'divyamnnv']",21,"['delta1', 'kedarked', 'ganeshms', 'krishnan_badri', 'dlima', 'odysseus22', 'gaoyueran', 'hemanthaithal', 'karthikec999', 'shrutig', 'rohit', 'divyamnnv', 'siri45', 'kanala', 'abinavcs', 'sagargowda', 'ssahmed', 'geopete', 'narsimha', 'davidmacak', 'supriya1']"
19,42,8,6,2,"['siri45', 'davidmacak']",6,"['krishnan_badri', 'abinavcs', 'gaoyueran', 'hemanthaithal', 'narsimha', 'rohit']",4,"['mluisier', 'kedarked', 'koganti', 'divyamnnv']",12,"['siri45', 'kedarked', 'rohit', 'krishnan_badri', 'abinavcs', 'mluisier', 'koganti', 'gaoyueran', 'hemanthaithal', 'narsimha', 'davidmacak', 'divyamnnv']"
20,30,7,7,7,"['divsnvik', 'vikram', 'divya', 'savi', 'gangadharan', 'supreeya', 'deepthi']",0,[],0,[],7,"['divsnvik', 'vikram', 'divya', 'savi', 'gangadharan', 'supreeya', 'deepthi']"
20,31,7,7,7,"['divsnvik', 'vikram', 'divya', 'savi', 'gangadharan', 'supreeya', 'deepthi']",0,[],0,[],7,"['divsnvik', 'vikram', 'divya', 'savi', 'gangadharan', 'supreeya', 'deepthi']"
21,9,7,46,5,"['lee640', 'sanvampire74', 'rwu', 'ankitdhawan', 'wang381']",2,"['askiahill', 'nyakubchak']",41,"['awegener', 'bniu', 'jhchen', 'tshuang', 'pkoswatt', 'lgupta', 'ptewari', 'ejdawley', 'megaton7', 'sminhyup', 'kuntalroy', 'nju2sjtu', 'kjs1000', 'ishsman', 'argupta15115', 'szelong', 'cooperj', 'gu0', 'ssuslov', 'pc350128', 'thenoblewoodsman', 'mhossai', 'yuitan87', 'sganguly', 'dmoonshi', 'microefan', 'nihaoya', 'spalit', 'rmccarth', 'wangjian404', 'rvedula', 'pree2cool', 'vchipp', 'itismyworld', 'ebaytok', 'ketaki', 'zzongbum', 'sourdon', 'yusung33', 'mathew', 'yoster84']",48,"['awegener', 'bniu', 'jhchen', 'tshuang', 'pkoswatt', 'lgupta', 'ptewari', 'ejdawley', 'megaton7', 'sminhyup', 'mathew', 'ankitdhawan', 'askiahill', 'nyakubchak', 'nju2sjtu', 'kjs1000', 'ishsman', 'argupta15115', 'szelong', 'cooperj', 'gu0', 'ssuslov', 'pc350128', 'sanvampire74', 'thenoblewoodsman', 'mhossai', 'yuitan87', 'sganguly', 'dmoonshi', 'microefan', 'nihaoya', 'lee640', 'spalit', 'rmccarth', 'wangjian404', 'rvedula', 'pree2cool', 'vchipp', 'itismyworld', 'ebaytok', 'rwu', 'ketaki', 'zzongbum', 'sourdon', 'yusung33', 'kuntalroy', 'yoster84', 'wang381']"
22,23,6,6,5,"['devachan', 'ydeshmuk', 'potax', 'amberlei', 'jdustin01']",1,['msnow'],1,['sramarap'],7,"['devachan', 'sramarap', 'ydeshmuk', 'potax', 'msnow', 'amberlei', 'jdustin01']"
25,43,6,24,6,"['OsRitmos', 'ykubo', 'ericlisheng', 'kahuja', 'ashir23bom', 'ageggles']",0,[],18,"['AllWires', 'akidarsa', 'psadtler', 'jperrin', 'sdidla', 'priyam', 'wildkid256', 'sprashan', 'jvk', 'dmshah', 'yessoddahc05', 'himnshu2', 'jcleong', 'singh15', 'swtcandie', 'alayi', 'pmavery', 'clarjj01']",24,"['AllWires', 'sprashan', 'jperrin', 'sdidla', 'wildkid256', 'jvk', 'kahuja', 'jcleong', 'alayi', 'akidarsa', 'pmavery', 'clarjj01', 'OsRitmos', 'ykubo', 'psadtler', 'priyam', 'ericlisheng', 'dmshah', 'yessoddahc05', 'himnshu2', 'ashir23bom', 'singh15', 'ageggles', 'swtcandie']"
29,44,6,7,4,"['allwires', 'redfalconf35', 'kim265', 'axavier']",2,"['clintone', 'rileyjm']",3,"['tbarzso', 'jaconcha', 'mniksa']",9,"['redfalconf35', 'clintone', 'mniksa', 'axavier', 'rileyjm', 'jaconcha', 'kim265', 'allwires', 'tbarzso']"
30,6,6,203,6,"['mkim', 'pantocrator', 'sbajaj', 'mattfred', 'jlipari', 'sshah7']",0,[],197,"['txu', 'mdmurray', 'kshepherd', 'laurennelson07', 'annab', 'mkk749', 'dtchen', 'shk2990', 'dbtice', 'strikex2', 'cmd366', 'zschlieder', 'ceck', 'cmpark', 'noheneadu', 'hyehan', 'mlangille', 'ktp618', 'ltong', 'justineshaw', 'npetlakh', 's3suggs', 'ngg760', 'jshepherd', 'jwalters', 'maroon_09', 'mgroner', 'mcee2374', 'jkrupp', 'ajl131', 'avinokur', 'cberg', 'jchu90', 'acoates', 'lixinxin', 'skang', 'wtong', 'karlind', 'runfree909', 'kgrimestad', 'dramadurai', 'dwalco', 'ktrocin', 'aogonek', 'pcarlson', 'mmara', 'phirbreethr', 'ilin', 'jschiaffino', 'athuluvath', 'rchen', 'rkay', 'abc897', 'jfang', 'mpineda', 'alcinalidder', 'jkastan', 'spokala', 'ecadoff', 'xxu', 'jjund', 'kwang11', 'mbenner', 'wchang', 'mdawg777', 'tsaraiya', 'kmobilia', 'schirumamilla', 'dcho0132', 'ngm654', 'carlherndon2011', 'hpatel11', 'nlomotan', 'sarahhhong', 'tstanis', 'ltsai', 'lnur', 'hkawashima', 'kgovindaraju', 'aconroy', 'emj321', 'martabme', 'tkl821', 'svs470', 'tsa309', 'luichanco', 'blindbard393', 'ndavidson', 'svadner', 'lywang', 'pagrawal10', 'thegeoffmeister', 'xwang308', 'alex_625', 'devish', 'jle703', 'jglass', 'prajeetreddy', 'dannyboy8m', 'eklebanov', 'craak', 'bsegal', 'alberthong', 'hstafford', 'dchun', 'camila8', 'mhuff', 'tslayman', 'jsoohoo', 'mwise', 'amwang', 'fch308', 'mme118', 'mwang', 'maffi', 'tejmotiwala', 'msriram', 'relwood', 'yxu', 'mellis', 'brianchang', 'myu', 'matosziuk', 'nashida', 'dcpearsall', 'kjoshi91', 'ddkim', 'falcon36', 'anderpants', 'yleong', 'kwd761', 'bmaganti', 'amalik', 'athompson', 'kcbandi', 'jacquelinehwang', 'sshaaban', 'asklar', 'athompsonharvey', 'kperkins', 'jennie', 'cyarka', 'eko', 'ammerocks', 'iezzoni21', 'swolff', 'shp279', 'dianemok', 'ywang', 'ahuang', 'mchen2012', 'astockdale', 'bsh319', 'emilywirtz', 'njohnson463', 'alee', 'schatz', 'msimms', 'thebombboi123', 'mshen2012', 'jcasady', 'ashah', 'dbasco', 'kbandi', 'jtrop', 'ktsang', 'rpatel', 'jsharp', 'achadha', 'dpetracovici', 'nseetharaman1', 'bveldk06', 'sgrindy', 'cnoble', 'gwm166', 'bambielli', 'gpedrick', 'ymalina', 'fculver', 'past10', 'mayabhardwaj', 'mbourgeois', 'nicholas', 'sfedorikhina', 'tzack25', 'acolletti', 'rachelrosen', 'jtao', 'jkaplan', 'krich55', 'kevinhaghighi2012', 'gthippeswamy', 'ejen', 'mannamalai', 'callee', 'allegramount', 'jerrylin12']",203,"['txu', 'mdmurray', 'kshepherd', 'laurennelson07', 'annab', 'mkk749', 'dtchen', 'shk2990', 'dbtice', 'strikex2', 'cmd366', 'zschlieder', 'ceck', 'cmpark', 'noheneadu', 'hyehan', 'mlangille', 'ktp618', 'ltong', 'justineshaw', 'npetlakh', 's3suggs', 'ngg760', 'jshepherd', 'jwalters', 'maroon_09', 'mgroner', 'mcee2374', 'jkrupp', 'ajl131', 'avinokur', 'cberg', 'jchu90', 'acoates', 'lixinxin', 'skang', 'wtong', 'karlind', 'runfree909', 'kgrimestad', 'dramadurai', 'dwalco', 'ktrocin', 'aogonek', 'pcarlson', 'mmara', 'phirbreethr', 'ilin', 'sbajaj', 'jschiaffino', 'mattfred', 'athuluvath', 'rchen', 'rkay', 'abc897', 'jfang', 'mpineda', 'alcinalidder', 'jkastan', 'spokala', 'ecadoff', 'xxu', 'jjund', 'kwang11', 'mbenner', 'wchang', 'mdawg777', 'tsaraiya', 'kmobilia', 'schirumamilla', 'dcho0132', 'ngm654', 'carlherndon2011', 'hpatel11', 'nlomotan', 'sarahhhong', 'tstanis', 'ltsai', 'lnur', 'hkawashima', 'kgovindaraju', 'aconroy', 'jlipari', 'emj321', 'martabme', 'tkl821', 'svs470', 'tsa309', 'luichanco', 'blindbard393', 'ndavidson', 'svadner', 'lywang', 'pagrawal10', 'thegeoffmeister', 'xwang308', 'alex_625', 'devish', 'jle703', 'jglass', 'prajeetreddy', 'dannyboy8m', 'eklebanov', 'craak', 'bsegal', 'alberthong', 'hstafford', 'dchun', 'camila8', 'pantocrator', 'mhuff', 'tslayman', 'jsoohoo', 'mwise', 'amwang', 'fch308', 'mme118', 'mwang', 'maffi', 'tejmotiwala', 'msriram', 'relwood', 'yxu', 'mellis', 'brianchang', 'myu', 'matosziuk', 'nashida', 'dcpearsall', 'kjoshi91', 'ddkim', 'falcon36', 'anderpants', 'yleong', 'kwd761', 'bmaganti', 'amalik', 'athompson', 'kcbandi', 'jacquelinehwang', 'sshaaban', 'asklar', 'athompsonharvey', 'kperkins', 'jennie', 'cyarka', 'eko', 'ammerocks', 'iezzoni21', 'swolff', 'shp279', 'sshah7', 'dianemok', 'ywang', 'ahuang', 'mchen2012', 'astockdale', 'bsh319', 'emilywirtz', 'njohnson463', 'alee', 'schatz', 'msimms', 'thebombboi123', 'mshen2012', 'jcasady', 'ashah', 'dbasco', 'kbandi', 'jtrop', 'ktsang', 'mkim', 'rpatel', 'jsharp', 'achadha', 'dpetracovici', 'nseetharaman1', 'bveldk06', 'sgrindy', 'cnoble', 'gwm166', 'bambielli', 'gpedrick', 'ymalina', 'fculver', 'past10', 'mayabhardwaj', 'mbourgeois', 'nicholas', 'sfedorikhina', 'tzack25', 'acolletti', 'rachelrosen', 'jtao', 'jkaplan', 'krich55', 'kevinhaghighi2012', 'gthippeswamy', 'ejen', 'mannamalai', 'callee', 'allegramount', 'jerrylin12']"
30,34,6,9,1,['mattfred'],5,"['mkim', 'pantocrator', 'sbajaj', 'jlipari', 'sshah7']",8,"['jdicke', 'matosziuk', 'sml257', 'jklemp', 'dbtice', 'emilieringe', 'bveldk06', 'pretenderjl']",14,"['mkim', 'pantocrator', 'sbajaj', 'jdicke', 'mattfred', 'matosziuk', 'sml257', 'jklemp', 'jlipari', 'sshah7', 'dbtice', 'emilieringe', 'bveldk06', 'pretenderjl']"
33,13,5,11,1,['tbublik'],4,"['jwetheri', 'cwfishy', 'sathyans', 'jkmgiit']",10,"['rykothari', 'nhamer2', 'mlao2', 'jookalook', 'shossei2', 'singleelectron', 'dsherid3', 'towster2', 'bridgwater', 'pwitkow2']",15,"['rykothari', 'nhamer2', 'jkmgiit', 'mlao2', 'shossei2', 'singleelectron', 'towster2', 'cwfishy', 'sathyans', 'pwitkow2', 'jookalook', 'dsherid3', 'tbublik', 'jwetheri', 'bridgwater']"
34,7,5,7,5,"['dndabler', 'rcosby', 'jlbaker4', 'iwto2000', 'dramatt']",0,[],2,"['cawhittern', 'necoleman']",7,"['dndabler', 'necoleman', 'rcosby', 'cawhittern', 'jlbaker4', 'iwto2000', 'dramatt']"
37,43,5,24,5,"['psadtler', 'sprashan', 'jvk', 'dmshah', 'alayi']",0,[],19,"['AllWires', 'jperrin', 'sdidla', 'wildkid256', 'kahuja', 'jcleong', 'akidarsa', 'pmavery', 'clarjj01', 'OsRitmos', 'ykubo', 'priyam', 'ericlisheng', 'yessoddahc05', 'himnshu2', 'ashir23bom', 'singh15', 'ageggles', 'swtcandie']",24,"['AllWires', 'sprashan', 'jperrin', 'sdidla', 'wildkid256', 'jvk', 'kahuja', 'jcleong', 'alayi', 'akidarsa', 'pmavery', 'clarjj01', 'OsRitmos', 'psadtler', 'ykubo', 'priyam', 'ericlisheng', 'dmshah', 'yessoddahc05', 'himnshu2', 'ashir23bom', 'singh15', 'ageggles', 'swtcandie']"
38,27,5,39,4,"['wgriffin', 'jtsmith', 'makang', 'sdhuang']",1,['jmderby'],35,"['arazavie', 'wizjeong', 'estrehlo', 'csexton', 'gpanagop', 'masud001', 'tanyaohua', 'jiangpurdue', 'dhanmaria', 'psengupta', 'afrankl', 'pachen', 'sunnyleekr', 'fbowen', 'shen17', 'yulin', 'kim604', 'biswajit025', 'wang159', 'cdelker', 'augustcharles', 'spalit', 'ddatta', 'liveletlive', 'xfong', 'nvargo', 'go', 'zainu', 'kim568', 'pjha1', 'jrwilcox', 'niladrinm', 'onurucler', 'kuntalroy', 'jiuning']",40,"['arazavie', 'wizjeong', 'estrehlo', 'sdhuang', 'csexton', 'gpanagop', 'wgriffin', 'masud001', 'tanyaohua', 'jiangpurdue', 'dhanmaria', 'psengupta', 'afrankl', 'pachen', 'sunnyleekr', 'fbowen', 'shen17', 'yulin', 'kim604', 'biswajit025', 'wang159', 'cdelker', 'augustcharles', 'spalit', 'ddatta', 'makang', 'liveletlive', 'xfong', 'jmderby', 'nvargo', 'go', 'zainu', 'kim568', 'pjha1', 'jrwilcox', 'niladrinm', 'jtsmith', 'onurucler', 'kuntalroy', 'jiuning']"
38,29,5,8,2,"['wgriffin', 'jtsmith']",3,"['jmderby', 'makang', 'sdhuang']",6,"['park43', 'niharikavaranasi', 'cdelker', 'cinedemian', 'estrehlo', 'cplacek']",11,"['wgriffin', 'park43', 'cdelker', 'sdhuang', 'niharikavaranasi', 'cinedemian', 'estrehlo', 'makang', 'jtsmith', 'jmderby', 'cplacek']"
1,22,191,189,180,"['danieloh', 'myang', 'jlamano', 'ask788', 'njs310', 'tnasr', 'azheng', 'ycl481', 'dladic', 'qianfz', 'jhoover', 'hlee2013', 'cclu', 'jwarlick', 'acipiti', 'cmosier', 'nrk959', 'nmosberg', 'esegre', 'mlee', 'rgrohman', 'spahwa', 'kchadha', 'ltran88', 'jprindle', 'ysaxena', 'hrayala', 'kbailey', 'dsloan', 'mco274', 'bchao', 'askim', 'apraiss', 'tjk1991', 'benjaminceaser2013', 'jwu', 'ktausk', 'ujain', 'jlou', 'evanthunt6', 'jfriedman', 'fallensail', 'emoore', 'ase548', 'jjkim', 'okusoro', 'frichter91', 'xli', 'ekesler', 'gsheldon', 'gpeal', 'sbailey', 'mrs392', 'hbang', 'gwheaton', 'kleinweber99', 'okamber', 'mread', 'jsy256', 'btiano', 'ctimpon', 'benglish013', 'wmccabe', 'jminuzzo', 'rajatverma1', 'yyangtony', 'jbrewster', 'kschmidt', 'nnemon', 'rparikh', 'eaguirre', 'ssaha', 'slhatch', 'vraghunathan', 'yeseongkim', 'rsurrey09', 'ptoth', 'amukherjee', 'jschwarzbauer', 'jmcknight', 'edubois', 'msimon', 'bcacioppo', 'randywaymire', 'coryj', 'rgoettelman', 'mgoldberg', 'jhutcheson', 'the', 'jnugent', 'ragarwal', 'mootwo17', 'asampson', 'iabbott', 'rbarbera', 'jchurchill', 'djin', 'jsl685', 'ysiddhartha', 'ablood', 'mofallor', 'fcummins', 'tkim1113', 'lmiller', 'connieyang', 'agunn', 'dlin', 'gkim', 'mong', 'dabramov1', 'acm119', 'hjeon', 'aiglesias', 'fchow', 'rsubramanian', 'jtownsend', 'krr401', 'gursimransingh', 'anamath', 'jluo', 'arepucci', 'mdoerfler', 'nleon', 'soohoahn322', 'mwe', 'omu863', 'msladek', 'afox', 'jli1', 'lsabih', 'vch204', 'kshih', 'cburghard', 'mkonanur', 'rlad', 'nkansara', 'pmehta', 'achoi', 'eyousif', 'rsingh24', 'haalac', 'acaneva', 'dshore', 'fhuang', 'w00tm0ng3r', 'bminer', 'mtellakat', 'mbohorquez', 'bchester', 'kvercauteren', 'qprtx', 'kashif', 'wgrimes', 'bschmidt', 'pscalise', 'hlu', 'sprasad09', 'enick', 'sgoel', 'mfischer', 'pjethwani', 'ali436', 'brao', 'lyu', 'jlee1', 'lyung', 'ukkathawalla', 'lmao', 'sferdous', 'kcarson', 'syk', 'nvasilottos', 'kbhatt', 'jlw553', 'kaziz', 'apetersel', 'abrugman', 'mdalzell', 'tcheong', 'jhoover22']",11,"['eappelt', 'hlevine', 'ltang21', 'theinhibitor', 'ksuchun0822', 'nrddt', 'cschnaith', 'hvanvalkenburgh', 'lknapp', 'tjeong', 'cebben']",9,"['lcheng', 'nkatz2013', 'mlodriguito', 'zhian', 'earanderson', 'tomekiasimeon', 'kang1120', 'anmura', 'lfriesen']",200,"['danieloh', 'azheng', 'qianfz', 'jhoover', 'jwarlick', 'nkatz2013', 'acipiti', 'nrk959', 'esegre', 'spahwa', 'kchadha', 'ltran88', 'nrddt', 'jprindle', 'ysaxena', 'kbailey', 'bchao', 'tjk1991', 'jwu', 'ujain', 'jlou', 'fallensail', 'emoore', 'ase548', 'okusoro', 'xli', 'ltang21', 'gsheldon', 'ekesler', 'hvanvalkenburgh', 'sbailey', 'tomekiasimeon', 'btiano', 'benglish013', 'jminuzzo', 'eappelt', 'rajatverma1', 'theinhibitor', 'jbrewster', 'kschmidt', 'nnemon', 'eaguirre', 'vraghunathan', 'slhatch', 'rsurrey09', 'yeseongkim', 'ptoth', 'amukherjee', 'jschwarzbauer', 'jmcknight', 'msimon', 'bcacioppo', 'mgoldberg', 'the', 'earanderson', 'mootwo17', 'iabbott', 'rbarbera', 'djin', 'jsl685', 'ablood', 'mofallor', 'connieyang', 'agunn', 'dlin', 'gkim', 'dabramov1', 'acm119', 'aiglesias', 'hjeon', 'lknapp', 'fchow', 'rsubramanian', 'jtownsend', 'krr401', 'gursimransingh', 'anamath', 'nleon', 'mwe', 'omu863', 'msladek', 'afox', 'jli1', 'lsabih', 'vch204', 'kshih', 'cburghard', 'mkonanur', 'rlad', 'achoi', 'eyousif', 'acaneva', 'dshore', 'w00tm0ng3r', 'bminer', 'bchester', 'kashif', 'wgrimes', 'pscalise', 'bschmidt', 'sprasad09', 'mfischer', 'pjethwani', 'jlee1', 'lmao', 'hlevine', 'abrugman', 'tcheong', 'jhoover22', 'ask788', 'jlamano', 'cschnaith', 'myang', 'njs310', 'tnasr', 'zhian', 'ycl481', 'dladic', 'hlee2013', 'cclu', 'cmosier', 'nmosberg', 'anmura', 'mlee', 'rgrohman', 'hrayala', 'dsloan', 'mco274', 'apraiss', 'askim', 'benjaminceaser2013', 'ktausk', 'ksuchun0822', 'evanthunt6', 'jfriedman', 'jjkim', 'frichter91', 'gpeal', 'hbang', 'gwheaton', 'mrs392', 'kleinweber99', 'okamber', 'mread', 'jsy256', 'ctimpon', 'wmccabe', 'lcheng', 'yyangtony', 'rparikh', 'cebben', 'ssaha', 'coryj', 'edubois', 'randywaymire', 'rgoettelman', 'jhutcheson', 'jnugent', 'mlodriguito', 'ragarwal', 'asampson', 'jchurchill', 'ysiddhartha', 'kang1120', 'lfriesen', 'fcummins', 'tkim1113', 'lmiller', 'mong', 'jluo', 'arepucci', 'mdoerfler', 'soohoahn322', 'tjeong', 'nkansara', 'pmehta', 'rsingh24', 'haalac', 'fhuang', 'mbohorquez', 'mtellakat', 'kvercauteren', 'qprtx', 'hlu', 'enick', 'sgoel', 'ali436', 'lyu', 'brao', 'lyung', 'ukkathawalla', 'sferdous', 'kcarson', 'syk', 'nvasilottos', 'kbhatt', 'jlw553', 'kaziz', 'apetersel', 'mdalzell']"
1,68,191,34,29,"['danieloh', 'jlamano', 'gpeal', 'eyousif', 'ablood', 'tnasr', 'rsingh24', 'hbang', 'jwarlick', 'mtellakat', 'mbohorquez', 'gkim', 'rajatverma1', 'rgrohman', 'yyangtony', 'nnemon', 'mfischer', 'mco274', 'slhatch', 'mdoerfler', 'sferdous', 'kbhatt', 'nvasilottos', 'apetersel', 'omu863', 'afox', 'jli1', 'ragarwal', 'asampson']",162,"['ask788', 'cschnaith', 'myang', 'njs310', 'azheng', 'ycl481', 'dladic', 'qianfz', 'jhoover', 'hlee2013', 'cclu', 'acipiti', 'cmosier', 'nrk959', 'nmosberg', 'esegre', 'mlee', 'spahwa', 'kchadha', 'ltran88', 'nrddt', 'jprindle', 'ysaxena', 'hrayala', 'kbailey', 'dsloan', 'apraiss', 'askim', 'bchao', 'benjaminceaser2013', 'tjk1991', 'jwu', 'ktausk', 'ksuchun0822', 'ujain', 'jlou', 'evanthunt6', 'jfriedman', 'fallensail', 'emoore', 'ase548', 'jjkim', 'okusoro', 'frichter91', 'xli', 'ltang21', 'gsheldon', 'ekesler', 'hvanvalkenburgh', 'sbailey', 'gwheaton', 'mrs392', 'kleinweber99', 'okamber', 'btiano', 'jsy256', 'mread', 'ctimpon', 'wmccabe', 'benglish013', 'jminuzzo', 'eappelt', 'theinhibitor', 'jbrewster', 'kschmidt', 'rparikh', 'eaguirre', 'cebben', 'ssaha', 'vraghunathan', 'rsurrey09', 'yeseongkim', 'ptoth', 'amukherjee', 'jschwarzbauer', 'jmcknight', 'msimon', 'bcacioppo', 'edubois', 'randywaymire', 'coryj', 'rgoettelman', 'mgoldberg', 'jhutcheson', 'jnugent', 'the', 'mootwo17', 'iabbott', 'rbarbera', 'jchurchill', 'djin', 'jsl685', 'ysiddhartha', 'mofallor', 'fcummins', 'tkim1113', 'lmiller', 'connieyang', 'agunn', 'dlin', 'mong', 'dabramov1', 'acm119', 'aiglesias', 'hjeon', 'lknapp', 'fchow', 'rsubramanian', 'jtownsend', 'krr401', 'gursimransingh', 'anamath', 'jluo', 'arepucci', 'nleon', 'soohoahn322', 'mwe', 'msladek', 'lsabih', 'vch204', 'kshih', 'tjeong', 'cburghard', 'mkonanur', 'rlad', 'nkansara', 'pmehta', 'achoi', 'haalac', 'acaneva', 'fhuang', 'dshore', 'w00tm0ng3r', 'bminer', 'bchester', 'kvercauteren', 'qprtx', 'kashif', 'wgrimes', 'pscalise', 'bschmidt', 'hlu', 'sprasad09', 'enick', 'sgoel', 'pjethwani', 'ali436', 'lyu', 'brao', 'jlee1', 'lyung', 'ukkathawalla', 'lmao', 'hlevine', 'kcarson', 'syk', 'jlw553', 'kaziz', 'abrugman', 'mdalzell', 'tcheong', 'jhoover22']",5,"['kennedyr', 'ttownsend', 'smparker', 'kang1120', 'anmura']",196,"['ask788', 'jlamano', 'cschnaith', 'danieloh', 'myang', 'njs310', 'tnasr', 'azheng', 'ycl481', 'dladic', 'qianfz', 'jhoover', 'hlee2013', 'ttownsend', 'cclu', 'jwarlick', 'acipiti', 'cmosier', 'nrk959', 'nmosberg', 'anmura', 'esegre', 'mlee', 'rgrohman', 'spahwa', 'kchadha', 'ltran88', 'nrddt', 'jprindle', 'ysaxena', 'hrayala', 'kbailey', 'dsloan', 'mco274', 'apraiss', 'askim', 'bchao', 'benjaminceaser2013', 'tjk1991', 'jwu', 'ktausk', 'ksuchun0822', 'ujain', 'jlou', 'evanthunt6', 'jfriedman', 'fallensail', 'emoore', 'ase548', 'jjkim', 'okusoro', 'frichter91', 'xli', 'ltang21', 'gsheldon', 'ekesler', 'hvanvalkenburgh', 'gpeal', 'sbailey', 'hbang', 'gwheaton', 'mrs392', 'kleinweber99', 'okamber', 'btiano', 'jsy256', 'mread', 'ctimpon', 'wmccabe', 'benglish013', 'jminuzzo', 'eappelt', 'rajatverma1', 'theinhibitor', 'yyangtony', 'jbrewster', 'kschmidt', 'nnemon', 'rparikh', 'eaguirre', 'cebben', 'ssaha', 'slhatch', 'vraghunathan', 'rsurrey09', 'yeseongkim', 'ptoth', 'amukherjee', 'jschwarzbauer', 'jmcknight', 'msimon', 'bcacioppo', 'edubois', 'randywaymire', 'coryj', 'rgoettelman', 'mgoldberg', 'jhutcheson', 'jnugent', 'the', 'ragarwal', 'mootwo17', 'asampson', 'iabbott', 'rbarbera', 'jchurchill', 'djin', 'jsl685', 'ysiddhartha', 'ablood', 'mofallor', 'kang1120', 'fcummins', 'tkim1113', 'lmiller', 'kennedyr', 'connieyang', 'agunn', 'dlin', 'gkim', 'mong', 'dabramov1', 'acm119', 'aiglesias', 'hjeon', 'lknapp', 'fchow', 'rsubramanian', 'jtownsend', 'krr401', 'gursimransingh', 'anamath', 'jluo', 'arepucci', 'mdoerfler', 'nleon', 'soohoahn322', 'smparker', 'mwe', 'omu863', 'msladek', 'afox', 'jli1', 'lsabih', 'vch204', 'kshih', 'tjeong', 'cburghard', 'mkonanur', 'rlad', 'nkansara', 'pmehta', 'achoi', 'eyousif', 'rsingh24', 'haalac', 'acaneva', 'fhuang', 'dshore', 'w00tm0ng3r', 'bminer', 'mbohorquez', 'bchester', 'mtellakat', 'kvercauteren', 'qprtx', 'kashif', 'wgrimes', 'pscalise', 'bschmidt', 'hlu', 'sprasad09', 'enick', 'sgoel', 'mfischer', 'pjethwani', 'ali436', 'lyu', 'brao', 'jlee1', 'lyung', 'ukkathawalla', 'lmao', 'sferdous', 'hlevine', 'kcarson', 'syk', 'nvasilottos', 'kbhatt', 'jlw553', 'kaziz', 'apetersel', 'abrugman', 'mdalzell', 'tcheong', 'jhoover22']"
1,53,191,21,20,"['xli', 'gsheldon', 'djin', 'gpeal', 'qianfz', 'btiano', 'nmosberg', 'rgrohman', 'aiglesias', 'ali436', 'brao', 'apraiss', 'mdoerfler', 'rgoettelman', 'jlw553', 'apetersel', 'jnugent', 'lsabih', 'jfriedman', 'mkonanur']",171,"['ask788', 'jlamano', 'cschnaith', 'danieloh', 'myang', 'njs310', 'tnasr', 'azheng', 'ycl481', 'dladic', 'jhoover', 'hlee2013', 'cclu', 'jwarlick', 'acipiti', 'cmosier', 'nrk959', 'esegre', 'mlee', 'spahwa', 'kchadha', 'ltran88', 'nrddt', 'jprindle', 'ysaxena', 'hrayala', 'kbailey', 'dsloan', 'mco274', 'askim', 'bchao', 'benjaminceaser2013', 'tjk1991', 'jwu', 'ktausk', 'ksuchun0822', 'ujain', 'jlou', 'evanthunt6', 'fallensail', 'emoore', 'ase548', 'jjkim', 'okusoro', 'frichter91', 'ltang21', 'ekesler', 'hvanvalkenburgh', 'sbailey', 'hbang', 'gwheaton', 'mrs392', 'kleinweber99', 'okamber', 'jsy256', 'mread', 'ctimpon', 'wmccabe', 'benglish013', 'jminuzzo', 'eappelt', 'rajatverma1', 'theinhibitor', 'yyangtony', 'jbrewster', 'kschmidt', 'nnemon', 'rparikh', 'eaguirre', 'cebben', 'ssaha', 'slhatch', 'vraghunathan', 'rsurrey09', 'yeseongkim', 'ptoth', 'amukherjee', 'jschwarzbauer', 'jmcknight', 'msimon', 'bcacioppo', 'edubois', 'randywaymire', 'coryj', 'mgoldberg', 'jhutcheson', 'the', 'ragarwal', 'mootwo17', 'asampson', 'iabbott', 'rbarbera', 'jchurchill', 'jsl685', 'ysiddhartha', 'ablood', 'mofallor', 'fcummins', 'tkim1113', 'lmiller', 'connieyang', 'agunn', 'dlin', 'gkim', 'mong', 'dabramov1', 'acm119', 'hjeon', 'lknapp', 'fchow', 'rsubramanian', 'jtownsend', 'krr401', 'gursimransingh', 'anamath', 'jluo', 'arepucci', 'nleon', 'soohoahn322', 'mwe', 'omu863', 'msladek', 'afox', 'jli1', 'vch204', 'kshih', 'tjeong', 'cburghard', 'rlad', 'nkansara', 'pmehta', 'achoi', 'eyousif', 'rsingh24', 'haalac', 'acaneva', 'fhuang', 'dshore', 'w00tm0ng3r', 'bminer', 'mbohorquez', 'bchester', 'mtellakat', 'kvercauteren', 'qprtx', 'kashif', 'wgrimes', 'pscalise', 'bschmidt', 'hlu', 'sprasad09', 'enick', 'sgoel', 'mfischer', 'pjethwani', 'lyu', 'jlee1', 'lyung', 'ukkathawalla', 'lmao', 'sferdous', 'hlevine', 'kcarson', 'syk', 'nvasilottos', 'kbhatt', 'kaziz', 'abrugman', 'mdalzell', 'tcheong', 'jhoover22']",1,['kinzele'],192,"['ask788', 'jlamano', 'cschnaith', 'danieloh', 'myang', 'njs310', 'tnasr', 'azheng', 'ycl481', 'dladic', 'qianfz', 'jhoover', 'hlee2013', 'cclu', 'jwarlick', 'acipiti', 'cmosier', 'nrk959', 'nmosberg', 'esegre', 'mlee', 'rgrohman', 'spahwa', 'kchadha', 'ltran88', 'nrddt', 'jprindle', 'ysaxena', 'hrayala', 'kbailey', 'dsloan', 'mco274', 'apraiss', 'askim', 'bchao', 'benjaminceaser2013', 'tjk1991', 'jwu', 'ktausk', 'ksuchun0822', 'ujain', 'jlou', 'evanthunt6', 'jfriedman', 'fallensail', 'emoore', 'ase548', 'jjkim', 'okusoro', 'frichter91', 'xli', 'ltang21', 'gsheldon', 'ekesler', 'hvanvalkenburgh', 'gpeal', 'sbailey', 'hbang', 'gwheaton', 'mrs392', 'kleinweber99', 'okamber', 'btiano', 'jsy256', 'mread', 'ctimpon', 'wmccabe', 'benglish013', 'jminuzzo', 'eappelt', 'rajatverma1', 'theinhibitor', 'yyangtony', 'jbrewster', 'kschmidt', 'nnemon', 'rparikh', 'eaguirre', 'cebben', 'ssaha', 'slhatch', 'vraghunathan', 'rsurrey09', 'yeseongkim', 'ptoth', 'amukherjee', 'jschwarzbauer', 'jmcknight', 'msimon', 'bcacioppo', 'edubois', 'randywaymire', 'coryj', 'rgoettelman', 'mgoldberg', 'jhutcheson', 'jnugent', 'the', 'ragarwal', 'mootwo17', 'asampson', 'iabbott', 'rbarbera', 'jchurchill', 'djin', 'jsl685', 'ysiddhartha', 'ablood', 'mofallor', 'fcummins', 'tkim1113', 'lmiller', 'connieyang', 'agunn', 'dlin', 'gkim', 'mong', 'dabramov1', 'acm119', 'aiglesias', 'hjeon', 'lknapp', 'fchow', 'rsubramanian', 'jtownsend', 'krr401', 'gursimransingh', 'anamath', 'jluo', 'arepucci', 'mdoerfler', 'nleon', 'soohoahn322', 'mwe', 'omu863', 'msladek', 'afox', 'jli1', 'lsabih', 'vch204', 'kshih', 'tjeong', 'cburghard', 'mkonanur', 'rlad', 'nkansara', 'pmehta', 'achoi', 'eyousif', 'rsingh24', 'haalac', 'acaneva', 'fhuang', 'dshore', 'w00tm0ng3r', 'bminer', 'mbohorquez', 'bchester', 'mtellakat', 'kvercauteren', 'qprtx', 'kashif', 'wgrimes', 'pscalise', 'bschmidt', 'hlu', 'sprasad09', 'enick', 'sgoel', 'kinzele', 'mfischer', 'pjethwani', 'ali436', 'lyu', 'brao', 'jlee1', 'lyung', 'ukkathawalla', 'lmao', 'sferdous', 'hlevine', 'kcarson', 'syk', 'nvasilottos', 'kbhatt', 'jlw553', 'kaziz', 'apetersel', 'abrugman', 'mdalzell', 'tcheong', 'jhoover22']"
1,52,191,7,6,"['coryj', 'syk', 'mgoldberg', 'ysaxena', 'eyousif', 'pscalise']",185,"['ask788', 'jlamano', 'cschnaith', 'danieloh', 'myang', 'njs310', 'tnasr', 'azheng', 'ycl481', 'dladic', 'qianfz', 'jhoover', 'hlee2013', 'cclu', 'jwarlick', 'acipiti', 'cmosier', 'nrk959', 'nmosberg', 'esegre', 'mlee', 'rgrohman', 'spahwa', 'kchadha', 'ltran88', 'nrddt', 'jprindle', 'hrayala', 'kbailey', 'dsloan', 'mco274', 'apraiss', 'askim', 'bchao', 'benjaminceaser2013', 'tjk1991', 'jwu', 'ktausk', 'ksuchun0822', 'ujain', 'jlou', 'evanthunt6', 'jfriedman', 'fallensail', 'emoore', 'ase548', 'jjkim', 'okusoro', 'frichter91', 'xli', 'ltang21', 'gsheldon', 'ekesler', 'hvanvalkenburgh', 'gpeal', 'sbailey', 'hbang', 'gwheaton', 'mrs392', 'kleinweber99', 'okamber', 'btiano', 'jsy256', 'mread', 'ctimpon', 'wmccabe', 'benglish013', 'jminuzzo', 'eappelt', 'rajatverma1', 'theinhibitor', 'yyangtony', 'jbrewster', 'kschmidt', 'nnemon', 'rparikh', 'eaguirre', 'cebben', 'ssaha', 'slhatch', 'vraghunathan', 'rsurrey09', 'yeseongkim', 'ptoth', 'amukherjee', 'jschwarzbauer', 'jmcknight', 'msimon', 'bcacioppo', 'edubois', 'randywaymire', 'rgoettelman', 'jhutcheson', 'jnugent', 'the', 'ragarwal', 'mootwo17', 'asampson', 'iabbott', 'rbarbera', 'jchurchill', 'djin', 'jsl685', 'ysiddhartha', 'ablood', 'mofallor', 'fcummins', 'tkim1113', 'lmiller', 'connieyang', 'agunn', 'dlin', 'gkim', 'mong', 'dabramov1', 'acm119', 'aiglesias', 'hjeon', 'lknapp', 'fchow', 'rsubramanian', 'jtownsend', 'krr401', 'gursimransingh', 'anamath', 'jluo', 'arepucci', 'mdoerfler', 'nleon', 'soohoahn322', 'mwe', 'omu863', 'msladek', 'afox', 'jli1', 'lsabih', 'vch204', 'kshih', 'tjeong', 'cburghard', 'mkonanur', 'rlad', 'nkansara', 'pmehta', 'achoi', 'rsingh24', 'haalac', 'acaneva', 'fhuang', 'dshore', 'w00tm0ng3r', 'bminer', 'mbohorquez', 'bchester', 'mtellakat', 'kvercauteren', 'qprtx', 'kashif', 'wgrimes', 'bschmidt', 'hlu', 'sprasad09', 'enick', 'sgoel', 'mfischer', 'pjethwani', 'ali436', 'lyu', 'brao', 'jlee1', 'lyung', 'ukkathawalla', 'lmao', 'sferdous', 'hlevine', 'kcarson', 'nvasilottos', 'kbhatt', 'jlw553', 'kaziz', 'apetersel', 'abrugman', 'mdalzell', 'tcheong', 'jhoover22']",1,['kang1120'],192,"['ask788', 'jlamano', 'cschnaith', 'danieloh', 'myang', 'njs310', 'tnasr', 'azheng', 'ycl481', 'dladic', 'qianfz', 'jhoover', 'hlee2013', 'cclu', 'jwarlick', 'acipiti', 'cmosier', 'nrk959', 'nmosberg', 'esegre', 'mlee', 'rgrohman', 'spahwa', 'kchadha', 'ltran88', 'nrddt', 'jprindle', 'ysaxena', 'hrayala', 'kbailey', 'dsloan', 'mco274', 'apraiss', 'askim', 'bchao', 'benjaminceaser2013', 'tjk1991', 'jwu', 'ktausk', 'ksuchun0822', 'ujain', 'jlou', 'evanthunt6', 'jfriedman', 'fallensail', 'emoore', 'ase548', 'jjkim', 'okusoro', 'frichter91', 'xli', 'ltang21', 'gsheldon', 'ekesler', 'hvanvalkenburgh', 'gpeal', 'sbailey', 'hbang', 'gwheaton', 'mrs392', 'kleinweber99', 'okamber', 'btiano', 'jsy256', 'mread', 'ctimpon', 'wmccabe', 'benglish013', 'jminuzzo', 'eappelt', 'rajatverma1', 'theinhibitor', 'yyangtony', 'jbrewster', 'kschmidt', 'nnemon', 'rparikh', 'eaguirre', 'cebben', 'ssaha', 'slhatch', 'vraghunathan', 'rsurrey09', 'yeseongkim', 'ptoth', 'amukherjee', 'jschwarzbauer', 'jmcknight', 'msimon', 'bcacioppo', 'edubois', 'randywaymire', 'coryj', 'rgoettelman', 'mgoldberg', 'jhutcheson', 'jnugent', 'the', 'ragarwal', 'mootwo17', 'asampson', 'iabbott', 'rbarbera', 'jchurchill', 'djin', 'jsl685', 'ysiddhartha', 'ablood', 'mofallor', 'kang1120', 'fcummins', 'tkim1113', 'lmiller', 'connieyang', 'agunn', 'dlin', 'gkim', 'mong', 'dabramov1', 'acm119', 'aiglesias', 'hjeon', 'lknapp', 'fchow', 'rsubramanian', 'jtownsend', 'krr401', 'gursimransingh', 'anamath', 'jluo', 'arepucci', 'mdoerfler', 'nleon', 'soohoahn322', 'mwe', 'omu863', 'msladek', 'afox', 'jli1', 'lsabih', 'vch204', 'kshih', 'tjeong', 'cburghard', 'mkonanur', 'rlad', 'nkansara', 'pmehta', 'achoi', 'eyousif', 'rsingh24', 'haalac', 'acaneva', 'fhuang', 'dshore', 'w00tm0ng3r', 'bminer', 'mbohorquez', 'bchester', 'mtellakat', 'kvercauteren', 'qprtx', 'kashif', 'wgrimes', 'pscalise', 'bschmidt', 'hlu', 'sprasad09', 'enick', 'sgoel', 'mfischer', 'pjethwani', 'ali436', 'lyu', 'brao', 'jlee1', 'lyung', 'ukkathawalla', 'lmao', 'sferdous', 'hlevine', 'kcarson', 'syk', 'nvasilottos', 'kbhatt', 'jlw553', 'kaziz', 'apetersel', 'abrugman', 'mdalzell', 'tcheong', 'jhoover22']"
1,70,191,5,3,"['ukkathawalla', 'nrk959', 'aiglesias']",188,"['ask788', 'jlamano', 'cschnaith', 'danieloh', 'myang', 'njs310', 'tnasr', 'azheng', 'ycl481', 'dladic', 'qianfz', 'jhoover', 'hlee2013', 'cclu', 'jwarlick', 'acipiti', 'cmosier', 'nmosberg', 'esegre', 'mlee', 'rgrohman', 'spahwa', 'kchadha', 'ltran88', 'nrddt', 'jprindle', 'ysaxena', 'hrayala', 'kbailey', 'dsloan', 'mco274', 'apraiss', 'askim', 'bchao', 'benjaminceaser2013', 'tjk1991', 'jwu', 'ktausk', 'ksuchun0822', 'ujain', 'jlou', 'evanthunt6', 'jfriedman', 'fallensail', 'emoore', 'ase548', 'jjkim', 'okusoro', 'frichter91', 'xli', 'ltang21', 'gsheldon', 'ekesler', 'hvanvalkenburgh', 'gpeal', 'sbailey', 'hbang', 'gwheaton', 'mrs392', 'kleinweber99', 'okamber', 'btiano', 'jsy256', 'mread', 'ctimpon', 'wmccabe', 'benglish013', 'jminuzzo', 'eappelt', 'rajatverma1', 'theinhibitor', 'yyangtony', 'jbrewster', 'kschmidt', 'nnemon', 'rparikh', 'eaguirre', 'cebben', 'ssaha', 'slhatch', 'vraghunathan', 'rsurrey09', 'yeseongkim', 'ptoth', 'amukherjee', 'jschwarzbauer', 'jmcknight', 'msimon', 'bcacioppo', 'edubois', 'randywaymire', 'coryj', 'rgoettelman', 'mgoldberg', 'jhutcheson', 'jnugent', 'the', 'ragarwal', 'mootwo17', 'asampson', 'iabbott', 'rbarbera', 'jchurchill', 'djin', 'jsl685', 'ysiddhartha', 'ablood', 'mofallor', 'fcummins', 'tkim1113', 'lmiller', 'connieyang', 'agunn', 'dlin', 'gkim', 'mong', 'dabramov1', 'acm119', 'hjeon', 'lknapp', 'fchow', 'rsubramanian', 'jtownsend', 'krr401', 'gursimransingh', 'anamath', 'jluo', 'arepucci', 'mdoerfler', 'nleon', 'soohoahn322', 'mwe', 'omu863', 'msladek', 'afox', 'jli1', 'lsabih', 'vch204', 'kshih', 'tjeong', 'cburghard', 'mkonanur', 'rlad', 'nkansara', 'pmehta', 'achoi', 'eyousif', 'rsingh24', 'haalac', 'acaneva', 'fhuang', 'dshore', 'w00tm0ng3r', 'bminer', 'mbohorquez', 'bchester', 'mtellakat', 'kvercauteren', 'qprtx', 'kashif', 'wgrimes', 'pscalise', 'bschmidt', 'hlu', 'sprasad09', 'enick', 'sgoel', 'mfischer', 'pjethwani', 'ali436', 'lyu', 'brao', 'jlee1', 'lyung', 'lmao', 'sferdous', 'hlevine', 'kcarson', 'syk', 'nvasilottos', 'kbhatt', 'jlw553', 'kaziz', 'apetersel', 'abrugman', 'mdalzell', 'tcheong', 'jhoover22']",2,"['kennedyr', 'smparker']",193,"['ask788', 'jlamano', 'cschnaith', 'danieloh', 'myang', 'njs310', 'tnasr', 'azheng', 'ycl481', 'dladic', 'qianfz', 'jhoover', 'hlee2013', 'cclu', 'jwarlick', 'acipiti', 'cmosier', 'nrk959', 'nmosberg', 'esegre', 'mlee', 'rgrohman', 'spahwa', 'kchadha', 'ltran88', 'nrddt', 'jprindle', 'ysaxena', 'hrayala', 'kbailey', 'dsloan', 'mco274', 'apraiss', 'askim', 'bchao', 'benjaminceaser2013', 'tjk1991', 'jwu', 'ktausk', 'ksuchun0822', 'ujain', 'jlou', 'evanthunt6', 'jfriedman', 'fallensail', 'emoore', 'ase548', 'jjkim', 'okusoro', 'frichter91', 'xli', 'ltang21', 'gsheldon', 'ekesler', 'hvanvalkenburgh', 'gpeal', 'sbailey', 'hbang', 'gwheaton', 'mrs392', 'kleinweber99', 'okamber', 'btiano', 'jsy256', 'mread', 'ctimpon', 'wmccabe', 'benglish013', 'jminuzzo', 'eappelt', 'rajatverma1', 'theinhibitor', 'yyangtony', 'jbrewster', 'kschmidt', 'nnemon', 'rparikh', 'eaguirre', 'cebben', 'ssaha', 'slhatch', 'vraghunathan', 'rsurrey09', 'yeseongkim', 'ptoth', 'amukherjee', 'jschwarzbauer', 'jmcknight', 'msimon', 'bcacioppo', 'edubois', 'randywaymire', 'coryj', 'rgoettelman', 'mgoldberg', 'jhutcheson', 'jnugent', 'the', 'ragarwal', 'mootwo17', 'asampson', 'iabbott', 'rbarbera', 'jchurchill', 'djin', 'jsl685', 'ysiddhartha', 'ablood', 'mofallor', 'fcummins', 'tkim1113', 'lmiller', 'kennedyr', 'connieyang', 'agunn', 'dlin', 'gkim', 'mong', 'dabramov1', 'acm119', 'aiglesias', 'hjeon', 'lknapp', 'fchow', 'rsubramanian', 'jtownsend', 'krr401', 'gursimransingh', 'anamath', 'jluo', 'arepucci', 'mdoerfler', 'nleon', 'soohoahn322', 'smparker', 'mwe', 'omu863', 'msladek', 'afox', 'jli1', 'lsabih', 'vch204', 'kshih', 'tjeong', 'cburghard', 'mkonanur', 'rlad', 'nkansara', 'pmehta', 'achoi', 'eyousif', 'rsingh24', 'haalac', 'acaneva', 'fhuang', 'dshore', 'w00tm0ng3r', 'bminer', 'mbohorquez', 'bchester', 'mtellakat', 'kvercauteren', 'qprtx', 'kashif', 'wgrimes', 'pscalise', 'bschmidt', 'hlu', 'sprasad09', 'enick', 'sgoel', 'mfischer', 'pjethwani', 'ali436', 'lyu', 'brao', 'jlee1', 'lyung', 'ukkathawalla', 'lmao', 'sferdous', 'hlevine', 'kcarson', 'syk', 'nvasilottos', 'kbhatt', 'jlw553', 'kaziz', 'apetersel', 'abrugman', 'mdalzell', 'tcheong', 'jhoover22']"
2,77,143,161,143,"['ltaylor', 'tydiercks', 'kperrin', 'jmulvain', 'crkidwel', 'mbroski', 'wright46', 'sufimazli90', 'amwhitne', 'chang71', 'yue0', 'robertra', 'jgiron', 'whess', 'jason89s', 'spensing', 'kskidmor', 'gmusyj', 'hsanghvi', 'ahmed11', 'djvarnau', 'cykim', 'mchuff', 'white73', 'jhuffaker', 'cpmalone', 'nhammel', 'bmccool', 'aphanse', 'cho72', 'tmbutler', 'tstrzele', 'haydenlee', 'brperry', 'mboudas', 'jaesungyoun', 'gjware', 'ctimko', 'pan3', 'dsabo', 'smyrick', 'jvclark', 'dlopez', 'jiang31', 'mnharris', 'jjyoun', 'nkwolek', 'jon3153', 'tpour3491', 'jcmccorm', 'ychao', 'petermathias', 'mzwach', 'msathak', 'stkerr', 'matt_parker', 'kvogler', 'khaver', 'asahni', 'jengelbe', 'brangara', 'wtso', 'reckel', 'sdevoe', 'jmlindle', 'awlayton', 'pmoses', 'waseemkhoury', 'rjgarman', 'mlababid', 'rdpritch', 'rschuman', 'fiqbal91', 'nrobison', 'pg1646', 'adhirots', 'ahaberlein', 'cmottaz', 'jgrivera', 'mwalders', 'mdeschne', 'jpatmast', 'lee439', 'ceverhar', 'patricklin', 'reaper117', 'cdewes229', 'yamisamo', 'lillylovebug', 'rsthomps', 'dougmoney', 'jschortg', 'bshutt', 'owensec', 'upandey', 'shreyan', 'jphunter', 'ryokubaka', 'dhancock', 'mjbuechl', 'sdang90', 'oghaisas', 'mplankey', 'bvoon', 'erkendall', 'alagneau', 'myokem', 'spudster', 'mihir14', 'wdu', 'steind', 'akiran', 'phillijn', 'twinget', 'tschreib', 'kakashow', 'kpetrucc', 'prabhu_m', 'doegerle', 'lee291', 'shicheng', 'tscheidl', 'wang391', 'slaurids', 'dhanahan', 'gmcnamer', 'cdoty', 'mjacobso', 'jasonholmes89', 'sfedro', 'colorfula', 'mpenderg', 'nrkeen', 'bsobecki', 'askumar', 'djrobles', 'cscripp', 'sbogensc', 'mpanzare', 'baharman', 'twildb00', 'bkhandag', 'mlovell']",0,[],18,"['nbaker', 'clarksm', 'mhunold', 'pbyers', 'jlyeung', 'rbpeders', 'areinhar9', 'derialstrazus', 'mgwillia', 'clarksnano', 'bwbrown', 'hungc', 'zesmith', 'lee607', 'pmarepal', 'vchiguru', 'ctaub', 'awarsana']",161,"['ltaylor', 'tydiercks', 'kperrin', 'jmulvain', 'crkidwel', 'mbroski', 'wright46', 'sufimazli90', 'amwhitne', 'chang71', 'yue0', 'robertra', 'jgiron', 'whess', 'jason89s', 'mgwillia', 'spensing', 'kskidmor', 'gmusyj', 'hsanghvi', 'ahmed11', 'djvarnau', 'cykim', 'mchuff', 'white73', 'jhuffaker', 'cpmalone', 'nbaker', 'nhammel', 'bmccool', 'aphanse', 'cho72', 'tmbutler', 'tstrzele', 'haydenlee', 'brperry', 'mboudas', 'jaesungyoun', 'gjware', 'ctimko', 'pan3', 'dsabo', 'smyrick', 'jvclark', 'dlopez', 'hungc', 'jiang31', 'mnharris', 'jjyoun', 'nkwolek', 'jon3153', 'tpour3491', 'jcmccorm', 'clarksnano', 'bwbrown', 'ychao', 'petermathias', 'mzwach', 'msathak', 'stkerr', 'matt_parker', 'kvogler', 'khaver', 'asahni', 'jengelbe', 'brangara', 'wtso', 'reckel', 'sdevoe', 'jmlindle', 'awlayton', 'pmoses', 'waseemkhoury', 'mhunold', 'rjgarman', 'mlababid', 'rdpritch', 'rschuman', 'fiqbal91', 'adhirots', 'pg1646', 'nrobison', 'ahaberlein', 'cmottaz', 'ctaub', 'jgrivera', 'lee607', 'mwalders', 'mdeschne', 'jpatmast', 'lee439', 'ceverhar', 'patricklin', 'reaper117', 'cdewes229', 'yamisamo', 'lillylovebug', 'pbyers', 'rsthomps', 'dougmoney', 'jschortg', 'derialstrazus', 'bshutt', 'owensec', 'upandey', 'shreyan', 'jphunter', 'ryokubaka', 'dhancock', 'mjbuechl', 'sdang90', 'awarsana', 'vchiguru', 'oghaisas', 'mplankey', 'bvoon', 'erkendall', 'alagneau', 'myokem', 'jlyeung', 'spudster', 'mihir14', 'wdu', 'steind', 'akiran', 'phillijn', 'twinget', 'clarksm', 'tschreib', 'kakashow', 'kpetrucc', 'prabhu_m', 'doegerle', 'zesmith', 'pmarepal', 'lee291', 'shicheng', 'tscheidl', 'wang391', 'slaurids', 'dhanahan', 'gmcnamer', 'cdoty', 'mjacobso', 'jasonholmes89', 'sfedro', 'colorfula', 'mpenderg', 'nrkeen', 'rbpeders', 'bsobecki', 'askumar', 'areinhar9', 'djrobles', 'cscripp', 'sbogensc', 'mpanzare', 'baharman', 'twildb00', 'bkhandag', 'mlovell']"
2,76,143,36,32,"['mwalders', 'phillijn', 'tschreib', 'mdeschne', 'jmulvain', 'crkidwel', 'pan3', 'kakashow', 'kpetrucc', 'ceverhar', 'shicheng', 'amwhitne', 'robertra', 'wang391', 'tpour3491', 'jphunter', 'mzwach', 'upandey', 'shreyan', 'matt_parker', 'khaver', 'gmusyj', 'mlovell', 'nrkeen', 'sdevoe', 'waseemkhoury', 'nhammel', 'askumar', 'cscripp', 'akiran', 'tstrzele', 'jgrivera']",111,"['ltaylor', 'tydiercks', 'kperrin', 'mbroski', 'wright46', 'sufimazli90', 'chang71', 'yue0', 'jgiron', 'whess', 'jason89s', 'spensing', 'kskidmor', 'ahmed11', 'hsanghvi', 'djvarnau', 'cykim', 'mchuff', 'white73', 'jhuffaker', 'cpmalone', 'bmccool', 'aphanse', 'cho72', 'tmbutler', 'haydenlee', 'brperry', 'mboudas', 'jaesungyoun', 'gjware', 'ctimko', 'dsabo', 'smyrick', 'jvclark', 'dlopez', 'jiang31', 'mnharris', 'jjyoun', 'nkwolek', 'jon3153', 'jcmccorm', 'ychao', 'petermathias', 'msathak', 'stkerr', 'kvogler', 'asahni', 'jengelbe', 'brangara', 'wtso', 'reckel', 'jmlindle', 'awlayton', 'pmoses', 'rjgarman', 'mlababid', 'rdpritch', 'rschuman', 'fiqbal91', 'nrobison', 'pg1646', 'adhirots', 'cmottaz', 'ahaberlein', 'jpatmast', 'lee439', 'patricklin', 'reaper117', 'cdewes229', 'yamisamo', 'lillylovebug', 'rsthomps', 'dougmoney', 'jschortg', 'bshutt', 'owensec', 'ryokubaka', 'dhancock', 'mjbuechl', 'sdang90', 'oghaisas', 'mplankey', 'bvoon', 'erkendall', 'alagneau', 'myokem', 'spudster', 'mihir14', 'wdu', 'steind', 'twinget', 'prabhu_m', 'doegerle', 'lee291', 'tscheidl', 'dhanahan', 'slaurids', 'gmcnamer', 'cdoty', 'mjacobso', 'jasonholmes89', 'sfedro', 'colorfula', 'mpenderg', 'bsobecki', 'djrobles', 'sbogensc', 'mpanzare', 'baharman', 'twildb00', 'bkhandag']",4,"['jlyeung', 'pbyers', 'jvnane', 'areinhar9']",147,"['ltaylor', 'tydiercks', 'kperrin', 'jmulvain', 'crkidwel', 'mbroski', 'wright46', 'sufimazli90', 'amwhitne', 'chang71', 'yue0', 'robertra', 'jgiron', 'whess', 'jason89s', 'spensing', 'kskidmor', 'gmusyj', 'hsanghvi', 'ahmed11', 'djvarnau', 'cykim', 'mchuff', 'white73', 'jhuffaker', 'cpmalone', 'nhammel', 'bmccool', 'aphanse', 'cho72', 'tmbutler', 'tstrzele', 'haydenlee', 'brperry', 'mboudas', 'jaesungyoun', 'gjware', 'ctimko', 'pan3', 'dsabo', 'smyrick', 'jvclark', 'dlopez', 'jiang31', 'mnharris', 'jjyoun', 'nkwolek', 'jon3153', 'tpour3491', 'jcmccorm', 'ychao', 'petermathias', 'mzwach', 'msathak', 'stkerr', 'matt_parker', 'kvogler', 'khaver', 'asahni', 'jengelbe', 'brangara', 'wtso', 'reckel', 'sdevoe', 'jmlindle', 'awlayton', 'pmoses', 'waseemkhoury', 'rjgarman', 'mlababid', 'rdpritch', 'rschuman', 'fiqbal91', 'adhirots', 'pg1646', 'nrobison', 'ahaberlein', 'cmottaz', 'jgrivera', 'mwalders', 'mdeschne', 'jpatmast', 'lee439', 'ceverhar', 'patricklin', 'reaper117', 'cdewes229', 'yamisamo', 'lillylovebug', 'pbyers', 'rsthomps', 'dougmoney', 'jschortg', 'bshutt', 'owensec', 'upandey', 'shreyan', 'jphunter', 'ryokubaka', 'dhancock', 'mjbuechl', 'sdang90', 'oghaisas', 'mplankey', 'bvoon', 'erkendall', 'alagneau', 'myokem', 'jlyeung', 'spudster', 'mihir14', 'wdu', 'steind', 'akiran', 'phillijn', 'twinget', 'tschreib', 'kakashow', 'kpetrucc', 'prabhu_m', 'doegerle', 'lee291', 'shicheng', 'tscheidl', 'wang391', 'slaurids', 'dhanahan', 'gmcnamer', 'jvnane', 'cdoty', 'mjacobso', 'jasonholmes89', 'sfedro', 'colorfula', 'mpenderg', 'nrkeen', 'bsobecki', 'askumar', 'areinhar9', 'djrobles', 'cscripp', 'sbogensc', 'mpanzare', 'baharman', 'twildb00', 'bkhandag', 'mlovell']"
2,75,143,20,18,"['shicheng', 'mwalders', 'phillijn', 'amwhitne', 'tschreib', 'mdeschne', 'jmulvain', 'robertra', 'wang391', 'askumar', 'ceverhar', 'jgrivera', 'kpetrucc', 'nrkeen', 'upandey', 'sdevoe', 'gmusyj', 'khaver']",125,"['ltaylor', 'tydiercks', 'kperrin', 'crkidwel', 'mbroski', 'wright46', 'sufimazli90', 'chang71', 'yue0', 'jgiron', 'whess', 'jason89s', 'spensing', 'kskidmor', 'hsanghvi', 'ahmed11', 'djvarnau', 'cykim', 'mchuff', 'white73', 'jhuffaker', 'cpmalone', 'nhammel', 'bmccool', 'aphanse', 'cho72', 'tmbutler', 'tstrzele', 'haydenlee', 'brperry', 'mboudas', 'jaesungyoun', 'gjware', 'ctimko', 'pan3', 'dsabo', 'smyrick', 'jvclark', 'dlopez', 'jiang31', 'mnharris', 'jjyoun', 'nkwolek', 'jon3153', 'tpour3491', 'jcmccorm', 'ychao', 'petermathias', 'mzwach', 'msathak', 'stkerr', 'matt_parker', 'kvogler', 'asahni', 'jengelbe', 'brangara', 'wtso', 'reckel', 'jmlindle', 'awlayton', 'pmoses', 'waseemkhoury', 'rjgarman', 'mlababid', 'rdpritch', 'rschuman', 'fiqbal91', 'adhirots', 'pg1646', 'nrobison', 'ahaberlein', 'cmottaz', 'jpatmast', 'lee439', 'patricklin', 'reaper117', 'cdewes229', 'yamisamo', 'lillylovebug', 'rsthomps', 'dougmoney', 'jschortg', 'bshutt', 'owensec', 'shreyan', 'jphunter', 'ryokubaka', 'dhancock', 'mjbuechl', 'sdang90', 'oghaisas', 'mplankey', 'bvoon', 'erkendall', 'alagneau', 'myokem', 'spudster', 'mihir14', 'wdu', 'steind', 'akiran', 'twinget', 'kakashow', 'prabhu_m', 'doegerle', 'lee291', 'tscheidl', 'slaurids', 'dhanahan', 'gmcnamer', 'cdoty', 'mjacobso', 'jasonholmes89', 'sfedro', 'colorfula', 'mpenderg', 'bsobecki', 'djrobles', 'cscripp', 'sbogensc', 'mpanzare', 'baharman', 'twildb00', 'bkhandag', 'mlovell']",2,"['jlyeung', 'pbyers']",145,"['ltaylor', 'tydiercks', 'kperrin', 'jmulvain', 'crkidwel', 'mbroski', 'wright46', 'sufimazli90', 'amwhitne', 'chang71', 'yue0', 'robertra', 'jgiron', 'whess', 'jason89s', 'spensing', 'kskidmor', 'gmusyj', 'hsanghvi', 'ahmed11', 'djvarnau', 'cykim', 'mchuff', 'white73', 'jhuffaker', 'cpmalone', 'nhammel', 'bmccool', 'aphanse', 'cho72', 'tmbutler', 'tstrzele', 'haydenlee', 'brperry', 'mboudas', 'jaesungyoun', 'gjware', 'ctimko', 'pan3', 'dsabo', 'smyrick', 'jvclark', 'dlopez', 'jiang31', 'mnharris', 'jjyoun', 'nkwolek', 'jon3153', 'tpour3491', 'jcmccorm', 'ychao', 'petermathias', 'mzwach', 'msathak', 'stkerr', 'matt_parker', 'kvogler', 'khaver', 'asahni', 'jengelbe', 'brangara', 'wtso', 'reckel', 'sdevoe', 'jmlindle', 'awlayton', 'pmoses', 'waseemkhoury', 'rjgarman', 'mlababid', 'rdpritch', 'rschuman', 'fiqbal91', 'adhirots', 'pg1646', 'nrobison', 'ahaberlein', 'cmottaz', 'jgrivera', 'mwalders', 'mdeschne', 'jpatmast', 'lee439', 'ceverhar', 'patricklin', 'reaper117', 'cdewes229', 'yamisamo', 'lillylovebug', 'pbyers', 'rsthomps', 'dougmoney', 'jschortg', 'bshutt', 'owensec', 'upandey', 'shreyan', 'jphunter', 'ryokubaka', 'dhancock', 'mjbuechl', 'sdang90', 'oghaisas', 'mplankey', 'bvoon', 'erkendall', 'alagneau', 'myokem', 'jlyeung', 'spudster', 'mihir14', 'wdu', 'steind', 'akiran', 'phillijn', 'twinget', 'tschreib', 'kakashow', 'kpetrucc', 'prabhu_m', 'doegerle', 'lee291', 'shicheng', 'tscheidl', 'wang391', 'slaurids', 'dhanahan', 'gmcnamer', 'cdoty', 'mjacobso', 'jasonholmes89', 'sfedro', 'colorfula', 'mpenderg', 'nrkeen', 'bsobecki', 'askumar', 'djrobles', 'cscripp', 'sbogensc', 'mpanzare', 'baharman', 'twildb00', 'bkhandag', 'mlovell']"
2,79,143,14,13,"['jiang31', 'lillylovebug', 'mboudas', 'mlababid', 'mihir14', 'prabhu_m', 'smyrick', 'doegerle', 'sdang90', 'ychao', 'msathak', 'mpanzare', 'ahmed11']",130,"['ltaylor', 'tydiercks', 'kperrin', 'jmulvain', 'crkidwel', 'mbroski', 'wright46', 'sufimazli90', 'amwhitne', 'chang71', 'yue0', 'robertra', 'jgiron', 'whess', 'jason89s', 'spensing', 'kskidmor', 'gmusyj', 'hsanghvi', 'djvarnau', 'cykim', 'mchuff', 'white73', 'jhuffaker', 'cpmalone', 'nhammel', 'bmccool', 'aphanse', 'cho72', 'tmbutler', 'tstrzele', 'haydenlee', 'brperry', 'jaesungyoun', 'gjware', 'ctimko', 'pan3', 'dsabo', 'jvclark', 'dlopez', 'mnharris', 'jjyoun', 'nkwolek', 'jon3153', 'tpour3491', 'jcmccorm', 'petermathias', 'mzwach', 'stkerr', 'matt_parker', 'kvogler', 'khaver', 'asahni', 'jengelbe', 'brangara', 'wtso', 'reckel', 'sdevoe', 'jmlindle', 'awlayton', 'pmoses', 'waseemkhoury', 'rjgarman', 'rdpritch', 'rschuman', 'fiqbal91', 'adhirots', 'pg1646', 'nrobison', 'ahaberlein', 'cmottaz', 'jgrivera', 'mwalders', 'mdeschne', 'jpatmast', 'lee439', 'ceverhar', 'patricklin', 'reaper117', 'cdewes229', 'yamisamo', 'rsthomps', 'dougmoney', 'jschortg', 'bshutt', 'owensec', 'upandey', 'shreyan', 'jphunter', 'ryokubaka', 'dhancock', 'mjbuechl', 'oghaisas', 'mplankey', 'bvoon', 'erkendall', 'alagneau', 'myokem', 'spudster', 'wdu', 'steind', 'akiran', 'phillijn', 'twinget', 'tschreib', 'kakashow', 'kpetrucc', 'lee291', 'shicheng', 'tscheidl', 'wang391', 'slaurids', 'dhanahan', 'gmcnamer', 'cdoty', 'mjacobso', 'jasonholmes89', 'sfedro', 'colorfula', 'mpenderg', 'nrkeen', 'bsobecki', 'askumar', 'djrobles', 'cscripp', 'sbogensc', 'baharman', 'twildb00', 'bkhandag', 'mlovell']",1,['ctaub'],144,"['ltaylor', 'tydiercks', 'kperrin', 'jmulvain', 'crkidwel', 'mbroski', 'wright46', 'sufimazli90', 'amwhitne', 'chang71', 'yue0', 'robertra', 'jgiron', 'whess', 'jason89s', 'spensing', 'kskidmor', 'gmusyj', 'hsanghvi', 'ahmed11', 'djvarnau', 'cykim', 'mchuff', 'white73', 'jhuffaker', 'cpmalone', 'nhammel', 'bmccool', 'aphanse', 'cho72', 'tmbutler', 'tstrzele', 'haydenlee', 'brperry', 'mboudas', 'jaesungyoun', 'gjware', 'ctimko', 'pan3', 'dsabo', 'smyrick', 'jvclark', 'dlopez', 'jiang31', 'mnharris', 'jjyoun', 'nkwolek', 'jon3153', 'tpour3491', 'jcmccorm', 'ychao', 'petermathias', 'mzwach', 'msathak', 'stkerr', 'matt_parker', 'kvogler', 'khaver', 'asahni', 'jengelbe', 'brangara', 'wtso', 'reckel', 'sdevoe', 'jmlindle', 'awlayton', 'pmoses', 'waseemkhoury', 'rjgarman', 'mlababid', 'rdpritch', 'rschuman', 'fiqbal91', 'adhirots', 'pg1646', 'nrobison', 'ahaberlein', 'cmottaz', 'ctaub', 'jgrivera', 'mwalders', 'mdeschne', 'jpatmast', 'lee439', 'ceverhar', 'patricklin', 'reaper117', 'cdewes229', 'yamisamo', 'lillylovebug', 'rsthomps', 'dougmoney', 'jschortg', 'bshutt', 'owensec', 'upandey', 'shreyan', 'jphunter', 'ryokubaka', 'dhancock', 'mjbuechl', 'sdang90', 'oghaisas', 'mplankey', 'bvoon', 'erkendall', 'alagneau', 'myokem', 'spudster', 'mihir14', 'wdu', 'steind', 'akiran', 'phillijn', 'twinget', 'tschreib', 'kakashow', 'kpetrucc', 'prabhu_m', 'doegerle', 'lee291', 'shicheng', 'tscheidl', 'wang391', 'slaurids', 'dhanahan', 'gmcnamer', 'cdoty', 'mjacobso', 'jasonholmes89', 'sfedro', 'colorfula', 'mpenderg', 'nrkeen', 'bsobecki', 'askumar', 'djrobles', 'cscripp', 'sbogensc', 'mpanzare', 'baharman', 'twildb00', 'bkhandag', 'mlovell']"
2,80,143,9,9,"['shicheng', 'phillijn', 'waseemkhoury', 'askumar', 'kakashow', 'akiran', 'shreyan', 'jphunter', 'jgrivera']",134,"['ltaylor', 'tydiercks', 'kperrin', 'jmulvain', 'crkidwel', 'mbroski', 'wright46', 'sufimazli90', 'amwhitne', 'chang71', 'yue0', 'robertra', 'jgiron', 'whess', 'jason89s', 'spensing', 'kskidmor', 'gmusyj', 'hsanghvi', 'ahmed11', 'djvarnau', 'cykim', 'mchuff', 'white73', 'jhuffaker', 'cpmalone', 'nhammel', 'bmccool', 'aphanse', 'cho72', 'tmbutler', 'tstrzele', 'haydenlee', 'brperry', 'mboudas', 'jaesungyoun', 'gjware', 'ctimko', 'pan3', 'dsabo', 'smyrick', 'jvclark', 'dlopez', 'jiang31', 'mnharris', 'jjyoun', 'nkwolek', 'jon3153', 'tpour3491', 'jcmccorm', 'ychao', 'petermathias', 'mzwach', 'msathak', 'stkerr', 'matt_parker', 'kvogler', 'khaver', 'asahni', 'jengelbe', 'brangara', 'wtso', 'reckel', 'sdevoe', 'jmlindle', 'awlayton', 'pmoses', 'rjgarman', 'mlababid', 'rdpritch', 'rschuman', 'fiqbal91', 'adhirots', 'pg1646', 'nrobison', 'ahaberlein', 'cmottaz', 'mwalders', 'mdeschne', 'jpatmast', 'lee439', 'ceverhar', 'patricklin', 'reaper117', 'cdewes229', 'yamisamo', 'lillylovebug', 'rsthomps', 'dougmoney', 'jschortg', 'bshutt', 'owensec', 'upandey', 'ryokubaka', 'dhancock', 'mjbuechl', 'sdang90', 'oghaisas', 'mplankey', 'bvoon', 'erkendall', 'alagneau', 'myokem', 'spudster', 'mihir14', 'wdu', 'steind', 'twinget', 'tschreib', 'kpetrucc', 'prabhu_m', 'doegerle', 'lee291', 'tscheidl', 'wang391', 'slaurids', 'dhanahan', 'gmcnamer', 'cdoty', 'mjacobso', 'jasonholmes89', 'sfedro', 'colorfula', 'mpenderg', 'nrkeen', 'bsobecki', 'djrobles', 'cscripp', 'sbogensc', 'mpanzare', 'baharman', 'twildb00', 'bkhandag', 'mlovell']",0,[],143,"['ltaylor', 'tydiercks', 'kperrin', 'jmulvain', 'crkidwel', 'mbroski', 'wright46', 'sufimazli90', 'amwhitne', 'chang71', 'yue0', 'robertra', 'jgiron', 'whess', 'jason89s', 'spensing', 'kskidmor', 'gmusyj', 'hsanghvi', 'ahmed11', 'djvarnau', 'cykim', 'mchuff', 'white73', 'jhuffaker', 'cpmalone', 'nhammel', 'bmccool', 'aphanse', 'cho72', 'tmbutler', 'tstrzele', 'haydenlee', 'brperry', 'mboudas', 'jaesungyoun', 'gjware', 'ctimko', 'pan3', 'dsabo', 'smyrick', 'jvclark', 'dlopez', 'jiang31', 'mnharris', 'jjyoun', 'nkwolek', 'jon3153', 'tpour3491', 'jcmccorm', 'ychao', 'petermathias', 'mzwach', 'msathak', 'stkerr', 'matt_parker', 'kvogler', 'khaver', 'asahni', 'jengelbe', 'brangara', 'wtso', 'reckel', 'sdevoe', 'jmlindle', 'awlayton', 'pmoses', 'waseemkhoury', 'rjgarman', 'mlababid', 'rdpritch', 'rschuman', 'fiqbal91', 'adhirots', 'pg1646', 'nrobison', 'ahaberlein', 'cmottaz', 'jgrivera', 'mwalders', 'mdeschne', 'jpatmast', 'lee439', 'ceverhar', 'patricklin', 'reaper117', 'cdewes229', 'yamisamo', 'lillylovebug', 'rsthomps', 'dougmoney', 'jschortg', 'bshutt', 'owensec', 'upandey', 'shreyan', 'jphunter', 'ryokubaka', 'dhancock', 'mjbuechl', 'sdang90', 'oghaisas', 'mplankey', 'bvoon', 'erkendall', 'alagneau', 'myokem', 'spudster', 'mihir14', 'wdu', 'steind', 'akiran', 'phillijn', 'twinget', 'tschreib', 'kakashow', 'kpetrucc', 'prabhu_m', 'doegerle', 'lee291', 'shicheng', 'tscheidl', 'wang391', 'slaurids', 'dhanahan', 'gmcnamer', 'cdoty', 'mjacobso', 'jasonholmes89', 'sfedro', 'colorfula', 'mpenderg', 'nrkeen', 'bsobecki', 'askumar', 'djrobles', 'cscripp', 'sbogensc', 'mpanzare', 'baharman', 'twildb00', 'bkhandag', 'mlovell']"
2,74,143,7,3,"['adhirots', 'wright46', 'fiqbal91']",140,"['ltaylor', 'tydiercks', 'kperrin', 'jmulvain', 'crkidwel', 'mbroski', 'sufimazli90', 'amwhitne', 'chang71', 'yue0', 'robertra', 'jgiron', 'whess', 'jason89s', 'spensing', 'kskidmor', 'gmusyj', 'hsanghvi', 'ahmed11', 'djvarnau', 'cykim', 'mchuff', 'white73', 'jhuffaker', 'cpmalone', 'nhammel', 'bmccool', 'aphanse', 'cho72', 'tmbutler', 'tstrzele', 'haydenlee', 'brperry', 'mboudas', 'jaesungyoun', 'gjware', 'ctimko', 'pan3', 'dsabo', 'smyrick', 'jvclark', 'dlopez', 'jiang31', 'mnharris', 'jjyoun', 'nkwolek', 'jon3153', 'tpour3491', 'jcmccorm', 'ychao', 'petermathias', 'mzwach', 'msathak', 'stkerr', 'matt_parker', 'kvogler', 'khaver', 'asahni', 'jengelbe', 'brangara', 'wtso', 'reckel', 'sdevoe', 'jmlindle', 'awlayton', 'pmoses', 'waseemkhoury', 'rjgarman', 'mlababid', 'rdpritch', 'rschuman', 'pg1646', 'nrobison', 'ahaberlein', 'cmottaz', 'jgrivera', 'mwalders', 'mdeschne', 'jpatmast', 'lee439', 'ceverhar', 'patricklin', 'reaper117', 'cdewes229', 'yamisamo', 'lillylovebug', 'rsthomps', 'dougmoney', 'jschortg', 'bshutt', 'owensec', 'upandey', 'shreyan', 'jphunter', 'ryokubaka', 'dhancock', 'mjbuechl', 'sdang90', 'oghaisas', 'mplankey', 'bvoon', 'erkendall', 'alagneau', 'myokem', 'spudster', 'mihir14', 'wdu', 'steind', 'akiran', 'phillijn', 'twinget', 'tschreib', 'kakashow', 'kpetrucc', 'prabhu_m', 'doegerle', 'lee291', 'shicheng', 'tscheidl', 'wang391', 'slaurids', 'dhanahan', 'gmcnamer', 'cdoty', 'mjacobso', 'jasonholmes89', 'sfedro', 'colorfula', 'mpenderg', 'nrkeen', 'bsobecki', 'askumar', 'djrobles', 'cscripp', 'sbogensc', 'mpanzare', 'baharman', 'twildb00', 'bkhandag', 'mlovell']",4,"['jlyeung', 'derialstrazus', 'pmarepal', 'awarsana']",147,"['ltaylor', 'tydiercks', 'kperrin', 'jmulvain', 'crkidwel', 'mbroski', 'wright46', 'sufimazli90', 'amwhitne', 'chang71', 'yue0', 'robertra', 'jgiron', 'whess', 'jason89s', 'spensing', 'kskidmor', 'gmusyj', 'hsanghvi', 'ahmed11', 'djvarnau', 'cykim', 'mchuff', 'white73', 'jhuffaker', 'cpmalone', 'nhammel', 'bmccool', 'aphanse', 'cho72', 'tmbutler', 'tstrzele', 'haydenlee', 'brperry', 'mboudas', 'jaesungyoun', 'gjware', 'ctimko', 'pan3', 'dsabo', 'smyrick', 'jvclark', 'dlopez', 'jiang31', 'mnharris', 'jjyoun', 'nkwolek', 'jon3153', 'tpour3491', 'jcmccorm', 'ychao', 'petermathias', 'mzwach', 'msathak', 'stkerr', 'matt_parker', 'kvogler', 'khaver', 'asahni', 'jengelbe', 'brangara', 'wtso', 'reckel', 'sdevoe', 'jmlindle', 'awlayton', 'pmoses', 'waseemkhoury', 'rjgarman', 'mlababid', 'rdpritch', 'rschuman', 'fiqbal91', 'adhirots', 'pg1646', 'nrobison', 'ahaberlein', 'cmottaz', 'jgrivera', 'mwalders', 'mdeschne', 'jpatmast', 'lee439', 'ceverhar', 'patricklin', 'reaper117', 'cdewes229', 'yamisamo', 'lillylovebug', 'rsthomps', 'dougmoney', 'jschortg', 'derialstrazus', 'bshutt', 'owensec', 'upandey', 'shreyan', 'jphunter', 'ryokubaka', 'dhancock', 'mjbuechl', 'sdang90', 'awarsana', 'oghaisas', 'mplankey', 'bvoon', 'erkendall', 'alagneau', 'myokem', 'jlyeung', 'spudster', 'mihir14', 'wdu', 'steind', 'akiran', 'phillijn', 'twinget', 'tschreib', 'kakashow', 'kpetrucc', 'prabhu_m', 'doegerle', 'pmarepal', 'lee291', 'shicheng', 'tscheidl', 'wang391', 'slaurids', 'dhanahan', 'gmcnamer', 'cdoty', 'mjacobso', 'jasonholmes89', 'sfedro', 'colorfula', 'mpenderg', 'nrkeen', 'bsobecki', 'askumar', 'djrobles', 'cscripp', 'sbogensc', 'mpanzare', 'baharman', 'twildb00', 'bkhandag', 'mlovell']"
2,78,143,7,6,"['phillijn', 'colorfula', 'spudster', 'jvclark', 'nrobison', 'jgrivera']",137,"['ltaylor', 'tydiercks', 'kperrin', 'jmulvain', 'crkidwel', 'mbroski', 'wright46', 'sufimazli90', 'amwhitne', 'chang71', 'yue0', 'robertra', 'jgiron', 'whess', 'jason89s', 'spensing', 'kskidmor', 'gmusyj', 'hsanghvi', 'ahmed11', 'djvarnau', 'cykim', 'mchuff', 'white73', 'jhuffaker', 'cpmalone', 'nhammel', 'bmccool', 'aphanse', 'cho72', 'tmbutler', 'tstrzele', 'haydenlee', 'brperry', 'mboudas', 'jaesungyoun', 'gjware', 'ctimko', 'pan3', 'dsabo', 'smyrick', 'dlopez', 'jiang31', 'mnharris', 'jjyoun', 'nkwolek', 'jon3153', 'tpour3491', 'jcmccorm', 'ychao', 'petermathias', 'mzwach', 'msathak', 'stkerr', 'matt_parker', 'kvogler', 'khaver', 'asahni', 'jengelbe', 'brangara', 'wtso', 'reckel', 'sdevoe', 'jmlindle', 'awlayton', 'pmoses', 'waseemkhoury', 'rjgarman', 'mlababid', 'rdpritch', 'rschuman', 'fiqbal91', 'adhirots', 'pg1646', 'ahaberlein', 'cmottaz', 'mwalders', 'mdeschne', 'jpatmast', 'lee439', 'ceverhar', 'patricklin', 'reaper117', 'cdewes229', 'yamisamo', 'lillylovebug', 'rsthomps', 'dougmoney', 'jschortg', 'bshutt', 'owensec', 'upandey', 'shreyan', 'jphunter', 'ryokubaka', 'dhancock', 'mjbuechl', 'sdang90', 'oghaisas', 'mplankey', 'bvoon', 'erkendall', 'alagneau', 'myokem', 'mihir14', 'wdu', 'steind', 'akiran', 'twinget', 'tschreib', 'kakashow', 'kpetrucc', 'prabhu_m', 'doegerle', 'lee291', 'shicheng', 'tscheidl', 'wang391', 'slaurids', 'dhanahan', 'gmcnamer', 'cdoty', 'mjacobso', 'jasonholmes89', 'sfedro', 'mpenderg', 'nrkeen', 'bsobecki', 'askumar', 'djrobles', 'cscripp', 'sbogensc', 'mpanzare', 'baharman', 'twildb00', 'bkhandag', 'mlovell']",1,['awarsana'],144,"['ltaylor', 'tydiercks', 'kperrin', 'jmulvain', 'crkidwel', 'mbroski', 'wright46', 'sufimazli90', 'amwhitne', 'chang71', 'yue0', 'robertra', 'jgiron', 'whess', 'jason89s', 'spensing', 'kskidmor', 'gmusyj', 'hsanghvi', 'ahmed11', 'djvarnau', 'cykim', 'mchuff', 'white73', 'jhuffaker', 'cpmalone', 'nhammel', 'bmccool', 'aphanse', 'cho72', 'tmbutler', 'tstrzele', 'haydenlee', 'brperry', 'mboudas', 'jaesungyoun', 'gjware', 'ctimko', 'pan3', 'dsabo', 'smyrick', 'jvclark', 'dlopez', 'jiang31', 'mnharris', 'jjyoun', 'nkwolek', 'jon3153', 'tpour3491', 'jcmccorm', 'ychao', 'petermathias', 'mzwach', 'msathak', 'stkerr', 'matt_parker', 'kvogler', 'khaver', 'asahni', 'jengelbe', 'brangara', 'wtso', 'reckel', 'sdevoe', 'jmlindle', 'awlayton', 'pmoses', 'waseemkhoury', 'rjgarman', 'mlababid', 'rdpritch', 'rschuman', 'fiqbal91', 'adhirots', 'pg1646', 'nrobison', 'ahaberlein', 'cmottaz', 'jgrivera', 'mwalders', 'mdeschne', 'jpatmast', 'lee439', 'ceverhar', 'patricklin', 'reaper117', 'cdewes229', 'yamisamo', 'lillylovebug', 'rsthomps', 'dougmoney', 'jschortg', 'bshutt', 'owensec', 'upandey', 'shreyan', 'jphunter', 'ryokubaka', 'dhancock', 'mjbuechl', 'sdang90', 'awarsana', 'oghaisas', 'mplankey', 'bvoon', 'erkendall', 'alagneau', 'myokem', 'spudster', 'mihir14', 'wdu', 'steind', 'akiran', 'phillijn', 'twinget', 'tschreib', 'kakashow', 'kpetrucc', 'prabhu_m', 'doegerle', 'lee291', 'shicheng', 'tscheidl', 'wang391', 'slaurids', 'dhanahan', 'gmcnamer', 'cdoty', 'mjacobso', 'jasonholmes89', 'sfedro', 'colorfula', 'mpenderg', 'nrkeen', 'bsobecki', 'askumar', 'djrobles', 'cscripp', 'sbogensc', 'mpanzare', 'baharman', 'twildb00', 'bkhandag', 'mlovell']"
3,29,121,112,96,"['anwen', 'gmeyer3', 'motoki1', 'sskim20', 'freddycheu', 'resquiv', 'zumbahl1', 'jruzic2', 'jiangj001', 'nitramzero', 'tdburks2', 'timespectrum', 'swieren1', 'kkroege2', 'khapp', 'hchoi32', 'capmaster', 'ass1085', 'chau5', 'yeunkim2', 'mmccorm3', 'rskirby2', 'sgopal4', 'gsvenni2', 'hfederm2', 'juan1', 'limpgopher88', 'mlee71', 'rusev1', 'tianhu2', 'aldirin1', 'sjhseraph', 's0undfl0w', 'kodark', 'earlgrey', 'lsomeel41', 'xliu34', 'charishma', 'mbianchi', 'johnseo2', 'japheth', 'intrimind', 'han23', 'hochan5', 'rbhojwa2', 'grillz58', 'vali0227', 'sshiffe2', 'pifactorial', 'cgarner3', 'bcerier2', 'fonkafno', 'crptone', 'wangwei420', 'chang87', 'choi129', 'sbhaler2', 'panoramarts', 'lionelmoh', 'rusiana2', 'xhuang25', 'wu14', 'ewood8806', 'smustaf2', 'mstrom', 'cming2', 'acedamace', 'akong2', 'mrbrightside695', 'dnshah2', 'liu181', 'echavez3', 'liao27', 'cloud1', 'afromaniac', 'burgner2', 'ddaza2', 'dharmaturtle', 'mjermann', 'tehmonk', 'mtrower2', 'canandagdeviren', 'spadoni2', 'jtolar', 'kboger2', 'niemerg1', 'nayak2', 'mkoh', 'ebecker', 'joejsheehan', 'shaofu88', 'jbae5', 'resquiv2', 'nbisby2', 'ctribout', 'meliu2']",25,"['xunjian', 'klinga88', 'pmartin8', 'agibson', 'edward31', 'bfogel2', 'dstamat2', 'jwester3', 'lanhuo1986', 'tstilz', 'yichenusa', 'kdearnl2', 'swimjade', 'jstrack2', 'manasgartia', 'wkelleh2', 'nbhagat2', 'johan1', 'atseng3', 'driscoll42', 'thunghan', 'dlowry2', 'slhertz', 'mmadeja2', 'amedske2']",16,"['nikhrmn', 'nawaz', 'wfergus2', 'yangzhao', 'yhuang38', 'kgrosse2', 'flian2', 'ucabraal', 'dhabes2', 'larsgtb', 'mkurows2', 'liuximeng25', 'rasilva2', 'ntweidman', 'skysky333333', 'fox6606']",137,"['anwen', 'dhabes2', 'rasilva2', 'gmeyer3', 'motoki1', 'yhuang38', 'bfogel2', 'sskim20', 'mkurows2', 'freddycheu', 'jwester3', 'resquiv', 'zumbahl1', 'jiangj001', 'jruzic2', 'kdearnl2', 'nitramzero', 'tdburks2', 'timespectrum', 'swieren1', 'kkroege2', 'khapp', 'hchoi32', 'flian2', 'capmaster', 'chau5', 'ass1085', 'yeunkim2', 'ucabraal', 'mmccorm3', 'liuximeng25', 'slhertz', 'fox6606', 'rskirby2', 'sgopal4', 'gsvenni2', 'hfederm2', 'juan1', 'xunjian', 'mlee71', 'limpgopher88', 'rusev1', 'tianhu2', 'aldirin1', 'sjhseraph', 's0undfl0w', 'dstamat2', 'kodark', 'earlgrey', 'xliu34', 'lsomeel41', 'mbianchi', 'charishma', 'nawaz', 'johnseo2', 'lanhuo1986', 'japheth', 'intrimind', 'wkelleh2', 'nikhrmn', 'wfergus2', 'hochan5', 'han23', 'driscoll42', 'thunghan', 'dlowry2', 'rbhojwa2', 'grillz58', 'vali0227', 'sshiffe2', 'pifactorial', 'cgarner3', 'bcerier2', 'fonkafno', 'pmartin8', 'crptone', 'wangwei420', 'agibson', 'edward31', 'kgrosse2', 'chang87', 'choi129', 'sbhaler2', 'panoramarts', 'lionelmoh', 'rusiana2', 'xhuang25', 'wu14', 'larsgtb', 'ewood8806', 'smustaf2', 'nbhagat2', 'mstrom', 'johan1', 'cming2', 'acedamace', 'akong2', 'mrbrightside695', 'dnshah2', 'liu181', 'echavez3', 'liao27', 'cloud1', 'afromaniac', 'burgner2', 'ddaza2', 'dharmaturtle', 'mjermann', 'tehmonk', 'mtrower2', 'canandagdeviren', 'klinga88', 'spadoni2', 'jtolar', 'kboger2', 'niemerg1', 'nayak2', 'ntweidman', 'mkoh', 'joejsheehan', 'ebecker', 'shaofu88', 'jbae5', 'tstilz', 'yichenusa', 'resquiv2', 'swimjade', 'nbisby2', 'jstrack2', 'ctribout', 'manasgartia', 'meliu2', 'atseng3', 'yangzhao', 'skysky333333', 'mmadeja2', 'amedske2']"
3,41,121,95,84,"['motoki1', 'sskim20', 'resquiv', 'zumbahl1', 'jiangj001', 'kdearnl2', 'timespectrum', 'swieren1', 'khapp', 'hchoi32', 'capmaster', 'ass1085', 'chau5', 'yeunkim2', 'rskirby2', 'sgopal4', 'gsvenni2', 'hfederm2', 'juan1', 'xunjian', 'mlee71', 'rusev1', 'tianhu2', 'dstamat2', 'kodark', 'earlgrey', 'johnseo2', 'japheth', 'intrimind', 'hochan5', 'rbhojwa2', 'sshiffe2', 'cgarner3', 'bcerier2', 'crptone', 'wangwei420', 'agibson', 'edward31', 'chang87', 'choi129', 'sbhaler2', 'panoramarts', 'rusiana2', 'xhuang25', 'wu14', 'ewood8806', 'smustaf2', 'mstrom', 'johan1', 'cming2', 'akong2', 'mrbrightside695', 'dnshah2', 'liu181', 'echavez3', 'liao27', 'cloud1', 'afromaniac', 'burgner2', 'ddaza2', 'dharmaturtle', 'mjermann', 'tehmonk', 'mtrower2', 'canandagdeviren', 'klinga88', 'spadoni2', 'jtolar', 'kboger2', 'niemerg1', 'nayak2', 'mkoh', 'ebecker', 'joejsheehan', 'jbae5', 'tstilz', 'yichenusa', 'resquiv2', 'nbisby2', 'jstrack2', 'manasgartia', 'meliu2', 'atseng3', 'mmadeja2']",37,"['pifactorial', 'anwen', 'fonkafno', 'limpgopher88', 'aldirin1', 'pmartin8', 'gmeyer3', 'sjhseraph', 's0undfl0w', 'bfogel2', 'xliu34', 'freddycheu', 'jwester3', 'charishma', 'mbianchi', 'lsomeel41', 'shaofu88', 'lanhuo1986', 'jruzic2', 'lionelmoh', 'nitramzero', 'swimjade', 'tdburks2', 'ctribout', 'wkelleh2', 'nbhagat2', 'kkroege2', 'han23', 'driscoll42', 'acedamace', 'thunghan', 'dlowry2', 'grillz58', 'mmccorm3', 'slhertz', 'vali0227', 'amedske2']",11,"['nawaz', 'kgrosse2', 'flian2', 'dhabes2', 'larsgtb', 'caromu', 'rasilva2', 'beminor2', 'skysky333333', 'fox6606', 'mohamed']",132,"['anwen', 'dhabes2', 'rasilva2', 'gmeyer3', 'motoki1', 'bfogel2', 'sskim20', 'freddycheu', 'jwester3', 'resquiv', 'zumbahl1', 'jiangj001', 'jruzic2', 'kdearnl2', 'nitramzero', 'beminor2', 'tdburks2', 'timespectrum', 'swieren1', 'kkroege2', 'khapp', 'hchoi32', 'flian2', 'capmaster', 'chau5', 'ass1085', 'yeunkim2', 'mmccorm3', 'slhertz', 'fox6606', 'rskirby2', 'sgopal4', 'gsvenni2', 'hfederm2', 'juan1', 'xunjian', 'mlee71', 'limpgopher88', 'rusev1', 'tianhu2', 'aldirin1', 'sjhseraph', 's0undfl0w', 'dstamat2', 'kodark', 'earlgrey', 'xliu34', 'lsomeel41', 'mbianchi', 'charishma', 'nawaz', 'johnseo2', 'lanhuo1986', 'japheth', 'intrimind', 'wkelleh2', 'hochan5', 'han23', 'driscoll42', 'thunghan', 'dlowry2', 'rbhojwa2', 'grillz58', 'caromu', 'vali0227', 'sshiffe2', 'pifactorial', 'cgarner3', 'bcerier2', 'fonkafno', 'pmartin8', 'crptone', 'wangwei420', 'agibson', 'edward31', 'kgrosse2', 'chang87', 'choi129', 'sbhaler2', 'panoramarts', 'mohamed', 'lionelmoh', 'rusiana2', 'xhuang25', 'wu14', 'larsgtb', 'ewood8806', 'smustaf2', 'nbhagat2', 'mstrom', 'johan1', 'cming2', 'acedamace', 'akong2', 'mrbrightside695', 'dnshah2', 'liu181', 'echavez3', 'liao27', 'cloud1', 'afromaniac', 'burgner2', 'ddaza2', 'dharmaturtle', 'mjermann', 'tehmonk', 'mtrower2', 'canandagdeviren', 'klinga88', 'spadoni2', 'jtolar', 'kboger2', 'niemerg1', 'nayak2', 'mkoh', 'joejsheehan', 'ebecker', 'shaofu88', 'jbae5', 'tstilz', 'yichenusa', 'resquiv2', 'swimjade', 'nbisby2', 'jstrack2', 'ctribout', 'manasgartia', 'meliu2', 'atseng3', 'skysky333333', 'mmadeja2', 'amedske2']"
3,26,121,78,70,"['sshiffe2', 'cloud1', 'rskirby2', 'cgarner3', 'gsvenni2', 'burgner2', 'ddaza2', 'bcerier2', 'hfederm2', 'juan1', 'dharmaturtle', 'mjermann', 'mlee71', 'canandagdeviren', 'rusev1', 'spadoni2', 'crptone', 'wangwei420', 'gmeyer3', 'motoki1', 'sjhseraph', 'edward31', 'kodark', 'sskim20', 'chang87', 'kboger2', 'niemerg1', 'nayak2', 'freddycheu', 'mkoh', 'charishma', 'ebecker', 'joejsheehan', 'johnseo2', 'panoramarts', 'jbae5', 'resquiv', 'zumbahl1', 'japheth', 'jruzic2', 'jiangj001', 'lionelmoh', 'kdearnl2', 'xhuang25', 'nitramzero', 'wu14', 'ewood8806', 'nbisby2', 'intrimind', 'meliu2', 'wkelleh2', 'kkroege2', 'mstrom', 'johan1', 'han23', 'hochan5', 'cming2', 'capmaster', 'ass1085', 'chau5', 'yeunkim2', 'akong2', 'mrbrightside695', 'mmccorm3', 'vali0227', 'liu181', 'echavez3', 'liao27', 'mmadeja2', 'amedske2']",51,"['sgopal4', 'pifactorial', 'afromaniac', 'anwen', 'fonkafno', 'tehmonk', 'xunjian', 'mtrower2', 'limpgopher88', 'tianhu2', 'klinga88', 'jtolar', 'aldirin1', 'pmartin8', 'agibson', 's0undfl0w', 'bfogel2', 'dstamat2', 'earlgrey', 'xliu34', 'jwester3', 'lsomeel41', 'mbianchi', 'choi129', 'sbhaler2', 'shaofu88', 'lanhuo1986', 'tstilz', 'yichenusa', 'resquiv2', 'rusiana2', 'swimjade', 'tdburks2', 'smustaf2', 'jstrack2', 'ctribout', 'timespectrum', 'manasgartia', 'swieren1', 'nbhagat2', 'khapp', 'atseng3', 'driscoll42', 'acedamace', 'hchoi32', 'thunghan', 'dlowry2', 'rbhojwa2', 'grillz58', 'slhertz', 'dnshah2']",8,"['kgrosse2', 'ucabraal', 'flian2', 'kkoeste2', 'ahnkang2', 'larsgtb', 'skysky333333', 'nawaz']",129,"['anwen', 'kkoeste2', 'ahnkang2', 'gmeyer3', 'motoki1', 'bfogel2', 'sskim20', 'freddycheu', 'jwester3', 'resquiv', 'zumbahl1', 'jiangj001', 'jruzic2', 'kdearnl2', 'nitramzero', 'tdburks2', 'timespectrum', 'swieren1', 'kkroege2', 'khapp', 'hchoi32', 'flian2', 'capmaster', 'chau5', 'ass1085', 'yeunkim2', 'ucabraal', 'mmccorm3', 'slhertz', 'rskirby2', 'sgopal4', 'gsvenni2', 'hfederm2', 'juan1', 'xunjian', 'mlee71', 'limpgopher88', 'rusev1', 'tianhu2', 'aldirin1', 'sjhseraph', 's0undfl0w', 'dstamat2', 'kodark', 'earlgrey', 'xliu34', 'lsomeel41', 'mbianchi', 'charishma', 'nawaz', 'johnseo2', 'lanhuo1986', 'japheth', 'intrimind', 'wkelleh2', 'hochan5', 'han23', 'driscoll42', 'thunghan', 'dlowry2', 'rbhojwa2', 'grillz58', 'vali0227', 'sshiffe2', 'pifactorial', 'cgarner3', 'bcerier2', 'fonkafno', 'pmartin8', 'crptone', 'wangwei420', 'agibson', 'edward31', 'kgrosse2', 'chang87', 'choi129', 'sbhaler2', 'panoramarts', 'lionelmoh', 'rusiana2', 'xhuang25', 'wu14', 'larsgtb', 'ewood8806', 'smustaf2', 'nbhagat2', 'mstrom', 'johan1', 'cming2', 'acedamace', 'akong2', 'mrbrightside695', 'dnshah2', 'liu181', 'echavez3', 'liao27', 'cloud1', 'afromaniac', 'burgner2', 'ddaza2', 'dharmaturtle', 'mjermann', 'tehmonk', 'mtrower2', 'canandagdeviren', 'klinga88', 'spadoni2', 'jtolar', 'kboger2', 'niemerg1', 'nayak2', 'mkoh', 'joejsheehan', 'ebecker', 'shaofu88', 'jbae5', 'tstilz', 'yichenusa', 'resquiv2', 'swimjade', 'nbisby2', 'jstrack2', 'ctribout', 'manasgartia', 'meliu2', 'atseng3', 'skysky333333', 'mmadeja2', 'amedske2']"
3,30,121,49,43,"['afromaniac', 'pifactorial', 'ddaza2', 'burgner2', 'mjermann', 'jtolar', 'gmeyer3', 'bfogel2', 'dstamat2', 'earlgrey', 'lsomeel41', 'jwester3', 'freddycheu', 'charishma', 'sbhaler2', 'xliu34', 'mbianchi', 'choi129', 'lanhuo1986', 'tstilz', 'jruzic2', 'lionelmoh', 'resquiv2', 'kdearnl2', 'swimjade', 'nitramzero', 'nbisby2', 'intrimind', 'jstrack2', 'ctribout', 'timespectrum', 'wkelleh2', 'nbhagat2', 'kkroege2', 'johan1', 'acedamace', 'yeunkim2', 'thunghan', 'grillz58', 'mmccorm3', 'dlowry2', 'slhertz', 'dnshah2']",78,"['anwen', 'motoki1', 'sskim20', 'resquiv', 'zumbahl1', 'jiangj001', 'tdburks2', 'swieren1', 'khapp', 'hchoi32', 'capmaster', 'chau5', 'ass1085', 'rskirby2', 'sgopal4', 'gsvenni2', 'hfederm2', 'juan1', 'xunjian', 'mlee71', 'limpgopher88', 'rusev1', 'tianhu2', 'aldirin1', 'sjhseraph', 's0undfl0w', 'kodark', 'johnseo2', 'japheth', 'hochan5', 'han23', 'driscoll42', 'rbhojwa2', 'vali0227', 'sshiffe2', 'cgarner3', 'bcerier2', 'fonkafno', 'pmartin8', 'crptone', 'wangwei420', 'agibson', 'edward31', 'chang87', 'panoramarts', 'rusiana2', 'xhuang25', 'wu14', 'ewood8806', 'smustaf2', 'mstrom', 'cming2', 'akong2', 'mrbrightside695', 'liu181', 'echavez3', 'liao27', 'cloud1', 'dharmaturtle', 'tehmonk', 'mtrower2', 'canandagdeviren', 'klinga88', 'spadoni2', 'kboger2', 'niemerg1', 'nayak2', 'mkoh', 'joejsheehan', 'ebecker', 'shaofu88', 'jbae5', 'yichenusa', 'manasgartia', 'meliu2', 'atseng3', 'mmadeja2', 'amedske2']",6,"['nikhrmn', 'wfergus2', 'kkoeste2', 'flian2', 'mkurows2', 'eluminite']",127,"['anwen', 'kkoeste2', 'gmeyer3', 'motoki1', 'bfogel2', 'sskim20', 'mkurows2', 'freddycheu', 'jwester3', 'resquiv', 'zumbahl1', 'jiangj001', 'jruzic2', 'kdearnl2', 'nitramzero', 'tdburks2', 'timespectrum', 'swieren1', 'kkroege2', 'khapp', 'hchoi32', 'flian2', 'capmaster', 'chau5', 'ass1085', 'yeunkim2', 'mmccorm3', 'slhertz', 'eluminite', 'rskirby2', 'sgopal4', 'gsvenni2', 'hfederm2', 'juan1', 'xunjian', 'mlee71', 'limpgopher88', 'rusev1', 'tianhu2', 'aldirin1', 'sjhseraph', 's0undfl0w', 'dstamat2', 'kodark', 'earlgrey', 'xliu34', 'lsomeel41', 'mbianchi', 'charishma', 'johnseo2', 'lanhuo1986', 'japheth', 'intrimind', 'wkelleh2', 'nikhrmn', 'wfergus2', 'hochan5', 'han23', 'driscoll42', 'thunghan', 'dlowry2', 'rbhojwa2', 'grillz58', 'vali0227', 'sshiffe2', 'pifactorial', 'cgarner3', 'bcerier2', 'fonkafno', 'pmartin8', 'crptone', 'wangwei420', 'agibson', 'edward31', 'chang87', 'choi129', 'sbhaler2', 'panoramarts', 'lionelmoh', 'rusiana2', 'xhuang25', 'wu14', 'ewood8806', 'smustaf2', 'nbhagat2', 'mstrom', 'johan1', 'cming2', 'acedamace', 'akong2', 'mrbrightside695', 'dnshah2', 'liu181', 'echavez3', 'liao27', 'cloud1', 'afromaniac', 'burgner2', 'ddaza2', 'dharmaturtle', 'mjermann', 'tehmonk', 'mtrower2', 'canandagdeviren', 'klinga88', 'spadoni2', 'jtolar', 'kboger2', 'niemerg1', 'nayak2', 'mkoh', 'joejsheehan', 'ebecker', 'shaofu88', 'jbae5', 'tstilz', 'yichenusa', 'resquiv2', 'swimjade', 'nbisby2', 'jstrack2', 'ctribout', 'manasgartia', 'meliu2', 'atseng3', 'mmadeja2', 'amedske2']"
3,25,121,23,20,"['afromaniac', 'bfogel2', 'dstamat2', 'earlgrey', 'lsomeel41', 'sbhaler2', 'jwester3', 'xliu34', 'choi129', 'lanhuo1986', 'tstilz', 'lionelmoh', 'nitramzero', 'swimjade', 'timespectrum', 'acedamace', 'dlowry2', 'thunghan', 'slhertz', 'dnshah2']",101,"['sshiffe2', 'pifactorial', 'cgarner3', 'anwen', 'bcerier2', 'fonkafno', 'pmartin8', 'crptone', 'wangwei420', 'gmeyer3', 'motoki1', 'agibson', 'edward31', 'sskim20', 'chang87', 'freddycheu', 'panoramarts', 'resquiv', 'zumbahl1', 'jiangj001', 'jruzic2', 'rusiana2', 'kdearnl2', 'xhuang25', 'wu14', 'ewood8806', 'tdburks2', 'smustaf2', 'swieren1', 'nbhagat2', 'kkroege2', 'mstrom', 'johan1', 'khapp', 'cming2', 'hchoi32', 'capmaster', 'chau5', 'ass1085', 'yeunkim2', 'akong2', 'mrbrightside695', 'mmccorm3', 'liu181', 'echavez3', 'liao27', 'cloud1', 'rskirby2', 'sgopal4', 'gsvenni2', 'burgner2', 'ddaza2', 'hfederm2', 'juan1', 'dharmaturtle', 'mjermann', 'tehmonk', 'xunjian', 'mtrower2', 'mlee71', 'limpgopher88', 'rusev1', 'tianhu2', 'canandagdeviren', 'klinga88', 'spadoni2', 'aldirin1', 'jtolar', 'sjhseraph', 's0undfl0w', 'kodark', 'kboger2', 'niemerg1', 'nayak2', 'mkoh', 'mbianchi', 'charishma', 'joejsheehan', 'ebecker', 'johnseo2', 'shaofu88', 'jbae5', 'japheth', 'yichenusa', 'resquiv2', 'nbisby2', 'intrimind', 'jstrack2', 'ctribout', 'manasgartia', 'meliu2', 'wkelleh2', 'hochan5', 'han23', 'driscoll42', 'atseng3', 'rbhojwa2', 'grillz58', 'vali0227', 'mmadeja2', 'amedske2']",3,"['flian2', 'mkurows2', 'wfergus2']",124,"['sshiffe2', 'pifactorial', 'cgarner3', 'anwen', 'bcerier2', 'fonkafno', 'pmartin8', 'crptone', 'wangwei420', 'gmeyer3', 'motoki1', 'agibson', 'edward31', 'bfogel2', 'sskim20', 'chang87', 'mkurows2', 'freddycheu', 'jwester3', 'choi129', 'sbhaler2', 'panoramarts', 'resquiv', 'zumbahl1', 'jiangj001', 'jruzic2', 'lionelmoh', 'rusiana2', 'kdearnl2', 'xhuang25', 'nitramzero', 'wu14', 'ewood8806', 'tdburks2', 'smustaf2', 'timespectrum', 'swieren1', 'nbhagat2', 'kkroege2', 'mstrom', 'johan1', 'khapp', 'cming2', 'acedamace', 'hchoi32', 'flian2', 'capmaster', 'chau5', 'ass1085', 'yeunkim2', 'akong2', 'mrbrightside695', 'mmccorm3', 'slhertz', 'dnshah2', 'liu181', 'echavez3', 'liao27', 'cloud1', 'rskirby2', 'sgopal4', 'afromaniac', 'gsvenni2', 'burgner2', 'ddaza2', 'hfederm2', 'juan1', 'dharmaturtle', 'mjermann', 'tehmonk', 'xunjian', 'mtrower2', 'mlee71', 'limpgopher88', 'rusev1', 'tianhu2', 'canandagdeviren', 'klinga88', 'spadoni2', 'aldirin1', 'jtolar', 'sjhseraph', 's0undfl0w', 'dstamat2', 'kodark', 'earlgrey', 'kboger2', 'niemerg1', 'nayak2', 'xliu34', 'lsomeel41', 'mkoh', 'mbianchi', 'charishma', 'joejsheehan', 'ebecker', 'johnseo2', 'shaofu88', 'jbae5', 'lanhuo1986', 'japheth', 'tstilz', 'yichenusa', 'resquiv2', 'swimjade', 'nbisby2', 'intrimind', 'jstrack2', 'ctribout', 'manasgartia', 'meliu2', 'wkelleh2', 'wfergus2', 'hochan5', 'han23', 'driscoll42', 'atseng3', 'thunghan', 'dlowry2', 'rbhojwa2', 'grillz58', 'vali0227', 'mmadeja2', 'amedske2']"
3,27,121,8,7,"['aldirin1', 'khapp', 'cming2', 'wu14', 'dharmaturtle', 'mtrower2', 'swieren1']",114,"['sshiffe2', 'pifactorial', 'cgarner3', 'anwen', 'bcerier2', 'fonkafno', 'pmartin8', 'crptone', 'wangwei420', 'gmeyer3', 'motoki1', 'agibson', 'edward31', 'bfogel2', 'sskim20', 'chang87', 'freddycheu', 'jwester3', 'choi129', 'sbhaler2', 'panoramarts', 'resquiv', 'zumbahl1', 'jiangj001', 'jruzic2', 'lionelmoh', 'rusiana2', 'kdearnl2', 'xhuang25', 'nitramzero', 'ewood8806', 'tdburks2', 'smustaf2', 'timespectrum', 'nbhagat2', 'kkroege2', 'mstrom', 'johan1', 'acedamace', 'hchoi32', 'capmaster', 'chau5', 'ass1085', 'yeunkim2', 'akong2', 'mrbrightside695', 'mmccorm3', 'slhertz', 'dnshah2', 'liu181', 'echavez3', 'liao27', 'cloud1', 'rskirby2', 'sgopal4', 'afromaniac', 'gsvenni2', 'burgner2', 'ddaza2', 'hfederm2', 'juan1', 'mjermann', 'tehmonk', 'xunjian', 'mlee71', 'limpgopher88', 'rusev1', 'tianhu2', 'canandagdeviren', 'klinga88', 'spadoni2', 'jtolar', 'sjhseraph', 's0undfl0w', 'dstamat2', 'kodark', 'earlgrey', 'kboger2', 'niemerg1', 'nayak2', 'xliu34', 'lsomeel41', 'mkoh', 'mbianchi', 'charishma', 'joejsheehan', 'ebecker', 'johnseo2', 'shaofu88', 'jbae5', 'lanhuo1986', 'japheth', 'tstilz', 'yichenusa', 'resquiv2', 'swimjade', 'nbisby2', 'intrimind', 'jstrack2', 'ctribout', 'manasgartia', 'meliu2', 'wkelleh2', 'hochan5', 'han23', 'driscoll42', 'atseng3', 'thunghan', 'dlowry2', 'rbhojwa2', 'grillz58', 'vali0227', 'mmadeja2', 'amedske2']",1,['flian2'],122,"['sshiffe2', 'pifactorial', 'cgarner3', 'anwen', 'bcerier2', 'fonkafno', 'pmartin8', 'crptone', 'wangwei420', 'gmeyer3', 'motoki1', 'agibson', 'edward31', 'bfogel2', 'sskim20', 'chang87', 'freddycheu', 'jwester3', 'choi129', 'sbhaler2', 'panoramarts', 'resquiv', 'zumbahl1', 'jiangj001', 'jruzic2', 'lionelmoh', 'rusiana2', 'kdearnl2', 'xhuang25', 'nitramzero', 'wu14', 'ewood8806', 'tdburks2', 'smustaf2', 'timespectrum', 'swieren1', 'nbhagat2', 'kkroege2', 'mstrom', 'johan1', 'khapp', 'cming2', 'acedamace', 'hchoi32', 'flian2', 'capmaster', 'chau5', 'ass1085', 'yeunkim2', 'akong2', 'mrbrightside695', 'mmccorm3', 'slhertz', 'dnshah2', 'liu181', 'echavez3', 'liao27', 'cloud1', 'rskirby2', 'sgopal4', 'afromaniac', 'gsvenni2', 'burgner2', 'ddaza2', 'hfederm2', 'juan1', 'dharmaturtle', 'mjermann', 'tehmonk', 'xunjian', 'mtrower2', 'mlee71', 'limpgopher88', 'rusev1', 'tianhu2', 'canandagdeviren', 'klinga88', 'spadoni2', 'aldirin1', 'jtolar', 'sjhseraph', 's0undfl0w', 'dstamat2', 'kodark', 'earlgrey', 'kboger2', 'niemerg1', 'nayak2', 'xliu34', 'lsomeel41', 'mkoh', 'mbianchi', 'charishma', 'joejsheehan', 'ebecker', 'johnseo2', 'shaofu88', 'jbae5', 'lanhuo1986', 'japheth', 'tstilz', 'yichenusa', 'resquiv2', 'swimjade', 'nbisby2', 'intrimind', 'jstrack2', 'ctribout', 'manasgartia', 'meliu2', 'wkelleh2', 'hochan5', 'han23', 'driscoll42', 'atseng3', 'thunghan', 'dlowry2', 'rbhojwa2', 'grillz58', 'vali0227', 'mmadeja2', 'amedske2']"
3,28,121,8,7,"['johan1', 's0undfl0w', 'ddaza2', 'fonkafno', 'mjermann', 'tdburks2', 'ctribout']",114,"['sshiffe2', 'pifactorial', 'cgarner3', 'anwen', 'bcerier2', 'pmartin8', 'crptone', 'wangwei420', 'gmeyer3', 'motoki1', 'agibson', 'edward31', 'bfogel2', 'sskim20', 'chang87', 'freddycheu', 'jwester3', 'choi129', 'sbhaler2', 'panoramarts', 'resquiv', 'zumbahl1', 'jiangj001', 'jruzic2', 'lionelmoh', 'rusiana2', 'kdearnl2', 'xhuang25', 'nitramzero', 'wu14', 'ewood8806', 'smustaf2', 'timespectrum', 'swieren1', 'nbhagat2', 'kkroege2', 'mstrom', 'khapp', 'cming2', 'acedamace', 'hchoi32', 'capmaster', 'chau5', 'ass1085', 'yeunkim2', 'akong2', 'mrbrightside695', 'mmccorm3', 'slhertz', 'dnshah2', 'liu181', 'echavez3', 'liao27', 'cloud1', 'rskirby2', 'sgopal4', 'afromaniac', 'gsvenni2', 'burgner2', 'hfederm2', 'juan1', 'dharmaturtle', 'tehmonk', 'xunjian', 'mtrower2', 'mlee71', 'limpgopher88', 'rusev1', 'tianhu2', 'canandagdeviren', 'klinga88', 'spadoni2', 'aldirin1', 'jtolar', 'sjhseraph', 'dstamat2', 'kodark', 'earlgrey', 'kboger2', 'niemerg1', 'nayak2', 'xliu34', 'lsomeel41', 'mkoh', 'mbianchi', 'charishma', 'joejsheehan', 'ebecker', 'johnseo2', 'shaofu88', 'jbae5', 'lanhuo1986', 'japheth', 'tstilz', 'yichenusa', 'resquiv2', 'swimjade', 'nbisby2', 'intrimind', 'jstrack2', 'manasgartia', 'meliu2', 'wkelleh2', 'hochan5', 'han23', 'driscoll42', 'atseng3', 'thunghan', 'dlowry2', 'rbhojwa2', 'grillz58', 'vali0227', 'mmadeja2', 'amedske2']",1,['fox6606'],122,"['sshiffe2', 'pifactorial', 'cgarner3', 'anwen', 'bcerier2', 'fonkafno', 'pmartin8', 'crptone', 'wangwei420', 'gmeyer3', 'motoki1', 'agibson', 'edward31', 'bfogel2', 'sskim20', 'chang87', 'freddycheu', 'jwester3', 'choi129', 'sbhaler2', 'panoramarts', 'resquiv', 'zumbahl1', 'jiangj001', 'jruzic2', 'lionelmoh', 'rusiana2', 'kdearnl2', 'xhuang25', 'nitramzero', 'wu14', 'ewood8806', 'tdburks2', 'smustaf2', 'timespectrum', 'swieren1', 'nbhagat2', 'kkroege2', 'mstrom', 'johan1', 'khapp', 'cming2', 'acedamace', 'hchoi32', 'capmaster', 'chau5', 'ass1085', 'yeunkim2', 'akong2', 'mrbrightside695', 'mmccorm3', 'slhertz', 'dnshah2', 'liu181', 'fox6606', 'echavez3', 'liao27', 'cloud1', 'rskirby2', 'sgopal4', 'afromaniac', 'gsvenni2', 'burgner2', 'ddaza2', 'hfederm2', 'juan1', 'dharmaturtle', 'mjermann', 'tehmonk', 'xunjian', 'mtrower2', 'mlee71', 'limpgopher88', 'rusev1', 'tianhu2', 'canandagdeviren', 'klinga88', 'spadoni2', 'aldirin1', 'jtolar', 'sjhseraph', 's0undfl0w', 'dstamat2', 'kodark', 'earlgrey', 'kboger2', 'niemerg1', 'nayak2', 'xliu34', 'lsomeel41', 'mkoh', 'mbianchi', 'charishma', 'joejsheehan', 'ebecker', 'johnseo2', 'shaofu88', 'jbae5', 'lanhuo1986', 'japheth', 'tstilz', 'yichenusa', 'resquiv2', 'swimjade', 'nbisby2', 'intrimind', 'jstrack2', 'ctribout', 'manasgartia', 'meliu2', 'wkelleh2', 'hochan5', 'han23', 'driscoll42', 'atseng3', 'thunghan', 'dlowry2', 'rbhojwa2', 'grillz58', 'vali0227', 'mmadeja2', 'amedske2']"
3,31,121,6,6,"['johan1', 's0undfl0w', 'ddaza2', 'intrimind', 'lsomeel41', 'jwester3']",115,"['sshiffe2', 'pifactorial', 'cgarner3', 'anwen', 'bcerier2', 'fonkafno', 'pmartin8', 'crptone', 'wangwei420', 'gmeyer3', 'motoki1', 'agibson', 'edward31', 'bfogel2', 'sskim20', 'chang87', 'freddycheu', 'choi129', 'sbhaler2', 'panoramarts', 'resquiv', 'zumbahl1', 'jiangj001', 'jruzic2', 'lionelmoh', 'rusiana2', 'kdearnl2', 'xhuang25', 'nitramzero', 'wu14', 'ewood8806', 'tdburks2', 'smustaf2', 'timespectrum', 'swieren1', 'nbhagat2', 'kkroege2', 'mstrom', 'khapp', 'cming2', 'acedamace', 'hchoi32', 'capmaster', 'chau5', 'ass1085', 'yeunkim2', 'akong2', 'mrbrightside695', 'mmccorm3', 'slhertz', 'dnshah2', 'liu181', 'echavez3', 'liao27', 'cloud1', 'rskirby2', 'sgopal4', 'afromaniac', 'gsvenni2', 'burgner2', 'hfederm2', 'juan1', 'dharmaturtle', 'mjermann', 'tehmonk', 'xunjian', 'mtrower2', 'mlee71', 'limpgopher88', 'rusev1', 'tianhu2', 'canandagdeviren', 'klinga88', 'spadoni2', 'aldirin1', 'jtolar', 'sjhseraph', 'dstamat2', 'kodark', 'earlgrey', 'kboger2', 'niemerg1', 'nayak2', 'xliu34', 'mkoh', 'mbianchi', 'charishma', 'joejsheehan', 'ebecker', 'johnseo2', 'shaofu88', 'jbae5', 'lanhuo1986', 'japheth', 'tstilz', 'yichenusa', 'resquiv2', 'swimjade', 'nbisby2', 'jstrack2', 'ctribout', 'manasgartia', 'meliu2', 'wkelleh2', 'hochan5', 'han23', 'driscoll42', 'atseng3', 'thunghan', 'dlowry2', 'rbhojwa2', 'grillz58', 'vali0227', 'mmadeja2', 'amedske2']",0,[],121,"['sshiffe2', 'pifactorial', 'cgarner3', 'anwen', 'bcerier2', 'fonkafno', 'pmartin8', 'crptone', 'wangwei420', 'gmeyer3', 'motoki1', 'agibson', 'edward31', 'bfogel2', 'sskim20', 'chang87', 'freddycheu', 'jwester3', 'choi129', 'sbhaler2', 'panoramarts', 'resquiv', 'zumbahl1', 'jiangj001', 'jruzic2', 'lionelmoh', 'rusiana2', 'kdearnl2', 'xhuang25', 'nitramzero', 'wu14', 'ewood8806', 'tdburks2', 'smustaf2', 'timespectrum', 'swieren1', 'nbhagat2', 'kkroege2', 'mstrom', 'johan1', 'khapp', 'cming2', 'acedamace', 'hchoi32', 'capmaster', 'chau5', 'ass1085', 'yeunkim2', 'akong2', 'mrbrightside695', 'mmccorm3', 'slhertz', 'dnshah2', 'liu181', 'echavez3', 'liao27', 'cloud1', 'rskirby2', 'sgopal4', 'afromaniac', 'gsvenni2', 'burgner2', 'ddaza2', 'hfederm2', 'juan1', 'dharmaturtle', 'mjermann', 'tehmonk', 'xunjian', 'mtrower2', 'mlee71', 'limpgopher88', 'rusev1', 'tianhu2', 'canandagdeviren', 'klinga88', 'spadoni2', 'aldirin1', 'jtolar', 'sjhseraph', 's0undfl0w', 'dstamat2', 'kodark', 'earlgrey', 'kboger2', 'niemerg1', 'nayak2', 'xliu34', 'lsomeel41', 'mkoh', 'mbianchi', 'charishma', 'joejsheehan', 'ebecker', 'johnseo2', 'shaofu88', 'jbae5', 'lanhuo1986', 'japheth', 'tstilz', 'yichenusa', 'resquiv2', 'swimjade', 'nbisby2', 'intrimind', 'jstrack2', 'ctribout', 'manasgartia', 'meliu2', 'wkelleh2', 'hochan5', 'han23', 'driscoll42', 'atseng3', 'thunghan', 'dlowry2', 'rbhojwa2', 'grillz58', 'vali0227', 'mmadeja2', 'amedske2']"
4,65,116,53,51,"['jas1988', 'shano2', 'scott7', 'far1989', 'eietmo', 'timtim1065', 'kosorji', 'jingcong', 'manraj09', 'narnaut', 'jackyc11', 'btonner', 'garyhou', 'karmue', 'jritch', 'cameo24', 'john14', 'cnguyen8', 'elviajero', 'cowsgomur', 'melody00', 'aloha', 'tamermoh', 'enforce', 'lucyli89', 'rholyk', 'alexhung', 'iori', 'hbkim89', 'cyboy', 'derek003', 'dexteritty', 'shawnm01', 'jameswan', 'blake', 'phyzzle', 'kimberlyma', 'crgbys', 'jason04', 'riteshb', 'leonhart', 'apazukha', 'leonlian007', 'mwdordor', 'hin41189', 'bawagsk', 'jiening', 'jscchou', 'ebryden', 'felixpoon', 'mmaqian']",65,"['evalenzuela', 'alopez1', 'kapiado', 'sarutd', 'mqcastillo', 'jaruiz3', 'gsferrer', 'ashwinganesh', 'varsha16', 'tiffco12', 'taz67rs', 'allentrue', 'sfalmeida', 'arinb', 'garrett3', 'jdejesus', 'nguyenhtran', 'gssalloum', 'rpmaskill', 'bleethat', 'sumeetg', 'tomas', 'dscassid', 'towelieee', 'amininio', 'cemontalvo', 'erodriguez', 'ohernandez', 'yk210', 'mncuatico', 'jrenos', 'acarus', 'mlucas', 'jacardenas4', 'amekstrand', 'mtnguyen', 'dollyddyy', 'anushaborra', 'sandy', 'lphunh', 'titusl', 'maearley', 'chain1987', 'orange7', 'crs', 'darthandy', 'soto1231', 'sthyan87', 'aw38', 'mtandon', 'isanchez', 'tjdwls0510', 'egaytan', 'ealmeda', 'aacordon', 'bolormaa', 'jflores', 'bdsalas', 'benster0', 'jmpm', 'tbermea', 'caumsted', 'chicks', 'dskieu', 'majaurrieta']",2,"['yasyas', 'axion6']",118,"['jas1988', 'shano2', 'far1989', 'arinb', 'nguyenhtran', 'amininio', 'erodriguez', 'yk210', 'amekstrand', 'dollyddyy', 'anushaborra', 'titusl', 'maearley', 'darthandy', 'aw38', 'blake', 'kimberlyma', 'tjdwls0510', 'riteshb', 'egaytan', 'leonhart', 'axion6', 'apazukha', 'mwdordor', 'tbermea', 'jscchou', 'majaurrieta', 'scott7', 'timtim1065', 'kosorji', 'taz67rs', 'allentrue', 'sfalmeida', 'jritch', 'aloha', 'enforce', 'acarus', 'jacardenas4', 'sandy', 'iori', 'orange7', 'crs', 'dexteritty', 'mtandon', 'phyzzle', 'isanchez', 'bolormaa', 'bdsalas', 'benster0', 'cameo24', 'evalenzuela', 'alopez1', 'gsferrer', 'jingcong', 'tiffco12', 'jackyc11', 'garrett3', 'gssalloum', 'bleethat', 'john14', 'cnguyen8', 'yasyas', 'sumeetg', 'tomas', 'melody00', 'dscassid', 'tamermoh', 'cemontalvo', 'rholyk', 'ohernandez', 'mncuatico', 'jrenos', 'alexhung', 'mtnguyen', 'shawnm01', 'soto1231', 'sthyan87', 'crgbys', 'ealmeda', 'aacordon', 'jmpm', 'leonlian007', 'hin41189', 'caumsted', 'chicks', 'jiening', 'ebryden', 'kapiado', 'sarutd', 'mqcastillo', 'jaruiz3', 'eietmo', 'ashwinganesh', 'varsha16', 'manraj09', 'narnaut', 'btonner', 'garyhou', 'jdejesus', 'karmue', 'rpmaskill', 'elviajero', 'cowsgomur', 'towelieee', 'lucyli89', 'mlucas', 'lphunh', 'chain1987', 'hbkim89', 'cyboy', 'derek003', 'jameswan', 'jason04', 'jflores', 'bawagsk', 'dskieu', 'felixpoon', 'mmaqian']"
4,62,116,24,19,"['evalenzuela', 'alopez1', 'jaruiz3', 'taz67rs', 'jdejesus', 'rpmaskill', 'cemontalvo', 'erodriguez', 'acarus', 'jacardenas4', 'sandy', 'maearley', 'soto1231', 'egaytan', 'ealmeda', 'jflores', 'tbermea', 'chicks', 'majaurrieta']",97,"['jas1988', 'shano2', 'far1989', 'gsferrer', 'jingcong', 'tiffco12', 'jackyc11', 'arinb', 'garrett3', 'nguyenhtran', 'gssalloum', 'bleethat', 'john14', 'cnguyen8', 'sumeetg', 'tomas', 'melody00', 'dscassid', 'tamermoh', 'amininio', 'rholyk', 'yk210', 'ohernandez', 'mncuatico', 'jrenos', 'amekstrand', 'alexhung', 'dollyddyy', 'anushaborra', 'mtnguyen', 'titusl', 'shawnm01', 'darthandy', 'sthyan87', 'aw38', 'blake', 'felixpoon', 'kimberlyma', 'crgbys', 'tjdwls0510', 'riteshb', 'leonhart', 'aacordon', 'apazukha', 'jmpm', 'mwdordor', 'leonlian007', 'hin41189', 'caumsted', 'jiening', 'jscchou', 'ebryden', 'kapiado', 'sarutd', 'mqcastillo', 'scott7', 'eietmo', 'timtim1065', 'ashwinganesh', 'kosorji', 'varsha16', 'manraj09', 'narnaut', 'allentrue', 'sfalmeida', 'btonner', 'garyhou', 'karmue', 'jritch', 'elviajero', 'cowsgomur', 'aloha', 'towelieee', 'enforce', 'lucyli89', 'mlucas', 'lphunh', 'iori', 'chain1987', 'orange7', 'hbkim89', 'crs', 'cyboy', 'dexteritty', 'derek003', 'jameswan', 'mtandon', 'phyzzle', 'isanchez', 'jason04', 'bolormaa', 'bdsalas', 'benster0', 'bawagsk', 'dskieu', 'cameo24', 'mmaqian']",5,"['stella', 'valdez4', 'omachado', 'iacoronado', 'mpacheco']",121,"['jas1988', 'evalenzuela', 'alopez1', 'valdez4', 'shano2', 'far1989', 'gsferrer', 'jingcong', 'tiffco12', 'jackyc11', 'arinb', 'mpacheco', 'garrett3', 'nguyenhtran', 'gssalloum', 'bleethat', 'john14', 'cnguyen8', 'sumeetg', 'tomas', 'melody00', 'omachado', 'dscassid', 'tamermoh', 'amininio', 'cemontalvo', 'erodriguez', 'rholyk', 'yk210', 'ohernandez', 'mncuatico', 'jrenos', 'amekstrand', 'alexhung', 'dollyddyy', 'anushaborra', 'mtnguyen', 'titusl', 'maearley', 'shawnm01', 'darthandy', 'soto1231', 'sthyan87', 'aw38', 'blake', 'felixpoon', 'kimberlyma', 'crgbys', 'tjdwls0510', 'riteshb', 'egaytan', 'leonhart', 'ealmeda', 'aacordon', 'apazukha', 'jmpm', 'mwdordor', 'leonlian007', 'hin41189', 'tbermea', 'caumsted', 'chicks', 'jiening', 'jscchou', 'majaurrieta', 'ebryden', 'kapiado', 'sarutd', 'mqcastillo', 'scott7', 'jaruiz3', 'eietmo', 'timtim1065', 'ashwinganesh', 'kosorji', 'varsha16', 'manraj09', 'taz67rs', 'narnaut', 'allentrue', 'sfalmeida', 'iacoronado', 'btonner', 'garyhou', 'jdejesus', 'karmue', 'jritch', 'rpmaskill', 'elviajero', 'cowsgomur', 'aloha', 'towelieee', 'enforce', 'lucyli89', 'stella', 'acarus', 'mlucas', 'jacardenas4', 'sandy', 'lphunh', 'iori', 'chain1987', 'orange7', 'hbkim89', 'crs', 'cyboy', 'dexteritty', 'derek003', 'jameswan', 'mtandon', 'phyzzle', 'isanchez', 'jason04', 'bolormaa', 'jflores', 'bdsalas', 'benster0', 'bawagsk', 'dskieu', 'cameo24', 'mmaqian']"
4,10,116,18,2,"['jmpm', 'allentrue']",114,"['jas1988', 'evalenzuela', 'alopez1', 'shano2', 'far1989', 'gsferrer', 'jingcong', 'tiffco12', 'jackyc11', 'arinb', 'garrett3', 'nguyenhtran', 'gssalloum', 'bleethat', 'john14', 'cnguyen8', 'sumeetg', 'tomas', 'melody00', 'dscassid', 'tamermoh', 'amininio', 'cemontalvo', 'erodriguez', 'rholyk', 'yk210', 'ohernandez', 'mncuatico', 'jrenos', 'amekstrand', 'alexhung', 'dollyddyy', 'anushaborra', 'mtnguyen', 'titusl', 'maearley', 'shawnm01', 'darthandy', 'soto1231', 'sthyan87', 'aw38', 'blake', 'felixpoon', 'kimberlyma', 'crgbys', 'tjdwls0510', 'riteshb', 'egaytan', 'leonhart', 'ealmeda', 'aacordon', 'apazukha', 'mwdordor', 'leonlian007', 'hin41189', 'tbermea', 'caumsted', 'chicks', 'jiening', 'jscchou', 'majaurrieta', 'ebryden', 'kapiado', 'sarutd', 'mqcastillo', 'scott7', 'jaruiz3', 'eietmo', 'timtim1065', 'ashwinganesh', 'kosorji', 'varsha16', 'manraj09', 'taz67rs', 'narnaut', 'sfalmeida', 'btonner', 'garyhou', 'jdejesus', 'karmue', 'jritch', 'rpmaskill', 'elviajero', 'cowsgomur', 'aloha', 'towelieee', 'enforce', 'lucyli89', 'acarus', 'mlucas', 'jacardenas4', 'sandy', 'lphunh', 'iori', 'chain1987', 'orange7', 'hbkim89', 'crs', 'cyboy', 'dexteritty', 'derek003', 'jameswan', 'mtandon', 'phyzzle', 'isanchez', 'jason04', 'bolormaa', 'jflores', 'bdsalas', 'benster0', 'bawagsk', 'dskieu', 'cameo24', 'mmaqian']",16,"['ull124', 'sreramanm', 'hchhide', 'mariaana', 'pankaj_kvhld', 'zhiying', 'mikkni', 'yuxingangzju', 'stahel', 'littlemooncake', 'emibac', 'meixian82', 'nanosolar', 'vivi6', 'exampleoma', 'holmeschow052310']",132,"['jas1988', 'evalenzuela', 'alopez1', 'sreramanm', 'shano2', 'far1989', 'gsferrer', 'mikkni', 'jingcong', 'stahel', 'tiffco12', 'littlemooncake', 'vivi6', 'jackyc11', 'arinb', 'garrett3', 'nguyenhtran', 'gssalloum', 'bleethat', 'john14', 'cnguyen8', 'sumeetg', 'tomas', 'melody00', 'emibac', 'meixian82', 'dscassid', 'tamermoh', 'amininio', 'cemontalvo', 'erodriguez', 'rholyk', 'yk210', 'ohernandez', 'mncuatico', 'holmeschow052310', 'jrenos', 'ull124', 'amekstrand', 'alexhung', 'dollyddyy', 'anushaborra', 'mtnguyen', 'pankaj_kvhld', 'titusl', 'maearley', 'shawnm01', 'darthandy', 'soto1231', 'sthyan87', 'aw38', 'blake', 'felixpoon', 'kimberlyma', 'crgbys', 'tjdwls0510', 'riteshb', 'egaytan', 'leonhart', 'ealmeda', 'aacordon', 'apazukha', 'jmpm', 'mwdordor', 'leonlian007', 'hin41189', 'tbermea', 'caumsted', 'chicks', 'jiening', 'jscchou', 'majaurrieta', 'ebryden', 'kapiado', 'sarutd', 'mqcastillo', 'scott7', 'jaruiz3', 'eietmo', 'timtim1065', 'ashwinganesh', 'kosorji', 'varsha16', 'manraj09', 'taz67rs', 'narnaut', 'allentrue', 'sfalmeida', 'exampleoma', 'btonner', 'garyhou', 'jdejesus', 'karmue', 'jritch', 'hchhide', 'rpmaskill', 'elviajero', 'cowsgomur', 'mariaana', 'aloha', 'towelieee', 'enforce', 'lucyli89', 'acarus', 'mlucas', 'jacardenas4', 'sandy', 'lphunh', 'iori', 'chain1987', 'yuxingangzju', 'orange7', 'hbkim89', 'nanosolar', 'crs', 'cyboy', 'dexteritty', 'derek003', 'jameswan', 'mtandon', 'phyzzle', 'isanchez', 'jason04', 'bolormaa', 'jflores', 'bdsalas', 'benster0', 'zhiying', 'bawagsk', 'dskieu', 'cameo24', 'mmaqian']"
4,63,116,15,14,"['jdejesus', 'jrenos', 'kapiado', 'alopez1', 'rpmaskill', 'amekstrand', 'mtnguyen', 'aacordon', 'sandy', 'lphunh', 'gsferrer', 'tomas', 'bdsalas', 'ohernandez']",102,"['jas1988', 'evalenzuela', 'shano2', 'far1989', 'jingcong', 'tiffco12', 'jackyc11', 'arinb', 'garrett3', 'nguyenhtran', 'gssalloum', 'bleethat', 'john14', 'cnguyen8', 'sumeetg', 'melody00', 'dscassid', 'tamermoh', 'amininio', 'cemontalvo', 'erodriguez', 'rholyk', 'yk210', 'mncuatico', 'alexhung', 'dollyddyy', 'anushaborra', 'titusl', 'maearley', 'shawnm01', 'darthandy', 'soto1231', 'sthyan87', 'aw38', 'blake', 'felixpoon', 'kimberlyma', 'crgbys', 'tjdwls0510', 'riteshb', 'egaytan', 'leonhart', 'ealmeda', 'apazukha', 'jmpm', 'mwdordor', 'leonlian007', 'hin41189', 'tbermea', 'caumsted', 'chicks', 'jiening', 'jscchou', 'majaurrieta', 'ebryden', 'sarutd', 'mqcastillo', 'scott7', 'jaruiz3', 'eietmo', 'timtim1065', 'ashwinganesh', 'kosorji', 'varsha16', 'manraj09', 'taz67rs', 'narnaut', 'allentrue', 'sfalmeida', 'btonner', 'garyhou', 'karmue', 'jritch', 'elviajero', 'cowsgomur', 'aloha', 'towelieee', 'enforce', 'lucyli89', 'acarus', 'mlucas', 'jacardenas4', 'iori', 'chain1987', 'orange7', 'hbkim89', 'crs', 'cyboy', 'dexteritty', 'derek003', 'jameswan', 'mtandon', 'phyzzle', 'isanchez', 'jason04', 'bolormaa', 'jflores', 'benster0', 'bawagsk', 'dskieu', 'cameo24', 'mmaqian']",1,['ebaytok'],117,"['jas1988', 'evalenzuela', 'alopez1', 'shano2', 'far1989', 'gsferrer', 'jingcong', 'tiffco12', 'jackyc11', 'arinb', 'garrett3', 'nguyenhtran', 'gssalloum', 'bleethat', 'john14', 'cnguyen8', 'sumeetg', 'tomas', 'melody00', 'dscassid', 'tamermoh', 'amininio', 'cemontalvo', 'erodriguez', 'rholyk', 'yk210', 'ohernandez', 'mncuatico', 'jrenos', 'amekstrand', 'alexhung', 'dollyddyy', 'anushaborra', 'mtnguyen', 'titusl', 'maearley', 'shawnm01', 'darthandy', 'soto1231', 'sthyan87', 'aw38', 'blake', 'felixpoon', 'kimberlyma', 'crgbys', 'tjdwls0510', 'riteshb', 'egaytan', 'leonhart', 'ealmeda', 'aacordon', 'apazukha', 'jmpm', 'mwdordor', 'leonlian007', 'hin41189', 'tbermea', 'caumsted', 'chicks', 'jiening', 'jscchou', 'majaurrieta', 'ebryden', 'kapiado', 'sarutd', 'mqcastillo', 'scott7', 'jaruiz3', 'eietmo', 'timtim1065', 'ashwinganesh', 'kosorji', 'varsha16', 'manraj09', 'taz67rs', 'narnaut', 'allentrue', 'sfalmeida', 'btonner', 'garyhou', 'jdejesus', 'karmue', 'jritch', 'rpmaskill', 'elviajero', 'cowsgomur', 'aloha', 'towelieee', 'enforce', 'lucyli89', 'acarus', 'mlucas', 'jacardenas4', 'sandy', 'lphunh', 'iori', 'chain1987', 'orange7', 'hbkim89', 'crs', 'cyboy', 'dexteritty', 'derek003', 'jameswan', 'mtandon', 'phyzzle', 'isanchez', 'jason04', 'bolormaa', 'jflores', 'bdsalas', 'benster0', 'bawagsk', 'ebaytok', 'dskieu', 'cameo24', 'mmaqian']"
4,66,116,11,10,"['mtandon', 'jritch', 'mlucas', 'apazukha', 'benster0', 'titusl', 'chain1987', 'orange7', 'dscassid', 'darthandy']",106,"['jas1988', 'evalenzuela', 'alopez1', 'shano2', 'far1989', 'gsferrer', 'jingcong', 'tiffco12', 'jackyc11', 'arinb', 'garrett3', 'nguyenhtran', 'gssalloum', 'bleethat', 'john14', 'cnguyen8', 'sumeetg', 'tomas', 'melody00', 'tamermoh', 'amininio', 'cemontalvo', 'erodriguez', 'rholyk', 'yk210', 'ohernandez', 'mncuatico', 'jrenos', 'amekstrand', 'alexhung', 'dollyddyy', 'anushaborra', 'mtnguyen', 'maearley', 'shawnm01', 'soto1231', 'sthyan87', 'aw38', 'blake', 'felixpoon', 'kimberlyma', 'crgbys', 'tjdwls0510', 'riteshb', 'egaytan', 'leonhart', 'ealmeda', 'aacordon', 'jmpm', 'mwdordor', 'leonlian007', 'hin41189', 'tbermea', 'caumsted', 'chicks', 'jiening', 'jscchou', 'majaurrieta', 'ebryden', 'kapiado', 'sarutd', 'mqcastillo', 'scott7', 'jaruiz3', 'eietmo', 'timtim1065', 'ashwinganesh', 'kosorji', 'varsha16', 'manraj09', 'taz67rs', 'narnaut', 'allentrue', 'sfalmeida', 'btonner', 'garyhou', 'jdejesus', 'karmue', 'rpmaskill', 'elviajero', 'cowsgomur', 'aloha', 'towelieee', 'enforce', 'lucyli89', 'acarus', 'jacardenas4', 'sandy', 'lphunh', 'iori', 'hbkim89', 'crs', 'cyboy', 'dexteritty', 'derek003', 'jameswan', 'phyzzle', 'isanchez', 'jason04', 'bolormaa', 'jflores', 'bdsalas', 'bawagsk', 'dskieu', 'cameo24', 'mmaqian']",1,['yasyas'],117,"['jas1988', 'evalenzuela', 'alopez1', 'shano2', 'far1989', 'gsferrer', 'jingcong', 'tiffco12', 'jackyc11', 'arinb', 'garrett3', 'nguyenhtran', 'gssalloum', 'bleethat', 'john14', 'cnguyen8', 'yasyas', 'sumeetg', 'tomas', 'melody00', 'dscassid', 'tamermoh', 'amininio', 'cemontalvo', 'erodriguez', 'rholyk', 'yk210', 'ohernandez', 'mncuatico', 'jrenos', 'amekstrand', 'alexhung', 'dollyddyy', 'anushaborra', 'mtnguyen', 'titusl', 'maearley', 'shawnm01', 'darthandy', 'soto1231', 'sthyan87', 'aw38', 'blake', 'felixpoon', 'kimberlyma', 'crgbys', 'tjdwls0510', 'riteshb', 'egaytan', 'leonhart', 'ealmeda', 'aacordon', 'apazukha', 'jmpm', 'mwdordor', 'leonlian007', 'hin41189', 'tbermea', 'caumsted', 'chicks', 'jiening', 'jscchou', 'majaurrieta', 'ebryden', 'kapiado', 'sarutd', 'mqcastillo', 'scott7', 'jaruiz3', 'eietmo', 'timtim1065', 'ashwinganesh', 'kosorji', 'varsha16', 'manraj09', 'taz67rs', 'narnaut', 'allentrue', 'sfalmeida', 'btonner', 'garyhou', 'jdejesus', 'karmue', 'jritch', 'rpmaskill', 'elviajero', 'cowsgomur', 'aloha', 'towelieee', 'enforce', 'lucyli89', 'acarus', 'mlucas', 'jacardenas4', 'sandy', 'lphunh', 'iori', 'chain1987', 'orange7', 'hbkim89', 'crs', 'cyboy', 'dexteritty', 'derek003', 'jameswan', 'mtandon', 'phyzzle', 'isanchez', 'jason04', 'bolormaa', 'jflores', 'bdsalas', 'benster0', 'bawagsk', 'dskieu', 'cameo24', 'mmaqian']"
4,64,116,5,5,"['nguyenhtran', 'mqcastillo', 'lphunh', 'caumsted', 'mncuatico']",111,"['jas1988', 'evalenzuela', 'alopez1', 'shano2', 'far1989', 'gsferrer', 'jingcong', 'tiffco12', 'jackyc11', 'arinb', 'garrett3', 'gssalloum', 'bleethat', 'john14', 'cnguyen8', 'sumeetg', 'tomas', 'melody00', 'dscassid', 'tamermoh', 'amininio', 'cemontalvo', 'erodriguez', 'rholyk', 'yk210', 'ohernandez', 'jrenos', 'amekstrand', 'alexhung', 'dollyddyy', 'anushaborra', 'mtnguyen', 'titusl', 'maearley', 'shawnm01', 'darthandy', 'soto1231', 'sthyan87', 'aw38', 'blake', 'felixpoon', 'kimberlyma', 'crgbys', 'tjdwls0510', 'riteshb', 'egaytan', 'leonhart', 'ealmeda', 'aacordon', 'apazukha', 'jmpm', 'mwdordor', 'leonlian007', 'hin41189', 'tbermea', 'chicks', 'jiening', 'jscchou', 'majaurrieta', 'ebryden', 'kapiado', 'sarutd', 'scott7', 'jaruiz3', 'eietmo', 'timtim1065', 'ashwinganesh', 'kosorji', 'varsha16', 'manraj09', 'taz67rs', 'narnaut', 'allentrue', 'sfalmeida', 'btonner', 'garyhou', 'jdejesus', 'karmue', 'jritch', 'rpmaskill', 'elviajero', 'cowsgomur', 'aloha', 'towelieee', 'enforce', 'lucyli89', 'acarus', 'mlucas', 'jacardenas4', 'sandy', 'iori', 'chain1987', 'orange7', 'hbkim89', 'crs', 'cyboy', 'dexteritty', 'derek003', 'jameswan', 'mtandon', 'phyzzle', 'isanchez', 'jason04', 'bolormaa', 'jflores', 'bdsalas', 'benster0', 'bawagsk', 'dskieu', 'cameo24', 'mmaqian']",0,[],116,"['jas1988', 'evalenzuela', 'alopez1', 'shano2', 'far1989', 'gsferrer', 'jingcong', 'tiffco12', 'jackyc11', 'arinb', 'garrett3', 'nguyenhtran', 'gssalloum', 'bleethat', 'john14', 'cnguyen8', 'sumeetg', 'tomas', 'melody00', 'dscassid', 'tamermoh', 'amininio', 'cemontalvo', 'erodriguez', 'rholyk', 'yk210', 'ohernandez', 'mncuatico', 'jrenos', 'amekstrand', 'alexhung', 'dollyddyy', 'anushaborra', 'mtnguyen', 'titusl', 'maearley', 'shawnm01', 'darthandy', 'soto1231', 'sthyan87', 'aw38', 'blake', 'felixpoon', 'kimberlyma', 'crgbys', 'tjdwls0510', 'riteshb', 'egaytan', 'leonhart', 'ealmeda', 'aacordon', 'apazukha', 'jmpm', 'mwdordor', 'leonlian007', 'hin41189', 'tbermea', 'caumsted', 'chicks', 'jiening', 'jscchou', 'majaurrieta', 'ebryden', 'kapiado', 'sarutd', 'mqcastillo', 'scott7', 'jaruiz3', 'eietmo', 'timtim1065', 'ashwinganesh', 'kosorji', 'varsha16', 'manraj09', 'taz67rs', 'narnaut', 'allentrue', 'sfalmeida', 'btonner', 'garyhou', 'jdejesus', 'karmue', 'jritch', 'rpmaskill', 'elviajero', 'cowsgomur', 'aloha', 'towelieee', 'enforce', 'lucyli89', 'acarus', 'mlucas', 'jacardenas4', 'sandy', 'lphunh', 'iori', 'chain1987', 'orange7', 'hbkim89', 'crs', 'cyboy', 'dexteritty', 'derek003', 'jameswan', 'mtandon', 'phyzzle', 'isanchez', 'jason04', 'bolormaa', 'jflores', 'bdsalas', 'benster0', 'bawagsk', 'dskieu', 'cameo24', 'mmaqian']"
5,39,50,58,49,"['jbeaulieu', 'acroson', 'weichang', 'ander107', 'jcflanag', 'kjpatter', 'scschrei', 'aecooper', 'wrucker', 'wgeary', 'skunplin', 'kdbrown', 'sglynn', 'takinfe', 'cbrinton07', 'xueh', 'knights2715', 'kfouch', 'aavincen', 'ddkelly', 'zbo', 'rkusuma', 'jjcho', 'gnave', 'cbcooper', 'rmcgrail', 'jshennin', 'cgshanno', 'gyoways', 'kspano', 'cjwagner', 'gmendis', 'monsterd5', 'jburdesk', 'bowensbo', 'asaski', 'akraman', 'wpmyers', 'agmarche', 'wnaville', 'sesulliv', 'nghadial', 'lkearney', 'jcthomas', 'behaley', 'winnie', 'adavros', 'kccox', 'li146']",1,['schust'],9,"['strachan', 'psajor', 'ssaber', 'dseely', 'reffwang', 'bharath89', 'bharath88', 'zermanas', 'jfbrenna']",59,"['psajor', 'acroson', 'ander107', 'kjpatter', 'scschrei', 'aecooper', 'wgeary', 'kdbrown', 'skunplin', 'takinfe', 'cbrinton07', 'xueh', 'knights2715', 'kfouch', 'aavincen', 'zbo', 'rkusuma', 'cbcooper', 'ssaber', 'jshennin', 'cgshanno', 'gyoways', 'jburdesk', 'bowensbo', 'asaski', 'strachan', 'agmarche', 'sesulliv', 'nghadial', 'jcthomas', 'winnie', 'adavros', 'li146', 'jbeaulieu', 'weichang', 'jcflanag', 'wrucker', 'sglynn', 'jfbrenna', 'ddkelly', 'jjcho', 'gnave', 'schust', 'rmcgrail', 'dseely', 'kspano', 'cjwagner', 'reffwang', 'gmendis', 'bharath89', 'monsterd5', 'zermanas', 'akraman', 'wpmyers', 'wnaville', 'bharath88', 'lkearney', 'behaley', 'kccox']"
6,67,44,50,41,"['ckonfirst', 'edsmith13', 'tlw893', 'schia', 'ecuares', 'heatherhelledge', 'aeng', 'choward28', 'laurendavis2010', 'cbarrett', 'erinanncook', 'phue', 'nickkm7', 'mkamradt1', 'clau', 'afrancescatti', 'claybrengman', 'laherro', 'smazo', 'scombs', 'smorris', 'sthottathil', 'sflorczak', 'jasanchez', 'smurcko', 'jchertow', 'dwu417', 'sflood', 'mez377', 'jsainte', 'dkargman', 'lauralep', 'awong42', 'mczech', 'raznaahmad', 'wendyjo410', 'evitt', 'dkim2', 'bclegg56', '8u9i0o', 'svillalpando']",3,"['katia', 'trp786', 'virusctm']",9,"['kbernard', 'amodtimalsina', 'bferdinand', 'jcagadas', 'agdoutou', 'sjd345', 'fka560', 'aku108', 'nisha89']",53,"['schia', 'aeng', 'aku108', 'choward28', 'cbarrett', 'kbernard', 'phue', 'nickkm7', 'mkamradt1', 'clau', 'claybrengman', 'smazo', 'trp786', 'scombs', 'smorris', 'jasanchez', 'amodtimalsina', 'bferdinand', 'jchertow', 'dwu417', 'virusctm', 'mczech', 'raznaahmad', 'jcagadas', 'wendyjo410', 'sjd345', 'dkim2', 'katia', '8u9i0o', 'ckonfirst', 'edsmith13', 'tlw893', 'ecuares', 'heatherhelledge', 'laurendavis2010', 'erinanncook', 'afrancescatti', 'laherro', 'sthottathil', 'sflorczak', 'smurcko', 'agdoutou', 'sflood', 'mez377', 'jsainte', 'dkargman', 'lauralep', 'awong42', 'evitt', 'bclegg56', 'fka560', 'nisha89', 'svillalpando']"
6,21,44,44,42,"['ckonfirst', 'edsmith13', 'tlw893', 'schia', 'ecuares', 'heatherhelledge', 'aeng', 'choward28', 'laurendavis2010', 'cbarrett', 'erinanncook', 'nickkm7', 'mkamradt1', 'clau', 'afrancescatti', 'claybrengman', 'smazo', 'trp786', 'scombs', 'laherro', 'sthottathil', 'jasanchez', 'smorris', 'sflorczak', 'smurcko', 'dwu417', 'jchertow', 'sflood', 'mez377', 'jsainte', 'dkargman', 'lauralep', 'virusctm', 'awong42', 'raznaahmad', 'mczech', 'evitt', 'katia', 'bclegg56', 'dkim2', '8u9i0o', 'svillalpando']",2,"['wendyjo410', 'phue']",2,"['pstrybel', 'amunre']",46,"['schia', 'aeng', 'choward28', 'cbarrett', 'phue', 'nickkm7', 'mkamradt1', 'clau', 'claybrengman', 'smazo', 'trp786', 'scombs', 'smorris', 'jasanchez', 'jchertow', 'dwu417', 'virusctm', 'pstrybel', 'mczech', 'raznaahmad', 'wendyjo410', 'dkim2', 'katia', '8u9i0o', 'ckonfirst', 'edsmith13', 'tlw893', 'ecuares', 'heatherhelledge', 'laurendavis2010', 'erinanncook', 'amunre', 'afrancescatti', 'laherro', 'sthottathil', 'sflorczak', 'smurcko', 'sflood', 'mez377', 'jsainte', 'dkargman', 'lauralep', 'awong42', 'evitt', 'bclegg56', 'svillalpando']"
7,45,36,25,22,"['linaalvarez', 'cnunezc', 'harlingenkid06', 'kumadbindu', 'arloedx', 'mattdit9', 'melody1007', 'swathipriya', 'xt3rmin8', 'pavanjasti', 'agarciagr', 'arod923', 'javiercastillo', 'ssingam', 'jsanchezy23', 'eleggo', 'aaviles25', 'ybai', 'relizondozy', 'drodriguezz4', 'rriosz18', 'eriosc2']",14,"['a06tb011', 'carlos00', 'tamalika123', 'jmpm2', 'dokkaebij', 'jatorres', 'indigoclay', 'mheraldz', 'eloyolivo', 'jatorres4', 'iquintanilz1', 'rok75', 'csexton', 'leewoonzae']",3,"['faraon956', 'isamini', 'hhuq']",39,"['a06tb011', 'linaalvarez', 'cnunezc', 'jatorres4', 'harlingenkid06', 'csexton', 'kumadbindu', 'tamalika123', 'leewoonzae', 'arloedx', 'jmpm2', 'mattdit9', 'mheraldz', 'melody1007', 'swathipriya', 'hhuq', 'xt3rmin8', 'pavanjasti', 'agarciagr', 'arod923', 'dokkaebij', 'jatorres', 'javiercastillo', 'eloyolivo', 'ssingam', 'iquintanilz1', 'rok75', 'jsanchezy23', 'eleggo', 'aaviles25', 'ybai', 'indigoclay', 'relizondozy', 'isamini', 'drodriguezz4', 'faraon956', 'rriosz18', 'eriosc2', 'carlos00']"
8,58,35,36,28,"['kiridode', 'abdulaleem', 'eauchy', 'ahmed_3anter', 'kymera', 'mmoftah', 'anhr_nti', 'manar', 'mhussein', 'm_fouly', 'aymanmahgoub', 'shadygamel', 'marwa', 'hanoy73', 'moro', 'ahmed_elabyad', 'anhrnti', 'ahmd_sadk', 'zema_gouchy', 'basma_sha3lan', 'amr_elmasry', 'h_maksoud', 'hattem', 'mmoftah0602', 'fayezelsisy', 'shereef_23', 'mmatda1976', 'amr_elzidy']",7,"['togauravsaxena', 'morgan_3', 'aryawww', 'salehov', 'eng_hoda', 'essam_samir', 'negm']",8,"['serag', 'ahmedgad2007', 'zoweil', 'moataz', 'amrzahir', 'heba_sadek', 'abdulaziz80', 'just4mido']",43,"['kiridode', 'abdulaleem', 'morgan_3', 'eauchy', 'amrzahir', 'salehov', 'ahmed_3anter', 'essam_samir', 'negm', 'kymera', 'mmoftah', 'anhr_nti', 'manar', 'aryawww', 'mhussein', 'm_fouly', 'aymanmahgoub', 'shadygamel', 'marwa', 'hanoy73', 'moro', 'ahmed_elabyad', 'moataz', 'anhrnti', 'ahmd_sadk', 'zema_gouchy', 'just4mido', 'basma_sha3lan', 'amr_elmasry', 'serag', 'h_maksoud', 'hattem', 'togauravsaxena', 'ahmedgad2007', 'zoweil', 'mmoftah0602', 'heba_sadek', 'eng_hoda', 'abdulaziz80', 'fayezelsisy', 'shereef_23', 'mmatda1976', 'amr_elzidy']"
9,42,30,31,21,"['citoglu', 'm_aras', 'chinar', 'bugrabalaban', 'prankieee', 'basakd', 'ahmetoz', 'shoke', 'yalcine', 'mtzng', 'ufukyaman', 'bozbey00', 'feze', 'kurch', 'mhmtmtl', 'ardaonder', 'utkuse', 'omerfaruk', 'hfirat86', 'gulesn', 'inanc']",9,"['torabora', 'orkunarican', 'ergin', 'erdi', 'kmgzn', 'denizceliktas', 'snbelenli', 'alper', 'aysegul']",10,"['oguzhanatak', 'mertm', 'karabeyli', 'buraksener', 'ardak8', 'm_peker', 'gorgon', 'hsumer', 'oaktas', 'asli_esin']",40,"['oguzhanatak', 'citoglu', 'm_aras', 'chinar', 'buraksener', 'bugrabalaban', 'prankieee', 'basakd', 'ahmetoz', 'snbelenli', 'alper', 'aysegul', 'shoke', 'yalcine', 'm_peker', 'ergin', 'mtzng', 'kmgzn', 'denizceliktas', 'ufukyaman', 'bozbey00', 'asli_esin', 'feze', 'kurch', 'ardak8', 'mhmtmtl', 'ardaonder', 'erdi', 'utkuse', 'omerfaruk', 'torabora', 'mertm', 'karabeyli', 'orkunarican', 'hfirat86', 'gorgon', 'hsumer', 'gulesn', 'oaktas', 'inanc']"
9,43,30,12,7,"['torabora', 'chinar', 'erdi', 'kmgzn', 'bozbey00', 'omerfaruk', 'aysegul']",23,"['citoglu', 'm_aras', 'bugrabalaban', 'prankieee', 'basakd', 'ahmetoz', 'snbelenli', 'alper', 'shoke', 'yalcine', 'ergin', 'mtzng', 'denizceliktas', 'ufukyaman', 'feze', 'kurch', 'mhmtmtl', 'ardaonder', 'utkuse', 'orkunarican', 'hfirat86', 'gulesn', 'inanc']",5,"['xilmarillon', 'ardak8', 'tostos87', 'hakancu01', 'terd']",35,"['citoglu', 'm_aras', 'chinar', 'bugrabalaban', 'prankieee', 'tostos87', 'basakd', 'ahmetoz', 'snbelenli', 'terd', 'alper', 'aysegul', 'shoke', 'yalcine', 'ergin', 'mtzng', 'kmgzn', 'denizceliktas', 'ufukyaman', 'bozbey00', 'feze', 'xilmarillon', 'kurch', 'ardak8', 'mhmtmtl', 'ardaonder', 'erdi', 'hakancu01', 'utkuse', 'omerfaruk', 'torabora', 'orkunarican', 'hfirat86', 'gulesn', 'inanc']"
10,33,21,14,13,"['bigmadde06', 'jweaver', 'wfarah', 'qpho', 'eakosalka', 'jaetcheverry', 'drmercado', 'yumingliu', 'jmendoza', 'nwjohnson', 'jasonr', 'egasencalada', 'hotingliu']",8,"['mzalam', 'jsleblanc', 'sjtolan', 'eapolinario', 'mepinto', 'nkyirga', 'lancelopez', 'zshishkoyan']",1,['faltens'],22,"['jweaver', 'sjtolan', 'eapolinario', 'qpho', 'jaetcheverry', 'drmercado', 'yumingliu', 'jmendoza', 'nwjohnson', 'faltens', 'jasonr', 'egasencalada', 'bigmadde06', 'mzalam', 'wfarah', 'jsleblanc', 'mepinto', 'nkyirga', 'eakosalka', 'lancelopez', 'zshishkoyan', 'hotingliu']"
10,34,21,7,7,"['mzalam', 'nkyirga', 'jsleblanc', 'mepinto', 'eapolinario', 'lancelopez', 'jasonr']",14,"['bigmadde06', 'jweaver', 'wfarah', 'sjtolan', 'qpho', 'eakosalka', 'jaetcheverry', 'drmercado', 'yumingliu', 'jmendoza', 'nwjohnson', 'zshishkoyan', 'egasencalada', 'hotingliu']",0,[],21,"['jweaver', 'sjtolan', 'eapolinario', 'qpho', 'jaetcheverry', 'drmercado', 'yumingliu', 'jmendoza', 'nwjohnson', 'jasonr', 'egasencalada', 'bigmadde06', 'mzalam', 'wfarah', 'jsleblanc', 'mepinto', 'nkyirga', 'eakosalka', 'lancelopez', 'zshishkoyan', 'hotingliu']"
11,39,20,58,1,['zermanas'],19,"['ccluhrs', 'jwilli12', 'timaroo', 'trevino3', 'benrael', 'smilanos', 'e0311371', 'mooner', 'nlanders', 'inex04', 'meem', 'portamigra', 'jbyrne1', 'ticalone', 'wilsonn', 'cbanh', 'mcraw', 'askachen369', 'cbolton']",57,"['psajor', 'jbeaulieu', 'acroson', 'ander107', 'weichang', 'jcflanag', 'kjpatter', 'scschrei', 'wrucker', 'aecooper', 'wgeary', 'skunplin', 'kdbrown', 'sglynn', 'takinfe', 'cbrinton07', 'jfbrenna', 'xueh', 'knights2715', 'kfouch', 'aavincen', 'ddkelly', 'zbo', 'rkusuma', 'jjcho', 'cbcooper', 'gnave', 'ssaber', 'rmcgrail', 'jshennin', 'cgshanno', 'dseely', 'gyoways', 'cjwagner', 'kspano', 'gmendis', 'bharath89', 'reffwang', 'monsterd5', 'jburdesk', 'bowensbo', 'asaski', 'strachan', 'wpmyers', 'akraman', 'agmarche', 'wnaville', 'nghadial', 'sesulliv', 'bharath88', 'lkearney', 'behaley', 'jcthomas', 'winnie', 'adavros', 'kccox', 'li146']",77,"['psajor', 'ccluhrs', 'jwilli12', 'acroson', 'ander107', 'kjpatter', 'timaroo', 'scschrei', 'aecooper', 'wgeary', 'kdbrown', 'skunplin', 'takinfe', 'cbrinton07', 'xueh', 'e0311371', 'knights2715', 'mooner', 'kfouch', 'aavincen', 'zbo', 'rkusuma', 'inex04', 'jbyrne1', 'cbcooper', 'ticalone', 'ssaber', 'jshennin', 'cgshanno', 'gyoways', 'jburdesk', 'bowensbo', 'asaski', 'strachan', 'agmarche', 'mcraw', 'askachen369', 'nghadial', 'sesulliv', 'jcthomas', 'winnie', 'adavros', 'cbolton', 'li146', 'jbeaulieu', 'weichang', 'jcflanag', 'trevino3', 'wrucker', 'sglynn', 'jfbrenna', 'benrael', 'smilanos', 'ddkelly', 'jjcho', 'nlanders', 'meem', 'portamigra', 'gnave', 'rmcgrail', 'wilsonn', 'dseely', 'cjwagner', 'kspano', 'gmendis', 'bharath89', 'reffwang', 'monsterd5', 'cbanh', 'zermanas', 'akraman', 'wpmyers', 'wnaville', 'bharath88', 'lkearney', 'behaley', 'kccox']"
11,38,20,11,11,"['benrael', 'ticalone', 'ccluhrs', 'mcraw', 'jwilli12', 'e0311371', 'cbolton', 'timaroo', 'inex04', 'cbanh', 'portamigra']",9,"['smilanos', 'askachen369', 'mooner', 'wilsonn', 'nlanders', 'zermanas', 'trevino3', 'meem', 'jbyrne1']",0,[],20,"['ticalone', 'ccluhrs', 'jwilli12', 'wilsonn', 'portamigra', 'timaroo', 'trevino3', 'cbanh', 'zermanas', 'benrael', 'smilanos', 'e0311371', 'mcraw', 'askachen369', 'mooner', 'nlanders', 'inex04', 'meem', 'cbolton', 'jbyrne1']"
11,12,20,8,4,"['smilanos', 'zermanas', 'askachen369', 'wilsonn']",16,"['benrael', 'ticalone', 'ccluhrs', 'e0311371', 'jwilli12', 'mcraw', 'mooner', 'cbolton', 'portamigra', 'nlanders', 'timaroo', 'trevino3', 'inex04', 'meem', 'cbanh', 'jbyrne1']",4,"['ssaber', 'kcunzema', 'liveletlive', 'jfbrenna']",24,"['ticalone', 'ccluhrs', 'ssaber', 'jwilli12', 'wilsonn', 'portamigra', 'timaroo', 'trevino3', 'liveletlive', 'cbanh', 'zermanas', 'jfbrenna', 'benrael', 'smilanos', 'e0311371', 'mcraw', 'askachen369', 'mooner', 'nlanders', 'kcunzema', 'inex04', 'meem', 'cbolton', 'jbyrne1']"
11,17,20,5,1,['wilsonn'],19,"['ccluhrs', 'jwilli12', 'timaroo', 'trevino3', 'benrael', 'smilanos', 'e0311371', 'mooner', 'nlanders', 'inex04', 'meem', 'portamigra', 'jbyrne1', 'ticalone', 'cbanh', 'zermanas', 'mcraw', 'askachen369', 'cbolton']",4,"['rpithadi', 'iwto2000', 'liveletlive', 'elec1020']",24,"['ticalone', 'ccluhrs', 'jwilli12', 'wilsonn', 'portamigra', 'timaroo', 'trevino3', 'liveletlive', 'rpithadi', 'cbanh', 'zermanas', 'iwto2000', 'benrael', 'smilanos', 'e0311371', 'mcraw', 'askachen369', 'mooner', 'elec1020', 'nlanders', 'inex04', 'meem', 'cbolton', 'jbyrne1']"
12,3,20,49,18,"['purukhandue', 'petey27', 'ratanrego', 'tkazokas', 'eenginerd', 'manakaw', 'kbyun', 'pasera', 'afrierso', 'weim', 'arthurfacon', 'panren2006', 'mhlebask', 'mconaboy', 'cbean', 'hirawan', 'wtowens', 'abishmalik']",2,"['vgokhale', 'ejasinsk']",31,"['mazad', 'kmsj2', 'thartman', 'john3636', 'choi1', 'khuh', 'taliaho', 'tdougan', 'dtracy', 'zhang118', 'vqnguyen', 'chen145', 'pjcannon', 'jackfrost9p', 'jamescui', 'zhang205', 'dwilkes', 'yangliqun', 'jainrajat11', 'pandey', 'rpithadi', 'aaronmudd', 'ajfunche', 'lee251', 'deguzouw', 'greenpurdue', 'pxu', 'obernada', 'kmmaurer', 'kylerupp87', 'vahuja']",51,"['thartman', 'abishmalik', 'pasera', 'khuh', 'taliaho', 'tdougan', 'vqnguyen', 'pjcannon', 'zhang205', 'eenginerd', 'mhlebask', 'hirawan', 'rpithadi', 'wtowens', 'lee251', 'afrierso', 'deguzouw', 'greenpurdue', 'pxu', 'obernada', 'kmmaurer', 'kylerupp87', 'vahuja', 'purukhandue', 'mazad', 'kmsj2', 'kbyun', 'mconaboy', 'ejasinsk', 'john3636', 'choi1', 'ratanrego', 'tkazokas', 'vgokhale', 'dtracy', 'zhang118', 'cbean', 'chen145', 'jackfrost9p', 'jamescui', 'dwilkes', 'yangliqun', 'manakaw', 'jainrajat11', 'weim', 'pandey', 'aaronmudd', 'ajfunche', 'petey27', 'arthurfacon', 'panren2006']"
12,61,20,15,4,"['panren2006', 'kbyun', 'petey27', 'ratanrego']",16,"['purukhandue', 'tkazokas', 'eenginerd', 'manakaw', 'vgokhale', 'afrierso', 'pasera', 'arthurfacon', 'weim', 'mhlebask', 'mconaboy', 'cbean', 'ejasinsk', 'hirawan', 'wtowens', 'abishmalik']",11,"['naman', 'yangliqun', 'jhaveri', 'kbaciaus', 'zhang118', 'vqnguyen', 'greenpurdue', 'jdickers', 'kmmaurer', 'nstorey', 'rpithadi']",31,"['purukhandue', 'yangliqun', 'eenginerd', 'manakaw', 'jhaveri', 'kbyun', 'weim', 'kbaciaus', 'mhlebask', 'mconaboy', 'jdickers', 'ejasinsk', 'hirawan', 'nstorey', 'rpithadi', 'wtowens', 'abishmalik', 'naman', 'petey27', 'ratanrego', 'tkazokas', 'afrierso', 'vgokhale', 'arthurfacon', 'pasera', 'panren2006', 'zhang118', 'vqnguyen', 'greenpurdue', 'cbean', 'kmmaurer']"
12,4,20,7,2,"['mhlebask', 'mconaboy']",18,"['purukhandue', 'petey27', 'ratanrego', 'tkazokas', 'eenginerd', 'vgokhale', 'kbyun', 'pasera', 'manakaw', 'weim', 'afrierso', 'arthurfacon', 'panren2006', 'cbean', 'ejasinsk', 'hirawan', 'wtowens', 'abishmalik']",5,"['serekson', 'monil2912', 'tgreenhi', 'rslosser', 'choi1']",25,"['purukhandue', 'eenginerd', 'manakaw', 'monil2912', 'kbyun', 'weim', 'mhlebask', 'mconaboy', 'tgreenhi', 'ejasinsk', 'hirawan', 'wtowens', 'abishmalik', 'choi1', 'serekson', 'petey27', 'ratanrego', 'tkazokas', 'afrierso', 'vgokhale', 'arthurfacon', 'pasera', 'panren2006', 'cbean', 'rslosser']"
13,35,18,17,14,"['bharanimallipeddi', 'sudheergajari', 'bkishore207', 'gadderamakrishna', 'surendra207', 'leelakishen', 'aravinda', 'adityayottastar', 'madhuadavelli15', 'ashok408', 'ysantoshreddy86', 'jagdeshkas', 'sujan24', 'rajgopal74']",4,"['khan530', 'hamed', 'handsomepraveen', 'venkey']",3,"['lbyrne123', 'nallavelli', 'phani221984']",21,"['sudheergajari', 'bkishore207', 'handsomepraveen', 'surendra207', 'adityayottastar', 'leelakishen', 'madhuadavelli15', 'phani221984', 'ashok408', 'khan530', 'sujan24', 'hamed', 'bharanimallipeddi', 'gadderamakrishna', 'nallavelli', 'ysantoshreddy86', 'aravinda', 'venkey', 'jagdeshkas', 'rajgopal74', 'lbyrne123']"
13,36,18,8,6,"['sudheergajari', 'gadderamakrishna', 'surendra207', 'madhuadavelli15', 'ashok408', 'sujan24']",12,"['bharanimallipeddi', 'bkishore207', 'handsomepraveen', 'ysantoshreddy86', 'adityayottastar', 'leelakishen', 'aravinda', 'venkey', 'jagdeshkas', 'khan530', 'rajgopal74', 'hamed']",2,"['lbyrne123', 'phani221984']",20,"['sudheergajari', 'bkishore207', 'handsomepraveen', 'surendra207', 'adityayottastar', 'leelakishen', 'madhuadavelli15', 'phani221984', 'ashok408', 'khan530', 'sujan24', 'hamed', 'bharanimallipeddi', 'gadderamakrishna', 'ysantoshreddy86', 'aravinda', 'venkey', 'jagdeshkas', 'rajgopal74', 'lbyrne123']"
14,24,16,15,8,"['heavenward79', 'gpinkel', 'jliu86', 'camellog', 'agrieco', 'timbow', 'vishniakou', 'olesyasun']",8,"['haoziyanwo', 'kaidu', 'nakata', 'japflieg', 'vijayen', 'j5ong', 'hosuklee78', 'pgrutz']",7,"['sunke', 'vcl', 'derfnofred', 'aohoka', 'ericson168', 'aggiemuchuan', 'luweizju']",23,"['heavenward79', 'gpinkel', 'haoziyanwo', 'jliu86', 'sunke', 'agrieco', 'timbow', 'kaidu', 'nakata', 'vcl', 'derfnofred', 'ericson168', 'vijayen', 'aggiemuchuan', 'vishniakou', 'luweizju', 'pgrutz', 'camellog', 'japflieg', 'aohoka', 'j5ong', 'hosuklee78', 'olesyasun']"
14,23,16,5,2,"['japflieg', 'pgrutz']",14,"['heavenward79', 'gpinkel', 'haoziyanwo', 'jliu86', 'camellog', 'agrieco', 'timbow', 'kaidu', 'nakata', 'vijayen', 'vishniakou', 'j5ong', 'hosuklee78', 'olesyasun']",3,"['splyman', 'cheese1', 'tpblume87']",19,"['heavenward79', 'gpinkel', 'haoziyanwo', 'jliu86', 'agrieco', 'timbow', 'kaidu', 'nakata', 'vijayen', 'vishniakou', 'cheese1', 'pgrutz', 'camellog', 'japflieg', 'splyman', 'j5ong', 'hosuklee78', 'tpblume87', 'olesyasun']"
15,3,16,49,6,"['deguzouw', 'khuh', 'john3636', 'choi1', 'aaronmudd', 'zhang205']",10,"['nmahend2', 'enzelu1', 'ares_xlz', 'jain10', 'marsmoon', 'vrangel', 'frankzheng329', 'hector0785', 'xinhai', 'dbhatn2']",43,"['purukhandue', 'mazad', 'kmsj2', 'kbyun', 'mconaboy', 'thartman', 'abishmalik', 'ratanrego', 'tkazokas', 'pasera', 'taliaho', 'tdougan', 'dtracy', 'zhang118', 'vqnguyen', 'cbean', 'pjcannon', 'chen145', 'jackfrost9p', 'jamescui', 'dwilkes', 'eenginerd', 'jainrajat11', 'manakaw', 'yangliqun', 'weim', 'mhlebask', 'hirawan', 'pandey', 'rpithadi', 'wtowens', 'ajfunche', 'lee251', 'petey27', 'afrierso', 'arthurfacon', 'panren2006', 'greenpurdue', 'pxu', 'obernada', 'kmmaurer', 'kylerupp87', 'vahuja']",59,"['nmahend2', 'jain10', 'thartman', 'abishmalik', 'khuh', 'pasera', 'taliaho', 'tdougan', 'vqnguyen', 'pjcannon', 'zhang205', 'eenginerd', 'mhlebask', 'hirawan', 'rpithadi', 'wtowens', 'enzelu1', 'lee251', 'afrierso', 'deguzouw', 'greenpurdue', 'pxu', 'obernada', 'kmmaurer', 'kylerupp87', 'vahuja', 'purukhandue', 'mazad', 'kmsj2', 'kbyun', 'mconaboy', 'john3636', 'choi1', 'ratanrego', 'tkazokas', 'dtracy', 'zhang118', 'cbean', 'chen145', 'frankzheng329', 'jackfrost9p', 'jamescui', 'xinhai', 'dwilkes', 'yangliqun', 'jainrajat11', 'manakaw', 'weim', 'marsmoon', 'pandey', 'aaronmudd', 'hector0785', 'ajfunche', 'dbhatn2', 'petey27', 'ares_xlz', 'arthurfacon', 'panren2006', 'vrangel']"
15,4,16,7,1,['choi1'],15,"['nmahend2', 'enzelu1', 'ares_xlz', 'deguzouw', 'khuh', 'jain10', 'marsmoon', 'john3636', 'vrangel', 'frankzheng329', 'aaronmudd', 'zhang205', 'hector0785', 'xinhai', 'dbhatn2']",6,"['serekson', 'monil2912', 'mhlebask', 'tgreenhi', 'mconaboy', 'rslosser']",22,"['nmahend2', 'monil2912', 'jain10', 'marsmoon', 'mhlebask', 'tgreenhi', 'mconaboy', 'john3636', 'choi1', 'aaronmudd', 'hector0785', 'dbhatn2', 'serekson', 'enzelu1', 'ares_xlz', 'deguzouw', 'khuh', 'vrangel', 'rslosser', 'frankzheng329', 'zhang205', 'xinhai']"
16,10,16,18,2,"['littlemooncake', 'pankaj_kvhld']",14,"['zhohuo', 'osso', 'srinivasan1984', 'rok1986', 'behnambanan', 'neo781017', 'mitrasomak', 'tiboy', 'moeen84', 'athom', 'tiabilly', 'spritelala', 'aminkhan', 'rouget']",16,"['ull124', 'sreramanm', 'hchhide', 'mariaana', 'jmpm', 'zhiying', 'mikkni', 'yuxingangzju', 'stahel', 'emibac', 'vivi6', 'meixian82', 'allentrue', 'nanosolar', 'exampleoma', 'holmeschow052310']",32,"['zhohuo', 'osso', 'ull124', 'sreramanm', 'rok1986', 'neo781017', 'pankaj_kvhld', 'mikkni', 'tiboy', 'yuxingangzju', 'stahel', 'littlemooncake', 'athom', 'vivi6', 'allentrue', 'nanosolar', 'exampleoma', 'rouget', 'hchhide', 'srinivasan1984', 'behnambanan', 'mariaana', 'mitrasomak', 'jmpm', 'moeen84', 'zhiying', 'emibac', 'tiabilly', 'spritelala', 'aminkhan', 'meixian82', 'holmeschow052310']"
17,69,15,9,5,"['nicfang', 'graf4', 'crazedcatatonic5', 'mail2na', 'somnath2']",10,"['bailey99999', 'sbboyd2', 'singulani', 'chrismy', 'caorduno', 'arbiter007', 'sthomps9', 'pinkfrida', 'cho119', 'sontran']",4,"['kim857', 'douglasy', 'sobh', 'fmflake']",19,"['singulani', 'caorduno', 'graf4', 'kim857', 'arbiter007', 'sthomps9', 'pinkfrida', 'somnath2', 'sontran', 'fmflake', 'bailey99999', 'sbboyd2', 'chrismy', 'douglasy', 'sobh', 'cho119', 'crazedcatatonic5', 'mail2na', 'nicfang']"
18,15,15,13,8,"['susma', 'yamini', 'kanneganti', 'sanjay007', 'vamsi007', 'vinay_2010', 'ganesh_kanumilli', 'vijayak']",7,"['cabreraw1', 'thalaiva29', 'ylu6', 'chenjiezhi', 'garrettschlenvogt', 'arsenal', 'raoy']",5,"['vamsi', 'yalavarthi', 'ddavidson7', 'ssahmed', 'bhaley']",20,"['cabreraw1', 'thalaiva29', 'susma', 'yalavarthi', 'ylu6', 'yamini', 'chenjiezhi', 'ddavidson7', 'kanneganti', 'sanjay007', 'vamsi007', 'vinay_2010', 'ganesh_kanumilli', 'bhaley', 'vamsi', 'garrettschlenvogt', 'ssahmed', 'arsenal', 'raoy', 'vijayak']"
18,14,15,7,1,['cabreraw1'],14,"['thalaiva29', 'susma', 'ylu6', 'yamini', 'chenjiezhi', 'garrettschlenvogt', 'kanneganti', 'sanjay007', 'arsenal', 'raoy', 'vamsi007', 'vinay_2010', 'ganesh_kanumilli', 'vijayak']",6,"['juliushorvath', 'srikar85', 'ddickjr', 'julbyk', 'termini_qin', 'eshoko']",21,"['cabreraw1', 'thalaiva29', 'susma', 'ylu6', 'yamini', 'chenjiezhi', 'kanneganti', 'termini_qin', 'sanjay007', 'vamsi007', 'vinay_2010', 'ganesh_kanumilli', 'eshoko', 'srikar85', 'juliushorvath', 'ddickjr', 'julbyk', 'garrettschlenvogt', 'arsenal', 'raoy', 'vijayak']"
19,20,14,27,12,"['cacurtis', 'fallya', 'dganger', 'johnd', 'yyuan', 'donpablo', 'nkchen', 'suavecito', 'lixinlixinn', 'gregoriospencer', 'joebutler9', 'ngovi']",2,"['jngkd', 'mdnb2']",15,"['god123456789', 'ccassels', 'yohaikal', 'patrick1988', 'ssaraki', 'vuongh1', 'tunjisamuel', 'bstamand', 'fjlatona', 'eryoung', 'realmofreals', 'sensisounds', 'dongsong_1', 'sabbasiy', 'adubasu']",29,"['ccassels', 'johnd', 'lixinlixinn', 'gregoriospencer', 'dongsong_1', 'joebutler9', 'ngovi', 'yohaikal', 'patrick1988', 'dganger', 'tunjisamuel', 'nkchen', 'yyuan', 'cacurtis', 'vuongh1', 'bstamand', 'donpablo', 'fjlatona', 'realmofreals', 'sensisounds', 'god123456789', 'ssaraki', 'fallya', 'jngkd', 'eryoung', 'suavecito', 'mdnb2', 'sabbasiy', 'adubasu']"
20,40,13,12,11,"['weinzapf', 'mrakita', 'sim', 'bdleonar', 'tdare', 'spidermonkey', 'faraztehrani', 'mharvazi', 'wsvandyk', 'ajmendoz', 'harshayejju']",2,"['zigeun', 'samdin8084']",1,['mazhar398'],14,"['faraztehrani', 'wsvandyk', 'bdleonar', 'mharvazi', 'weinzapf', 'samdin8084', 'sim', 'mrakita', 'mazhar398', 'spidermonkey', 'zigeun', 'tdare', 'ajmendoz', 'harshayejju']"
22,73,12,18,12,"['player727', 'cyyiu', 'ssai52', 'bhsu_tw', 'huiwen', 'waterydan', 'shizukuse', 'franky', 'zcsu', 'ttk', 'fortissimo', 'leoplct']",0,[],6,"['chestnut', 'kflee2008', 'mhhan', 'vsk', 'tmhsieh', 'samuel2008']",18,"['player727', 'cyyiu', 'chestnut', 'huiwen', 'waterydan', 'mhhan', 'franky', 'tmhsieh', 'samuel2008', 'leoplct', 'bhsu_tw', 'ssai52', 'kflee2008', 'vsk', 'shizukuse', 'zcsu', 'ttk', 'fortissimo']"
23,7,12,12,2,"['kmcmulle', 'jzeng']",10,"['tseyulin', 'jcwirth', 'spaceel', 'ykubo', 'beneintray', 'alolita', 'dswood', 'park249', 'neala', 'joywith']",10,"['jakho', 'dhc529', 'apenumat', 'amitagarwal', 'ramon', 'qiub', 'nmustaff', 'jeem9', 'xiongg', 'jshehade']",22,"['tseyulin', 'jakho', 'spaceel', 'jcwirth', 'apenumat', 'beneintray', 'alolita', 'dswood', 'park249', 'xiongg', 'jshehade', 'ykubo', 'jzeng', 'dhc529', 'kmcmulle', 'amitagarwal', 'ramon', 'qiub', 'jeem9', 'neala', 'nmustaff', 'joywith']"
23,37,12,8,4,"['dswood', 'beneintray', 'ykubo', 'spaceel']",8,"['tseyulin', 'jzeng', 'jcwirth', 'kmcmulle', 'alolita', 'park249', 'neala', 'joywith']",4,"['mpalenik', 'donkey20040469', 'mqlion01', 'smith172']",16,"['tseyulin', 'spaceel', 'jcwirth', 'smith172', 'beneintray', 'alolita', 'dswood', 'park249', 'mpalenik', 'mqlion01', 'ykubo', 'jzeng', 'kmcmulle', 'donkey20040469', 'neala', 'joywith']"
25,45,11,25,1,['isamini'],10,"['cheerfulshiva', 'dchowe', 'jestout', 'jmlisenb', 'brain2331', 'zbode05', 'nkhatri50', 'jmbernie', 'hosummo', 'jhart1988']",24,"['linaalvarez', 'cnunezc', 'harlingenkid06', 'kumadbindu', 'arloedx', 'mattdit9', 'melody1007', 'swathipriya', 'hhuq', 'xt3rmin8', 'pavanjasti', 'agarciagr', 'arod923', 'javiercastillo', 'ssingam', 'jsanchezy23', 'eleggo', 'aaviles25', 'ybai', 'relizondozy', 'drodriguezz4', 'faraon956', 'rriosz18', 'eriosc2']",35,"['cheerfulshiva', 'jestout', 'linaalvarez', 'brain2331', 'cnunezc', 'harlingenkid06', 'kumadbindu', 'jhart1988', 'arloedx', 'dchowe', 'jmlisenb', 'nkhatri50', 'mattdit9', 'melody1007', 'swathipriya', 'hhuq', 'xt3rmin8', 'pavanjasti', 'agarciagr', 'arod923', 'javiercastillo', 'hosummo', 'ssingam', 'jsanchezy23', 'zbode05', 'eleggo', 'aaviles25', 'ybai', 'jmbernie', 'isamini', 'relizondozy', 'drodriguezz4', 'faraon956', 'rriosz18', 'eriosc2']"
25,44,11,10,8,"['jestout', 'jmlisenb', 'brain2331', 'zbode05', 'nkhatri50', 'jmbernie', 'hosummo', 'jhart1988']",3,"['cheerfulshiva', 'dchowe', 'isamini']",2,"['hauptjaeger', 'hredahegn']",13,"['cheerfulshiva', 'hauptjaeger', 'jestout', 'brain2331', 'hosummo', 'jhart1988', 'dchowe', 'jmlisenb', 'nkhatri50', 'zbode05', 'jmbernie', 'isamini', 'hredahegn']"
28,3,9,49,8,"['lee251', 'taliaho', 'zhang118', 'vqnguyen', 'chen145', 'pxu', 'pjcannon', 'kylerupp87']",1,['green16'],41,"['purukhandue', 'mazad', 'kmsj2', 'kbyun', 'mconaboy', 'thartman', 'john3636', 'choi1', 'abishmalik', 'ratanrego', 'tkazokas', 'khuh', 'pasera', 'tdougan', 'dtracy', 'cbean', 'jackfrost9p', 'jamescui', 'zhang205', 'dwilkes', 'eenginerd', 'jainrajat11', 'manakaw', 'yangliqun', 'weim', 'mhlebask', 'hirawan', 'pandey', 'rpithadi', 'aaronmudd', 'wtowens', 'ajfunche', 'petey27', 'afrierso', 'arthurfacon', 'deguzouw', 'panren2006', 'greenpurdue', 'obernada', 'kmmaurer', 'vahuja']",50,"['purukhandue', 'mazad', 'green16', 'kmsj2', 'kbyun', 'mconaboy', 'thartman', 'john3636', 'choi1', 'abishmalik', 'ratanrego', 'tkazokas', 'khuh', 'pasera', 'taliaho', 'tdougan', 'dtracy', 'zhang118', 'vqnguyen', 'chen145', 'pjcannon', 'cbean', 'jackfrost9p', 'jamescui', 'zhang205', 'dwilkes', 'eenginerd', 'jainrajat11', 'manakaw', 'yangliqun', 'weim', 'mhlebask', 'hirawan', 'pandey', 'rpithadi', 'aaronmudd', 'wtowens', 'ajfunche', 'lee251', 'petey27', 'afrierso', 'arthurfacon', 'deguzouw', 'panren2006', 'greenpurdue', 'pxu', 'obernada', 'kmmaurer', 'kylerupp87', 'vahuja']"
28,61,9,15,2,"['zhang118', 'vqnguyen']",7,"['lee251', 'green16', 'taliaho', 'chen145', 'pxu', 'pjcannon', 'kylerupp87']",13,"['naman', 'petey27', 'yangliqun', 'ratanrego', 'jhaveri', 'kbyun', 'panren2006', 'kbaciaus', 'greenpurdue', 'jdickers', 'kmmaurer', 'nstorey', 'rpithadi']",22,"['green16', 'yangliqun', 'jhaveri', 'kbyun', 'kbaciaus', 'jdickers', 'nstorey', 'rpithadi', 'naman', 'lee251', 'petey27', 'ratanrego', 'panren2006', 'taliaho', 'zhang118', 'vqnguyen', 'greenpurdue', 'chen145', 'pxu', 'pjcannon', 'kmmaurer', 'kylerupp87']"
28,11,9,6,1,['lee251'],8,"['green16', 'taliaho', 'zhang118', 'vqnguyen', 'chen145', 'pxu', 'pjcannon', 'kylerupp87']",5,"['serekson', 'cocker867', 'mwkhan', 'mmakowsk', 'obernada']",14,"['serekson', 'lee251', 'green16', 'cocker867', 'taliaho', 'mwkhan', 'zhang118', 'vqnguyen', 'mmakowsk', 'chen145', 'pxu', 'pjcannon', 'obernada', 'kylerupp87']"
29,51,9,7,6,"['peggywidjaja', 'moniqueospinal', 'dunny505', 'jtanumihardja', 'renoona', 'moriab']",3,"['tjl715', 'bthayer', 'marinen']",1,['melissad'],10,"['peggywidjaja', 'melissad', 'tjl715', 'moniqueospinal', 'jtanumihardja', 'dunny505', 'bthayer', 'renoona', 'moriab', 'marinen']"
30,10,9,18,8,"['ull124', 'sreramanm', 'hchhide', 'zhiying', 'yuxingangzju', 'vivi6', 'meixian82', 'nanosolar']",1,['mohammad_shayeste'],10,"['mariaana', 'pankaj_kvhld', 'jmpm', 'mikkni', 'stahel', 'littlemooncake', 'emibac', 'allentrue', 'exampleoma', 'holmeschow052310']",19,"['ull124', 'sreramanm', 'pankaj_kvhld', 'mikkni', 'yuxingangzju', 'vivi6', 'stahel', 'littlemooncake', 'nanosolar', 'allentrue', 'exampleoma', 'hchhide', 'zhiying', 'mariaana', 'jmpm', 'emibac', 'meixian82', 'mohammad_shayeste', 'holmeschow052310']"
32,32,7,12,6,"['thanatoswang', 'novakovic', 'tela', 'ikukokitamura', 'aminnich', 'nvs9']",1,['amoham2'],6,"['jwood1985', 'vihar79', 'pschakraborty', 'githin', 'mikeggibson', 'surajsubash']",13,"['jwood1985', 'tela', 'thanatoswang', 'vihar79', 'amoham2', 'aminnich', 'mikeggibson', 'nvs9', 'novakovic', 'ikukokitamura', 'pschakraborty', 'githin', 'surajsubash']"
33,67,7,50,7,"['kbernard', 'amodtimalsina', 'jcagadas', 'agdoutou', 'sjd345', 'aku108', 'nisha89']",0,[],43,"['ckonfirst', 'edsmith13', 'tlw893', 'schia', 'ecuares', 'heatherhelledge', 'aeng', 'choward28', 'laurendavis2010', 'cbarrett', 'erinanncook', 'phue', 'nickkm7', 'mkamradt1', 'clau', 'claybrengman', 'afrancescatti', 'smazo', 'laherro', 'scombs', 'sthottathil', 'jasanchez', 'smorris', 'sflorczak', 'smurcko', 'bferdinand', 'dwu417', 'sflood', 'mez377', 'jchertow', 'jsainte', 'dkargman', 'lauralep', 'awong42', 'raznaahmad', 'mczech', 'wendyjo410', 'evitt', 'dkim2', 'bclegg56', '8u9i0o', 'fka560', 'svillalpando']",50,"['ckonfirst', 'edsmith13', 'tlw893', 'schia', 'ecuares', 'heatherhelledge', 'aeng', 'aku108', 'choward28', 'laurendavis2010', 'cbarrett', 'kbernard', 'erinanncook', 'phue', 'nickkm7', 'mkamradt1', 'clau', 'claybrengman', 'afrancescatti', 'smazo', 'laherro', 'scombs', 'sthottathil', 'jasanchez', 'smorris', 'sflorczak', 'amodtimalsina', 'smurcko', 'bferdinand', 'dwu417', 'agdoutou', 'sflood', 'mez377', 'jchertow', 'jsainte', 'dkargman', 'lauralep', 'awong42', 'raznaahmad', 'mczech', 'jcagadas', 'wendyjo410', 'sjd345', 'evitt', 'dkim2', 'bclegg56', '8u9i0o', 'fka560', 'nisha89', 'svillalpando']"
34,50,7,11,7,"['tashadrake2014', 'mblalonde', 'mpersoni', 'mimilou78', 'jharris', 'vharrison', 'awesometa2014']",0,[],4,"['anmura', 'smparker', 'zhian', 'kang1120']",11,"['tashadrake2014', 'mimilou78', 'zhian', 'kang1120', 'vharrison', 'smparker', 'mblalonde', 'mpersoni', 'jharris', 'anmura', 'awesometa2014']"
37,72,6,6,1,['max1030'],5,"['ppatel', 'somaia_sylvia', 'ppp134', 'kianchang', 'kite']",5,"['min1905', 'omh2125', 'pandori79', 'sedusedu', 'alfredolee']",11,"['min1905', 'ppatel', 'omh2125', 'somaia_sylvia', 'pandori79', 'ppp134', 'kianchang', 'sedusedu', 'max1030', 'alfredolee', 'kite']"
40,57,6,6,5,"['lucanadaletto', 'djva', 'fpga', 'smodis85', 'benzo']",1,['baldo'],1,['cberti'],7,"['lucanadaletto', 'djva', 'fpga', 'smodis85', 'benzo', 'cberti', 'baldo']"
41,6,6,7,1,['anishv'],5,"['jancely', 'll2bf', 'jmikulak', 'sachindubey', 'gbp1984']",6,"['serekson', 'chen272', 'cocker867', 'monil2912', 'wlpierret', 'ashraf']",12,"['jancely', 'serekson', 'll2bf', 'chen272', 'anishv', 'cocker867', 'monil2912', 'wlpierret', 'jmikulak', 'ashraf', 'sachindubey', 'gbp1984']"
42,56,6,21,6,"['yecongwang', 'dinascraz01', 'pmccallu', 'davidliu', 'alimiadi', 'jscibett']",0,[],15,"['sjmen', 'smilingdonglin', 'dannyguo', 'biswajit025', 'bharath88', 'hessks', 'aritchey', 'reid', 'potax', 'rohitv16', 'linkenghua', 'atambat', 'dotorres', 'cheng22', 'redwing']",21,"['smilingdonglin', 'dinascraz01', 'biswajit025', 'hessks', 'potax', 'rohitv16', 'linkenghua', 'atambat', 'dotorres', 'redwing', 'jscibett', 'sjmen', 'yecongwang', 'dannyguo', 'bharath88', 'aritchey', 'pmccallu', 'reid', 'davidliu', 'alimiadi', 'cheng22']"
43,49,5,9,3,"['jiwonchang', 'panfeng1018', 'liuxin']",2,"['franktank', 'dvarghe']",6,"['go', 'archana1v', 'priyamvada', 'gkartik', 'amroy', 'gongchenghust']",11,"['jiwonchang', 'archana1v', 'go', 'priyamvada', 'franktank', 'dvarghe', 'liuxin', 'gkartik', 'panfeng1018', 'amroy', 'gongchenghust']"
46,59,5,8,4,"['valentina', 'alessandrobetti', 'giuseppepasetti', 'martina82']",1,['dasteuerman'],4,"['yabin', 'whulanza01', 'gekco', 'jwalczak']",9,"['alessandrobetti', 'jwalczak', 'dasteuerman', 'whulanza01', 'giuseppepasetti', 'valentina', 'yabin', 'gekco', 'martina82']"
48,4,5,7,1,['rslosser'],4,"['bnowak1287', 'drestes', 'tgregg', 'mhmalik']",6,"['serekson', 'monil2912', 'mhlebask', 'tgreenhi', 'mconaboy', 'choi1']",11,"['serekson', 'monil2912', 'bnowak1287', 'drestes', 'mhlebask', 'tgreenhi', 'tgregg', 'mconaboy', 'rslosser', 'mhmalik', 'choi1']"
49,72,5,6,3,"['min1905', 'pandori79', 'omh2125']",2,"['dorun113', 'steve01903']",3,"['sedusedu', 'max1030', 'alfredolee']",8,"['min1905', 'omh2125', 'steve01903', 'dorun113', 'pandori79', 'sedusedu', 'max1030', 'alfredolee']"
