MClusterID,XClusterID,MClusterSize,XClusterSize,OverlapSize,OverlapMembers,MOnlySize,MOnlyMembers,XOnlySize,XOnlyMembers,CombinedSize,CombinedMembers
1,24,449,371,360,"['jlee', 'jesnyder', 'swalchuk', 'csouthard', 'wsun', 'rmetzler', 'jweishaar', 'sflores', 'robbrown', 'kroderer', 'lfoulke', 'rferraro', 'laybar', 'slim', 'awellman', 'erobinson', 'chaimann', 'eunterbrink', 'yongjoo87', 'jneilsson', 'kmorgan', 'aelmy', 'cpark', 'cdipompeo', 'kbatra', 'jlt453', 'smoffett', 'dspade', 'damaranto', 'bmattson', 'zsersland', 'jramsley', 'jordanduval', 'jlemaster', 'kparekh', 'leochild2005', 'prettynpink221', 'abeswick', 'sburrill', 'ldelaney', 'awhittington', 'msarkulova', 'cblack', 'smui', 'msivasubramaniam', 'rtsang', 'sstrong', 'kcebrian', 'smoy', 'bniklinska', 'xbasko', 'mroebuck', 'bfrett', 'mgilmour', 'rwinnegar', 'seankim', 'kgspears', 'mlowes', 'hschroeder', 'ebell', 'jbastiaens', 'skramer', 'wpearse', 'marthachang', 'igemp', 'amorales', 'noodles5', 'nchu', 'cmcgourty', 'asantamarina', 'bpk122', 'mhyre', 'nperkins', 'cchristianson', 'jjaume', 'bbrochu', 'bschnedl', 'vrivas', 'mzou', 'jpineda', 'suchida', 'jschulze', 'jdattilo', 'geieea', 'grebesco', 'mtapkowski', 'dwu', 'klandry', 'asprague', 'tgonzales', 'mpsorkin', 'jdrake', 'eschaefer', 'agoodman', 'atalai', 'asisodia', 'jdinneen', 'kbg813', 'ehaug', 'jsavitsky', 'cconrad', 'rkaringada', 'slu', 'clu', 'tcouri', 'dbaik', 'aocchiuti', 'ymanibog', 'ndvora', 'ecunningham', 'erausch', 'smo596', 'jmehra', 'abarr', 'sdixit', 'vmanko', 'dsiegal', 'slasselle', 'wstokely', 'kschuette', 'g3styx', 'jmenkin', 'pnolan', 'bweisse', 'slhatch', 'churley', 'psampath', 'jps939', 'jobremski', 'srao', 'jilliann2', 'jswenson', 'ysalah', 'Juliadeschenes', 'alopez', 'mbykowski', 'zharb', 'jroig1', 'pliu', 'jcarson', 'dcooperberg', 'elliottwallace', 'kstoddart', 'sfriedman', 'laurahchoi', 'aka220', 'dblumenthal', 'kkao', 'kmortensen', 'clin', 'mmotiani', 'rkatz', 'cfrench', 'aasthana', 'del982', 'mhoffmann', 'dshafir', 'amelnyk', 'npentelovitch', 'arahman', 'jcummins', 'roub0008', 'jaq945', 'jdavid', 'fome', 'nshultz', 'vvalenzuela', 'aroybal', 'abruzek', 'gdasovich', 'ameyers', 'vleung', 'djwhack03', 'sdang', 'swundrow', 'dshabeeb', 'treber', 'mkubiak', 'bfu109', 'calfonso', 'tpoole', 'astrick', 'khiggins', 'dfang', 'jbeltran', 'mamofa', 'chaselhorst', 'gescobar', 'wuttarapatriyakul', 'kkang', 'bwalker423', 'jlye', 'lstene', 'sdaudi', 'jzona', 'ahurd', 'elemasters', 'chem10107', 'jstroup', 'frankzhang', 'jchowaniec', 'dflint', 'dtorres', 'bvu', 'WUTTARAPATRIYAKUL', 'Mehwish916', 'ikornblau', 'kkovatch', 'rlee', 'gbanner', 'lwelke', 'cclark', 'jdarby', 'evelyncarter', 'aahmad', 'ohkwon', 'soconnell', 'fuckme', 'nfrench', 'shanks53', 'lbrengman', 'skim', 'lkarvelis', 'aechevarria', 'mradadia', 'ganderson', 'yixak', 'dliu', 'jhan', 'aloon', 'mshah22', 'pkalkat', 'ccarhart', 'jkircher', 'jallen', 'tchou', 'aepstein', 'jmeissner', 'bschaefer', 'hdurschlag', 'jlopez', 'mkahle', 'sju', 'rkhazai', 'xyin', 'cvenatta', 'jsnyder', 'ASiddiqui', 'mfenech', 'acm', 'scrow', 'amahajan', 'kmp423', 'swahab', 'adhar2', 'mja276', 'dburk', 'jmarrone', 'fzhang', 'emurphy', 'stacilaci56', 'ccl356', 'sfarley', 'awagner', 'csherman', 'msood', 'cwhite', 'rgribben', 'lowen', 'LWELKE', 'ealtman', 'asarwark', 'jsneed', 'nkraska', 'JuliaDesChenes', 'jguliap', 'uchidas', 'dyao', 'ktakahashi', 'rpickering', 'ksampson', 'brwass', 'rgopal', 'gschultz', 'jswanson', 'jbragg', 'mphilben', 'mfenstermaker', 'kfreer', 'tsn821', 'ckwan', 'ktommerdahl', 'dufford', 'jdawson', 'dnebel', 'SHaolinquan', 'swilson', 'nmsingh', 'crush', 'claireboland', 'kshedd', 'Aaronbenjamin', 'dwg482', 'bdemurihaeberle', 'psteptoe', 'jteno', 'dwang', 'rsmith', 'asiddiqui', 'ekatz', 'ndhawan', 'mrahman23', 'KTietjen', 'barlas', 'eskim', 'jaltenhofen', 'als753', 'cgrandau', 'bmanojlovic', 'pcoleman', 'spark', 'osostan', 'cvega', 'eohira', 'mkalina', 'cmiksis', 'jdeschenes', 'Shaolinquan', 'mfrancisco', 'mfederspiel', 'aschattner', 'lweiss', 'kalbertine', 'hwolfman', 'bsummersgill', 'pbaranwal', 'jgavil', 'mchen', 'smiller', 'ewest', 'cpai', 'ikos', 'ebader', 'cliu', 'ashutton', 'sarnold', 'hknai', 'lkingsbury', 'dculhane', 'pszalwinski', 'aaronbenjamin', 'cpowersmaher', 'darosner', 'bnielsen', 'SLIM', 'ksulzer', 'jyoung88', 'ktietjen', 'dmenon', 'athaler']",89,"['aim512', 'therrmann', 'Dangel', 'LauraK', 'akim', 'JSavitsky', 'Ikornblau', 'acarroll', 'mehwish916', 'asuresh', 'akhan', 'jschulze1', 'chicah444', 'zeidlab', 'kcysewski', 'choel', 'dal767', 'jonaltenhofen', 'nash73', 'agast', 'kvb507', 'vladmanko', 'cboland', 'dchoi', 'sindhu108', 'MChen', 'jmehrotra', 'mickey_g3', 'tofinesse333', 'petarvidak', 'lgerkowicz', 'KKessler', 'ckilic', 'jdshank44', 'heisenman', 'wheat_thin636', 'lfs919', 'clifford', 'jsteinberg', 'Akhan', 'rmb907', 'apumm', 'mfederspiel1', 'mickey', 'vivekanandbhardwaj', 'agassifeng', 'kjs901', 'bigkrezca32', 'zes975', 'Edawson', 'jwang10', 'cpa475', 'SSINGH', 'shaolinquan', 'smw823', 'ktaylor', 'querner', 'dsturgeon', 'alang', 'evedgebah', 'prabath', 'fkhan', 'rickyp999', 'jerickson', 'pmodi', 'JMeissner', 'jhl326', 'rbaroch', 'Asprague', 'mnovacanes', 'jroig', 'pdziedzic', 'parker9', 'AWellman', 'mbarrett', 'cnh872', 'mis130', 'LKINGSBURY', 'jshabosky', 'lawchang88', 'jjones', 'aji536', 'jessicag', 'dsy389', 'chastings', 'edawson', 'toconnell', 'danielbaik', 'kstoerzinger']",11,"['Preets15', 'tejerina', 'ausmanlk', 'vgunderson', 'jroden', 'balenwhi', 'alondanon', 'mfa713', 'justineshaw', 'dcao', 'achin']",460,"['jlee', 'jesnyder', 'swalchuk', 'csouthard', 'wsun', 'rmetzler', 'akim', 'sflores', 'jweishaar', 'tejerina', 'robbrown', 'kroderer', 'Ikornblau', 'acarroll', 'asuresh', 'lfoulke', 'rferraro', 'laybar', 'slim', 'awellman', 'erobinson', 'nash73', 'mfa713', 'chaimann', 'eunterbrink', 'yongjoo87', 'jneilsson', 'kmorgan', 'dchoi', 'aelmy', 'cpark', 'cdipompeo', 'kbatra', 'jlt453', 'ckilic', 'jdshank44', 'smoffett', 'dspade', 'zsersland', 'damaranto', 'bmattson', 'jramsley', 'jsteinberg', 'jordanduval', 'jlemaster', 'kparekh', 'mfederspiel1', 'leochild2005', 'prettynpink221', 'sburrill', 'abeswick', 'Preets15', 'ldelaney', 'kjs901', 'awhittington', 'msarkulova', 'cblack', 'smui', 'msivasubramaniam', 'Edawson', 'rtsang', 'sstrong', 'kcebrian', 'smoy', 'bniklinska', 'cpa475', 'xbasko', 'mroebuck', 'jroden', 'bfrett', 'shaolinquan', 'smw823', 'mgilmour', 'rwinnegar', 'seankim', 'kgspears', 'mlowes', 'hschroeder', 'ebell', 'jbastiaens', 'skramer', 'wpearse', 'alang', 'marthachang', 'igemp', 'amorales', 'noodles5', 'nchu', 'cmcgourty', 'asantamarina', 'bpk122', 'mhyre', 'cchristianson', 'nperkins', 'rbaroch', 'jjaume', 'bbrochu', 'vrivas', 'bschnedl', 'mnovacanes', 'mzou', 'jpineda', 'suchida', 'jschulze', 'jdattilo', 'parker9', 'geieea', 'grebesco', 'mtapkowski', 'dwu', 'klandry', 'asprague', 'tgonzales', 'mpsorkin', 'mis130', 'jdrake', 'eschaefer', 'ausmanlk', 'agoodman', 'atalai', 'asisodia', 'jdinneen', 'kbg813', 'ehaug', 'jsavitsky', 'cconrad', 'rkaringada', 'slu', 'clu', 'tcouri', 'dbaik', 'aocchiuti', 'ndvora', 'ymanibog', 'Dangel', 'ecunningham', 'erausch', 'smo596', 'jmehra', 'abarr', 'sdixit', 'vmanko', 'dsiegal', 'slasselle', 'akhan', 'jschulze1', 'wstokely', 'kschuette', 'g3styx', 'jmenkin', 'pnolan', 'bweisse', 'slhatch', 'churley', 'vladmanko', 'sindhu108', 'jmehrotra', 'psampath', 'mickey_g3', 'jps939', 'jobremski', 'KKessler', 'heisenman', 'srao', 'jilliann2', 'jswenson', 'ysalah', 'mickey', 'Juliadeschenes', 'agassifeng', 'dcao', 'alopez', 'mbykowski', 'zes975', 'zharb', 'jroig1', 'pliu', 'jcarson', 'dcooperberg', 'elliottwallace', 'kstoddart', 'sfriedman', 'laurahchoi', 'aka220', 'dblumenthal', 'ktaylor', 'kkao', 'kmortensen', 'clin', 'mmotiani', 'rkatz', 'rickyp999', 'cfrench', 'aasthana', 'jhl326', 'del982', 'mhoffmann', 'dshafir', 'amelnyk', 'npentelovitch', 'jroig', 'arahman', 'pdziedzic', 'jcummins', 'roub0008', 'jaq945', 'jdavid', 'fome', 'nshultz', 'vvalenzuela', 'aroybal', 'AWellman', 'abruzek', 'gdasovich', 'ameyers', 'LKINGSBURY', 'jjones', 'vleung', 'sdang', 'djwhack03', 'aji536', 'dshabeeb', 'jessicag', 'swundrow', 'dsy389', 'treber', 'mkubiak', 'bfu109', 'calfonso', 'edawson', 'tpoole', 'astrick', 'khiggins', 'dfang', 'therrmann', 'jbeltran', 'mamofa', 'chaselhorst', 'alondanon', 'gescobar', 'mehwish916', 'wuttarapatriyakul', 'kkang', 'chicah444', 'kcysewski', 'bwalker423', 'justineshaw', 'jlye', 'lstene', 'sdaudi', 'ahurd', 'jzona', 'kvb507', 'elemasters', 'chem10107', 'jstroup', 'MChen', 'frankzhang', 'dflint', 'jchowaniec', 'dtorres', 'bvu', 'WUTTARAPATRIYAKUL', 'wheat_thin636', 'Mehwish916', 'ikornblau', 'Akhan', 'kkovatch', 'rmb907', 'vivekanandbhardwaj', 'rlee', 'gbanner', 'lwelke', 'bigkrezca32', 'cclark', 'jdarby', 'evelyncarter', 'aahmad', 'ohkwon', 'soconnell', 'nfrench', 'fuckme', 'shanks53', 'lbrengman', 'skim', 'lkarvelis', 'aechevarria', 'mradadia', 'ganderson', 'dsturgeon', 'evedgebah', 'yixak', 'dliu', 'jerickson', 'aloon', 'pmodi', 'mshah22', 'pkalkat', 'JMeissner', 'jhan', 'ccarhart', 'jkircher', 'Asprague', 'jallen', 'tchou', 'aepstein', 'jmeissner', 'bschaefer', 'hdurschlag', 'jlopez', 'mkahle', 'sju', 'rkhazai', 'xyin', 'mbarrett', 'cnh872', 'lawchang88', 'cvenatta', 'jsnyder', 'ASiddiqui', 'mfenech', 'acm', 'scrow', 'amahajan', 'kmp423', 'swahab', 'adhar2', 'mja276', 'dburk', 'danielbaik', 'jmarrone', 'fzhang', 'aim512', 'emurphy', 'stacilaci56', 'LauraK', 'sfarley', 'ccl356', 'awagner', 'JSavitsky', 'csherman', 'msood', 'cwhite', 'rgribben', 'lowen', 'LWELKE', 'ealtman', 'asarwark', 'zeidlab', 'jsneed', 'nkraska', 'JuliaDesChenes', 'choel', 'jguliap', 'dal767', 'uchidas', 'dyao', 'ktakahashi', 'rpickering', 'ksampson', 'jonaltenhofen', 'brwass', 'rgopal', 'agast', 'gschultz', 'jswanson', 'jbragg', 'mphilben', 'cboland', 'mfenstermaker', 'tofinesse333', 'petarvidak', 'kfreer', 'tsn821', 'lgerkowicz', 'ckwan', 'ktommerdahl', 'dufford', 'lfs919', 'jdawson', 'clifford', 'SHaolinquan', 'dnebel', 'swilson', 'nmsingh', 'apumm', 'crush', 'claireboland', 'kshedd', 'Aaronbenjamin', 'dwg482', 'bdemurihaeberle', 'jwang10', 'jteno', 'psteptoe', 'dwang', 'rsmith', 'asiddiqui', 'ekatz', 'SSINGH', 'ndhawan', 'mrahman23', 'KTietjen', 'barlas', 'eskim', 'jaltenhofen', 'als753', 'cgrandau', 'bmanojlovic', 'vgunderson', 'pcoleman', 'spark', 'osostan', 'querner', 'prabath', 'fkhan', 'cvega', 'eohira', 'mkalina', 'cmiksis', 'jdeschenes', 'Shaolinquan', 'balenwhi', 'mfrancisco', 'mfederspiel', 'aschattner', 'lweiss', 'kalbertine', 'hwolfman', 'bsummersgill', 'pbaranwal', 'jgavil', 'mchen', 'ewest', 'smiller', 'cpai', 'ikos', 'jshabosky', 'ebader', 'cliu', 'ashutton', 'sarnold', 'pszalwinski', 'lkingsbury', 'aaronbenjamin', 'dculhane', 'hknai', 'cpowersmaher', 'darosner', 'achin', 'bnielsen', 'SLIM', 'ksulzer', 'chastings', 'toconnell', 'jyoung88', 'ktietjen', 'dmenon', 'athaler', 'kstoerzinger']"
1,16,449,311,306,"['jlee', 'jesnyder', 'aim512', 'swalchuk', 'dfang', 'khiggins', 'therrmann', 'stacilaci56', 'wsun', 'aocchiuti', 'ymanibog', 'ndvora', 'jmarrone', 'ecunningham', 'rmetzler', 'Dangel', 'jbeltran', 'LauraK', 'erausch', 'akim', 'jweishaar', 'sflores', 'awagner', 'JSavitsky', 'smo596', 'mamofa', 'csherman', 'robbrown', 'jmehra', 'kroderer', 'abarr', 'sdixit', 'Ikornblau', 'cwhite', 'rgribben', 'acarroll', 'gescobar', 'dsiegal', 'slasselle', 'mehwish916', 'asuresh', 'akhan', 'wuttarapatriyakul', 'kkang', 'wstokely', 'lowen', 'LWELKE', 'chicah444', 'rferraro', 'ealtman', 'g3styx', 'zeidlab', 'jmenkin', 'kcysewski', 'nkraska', 'JuliaDesChenes', 'choel', 'dal767', 'jlye', 'rpickering', 'ksampson', 'pnolan', 'jonaltenhofen', 'brwass', 'erobinson', 'bweisse', 'jzona', 'ahurd', 'rgopal', 'yongjoo87', 'agast', 'kvb507', 'gschultz', 'jswanson', 'jbragg', 'vladmanko', 'jstroup', 'cboland', 'dchoi', 'kmorgan', 'sindhu108', 'jmehrotra', 'MChen', 'cpark', 'psampath', 'frankzhang', 'jps939', 'mfenstermaker', 'jchowaniec', 'jobremski', 'dflint', 'tofinesse333', 'kfreer', 'tsn821', 'lgerkowicz', 'kbatra', 'dtorres', 'jlt453', 'ckwan', 'ktommerdahl', 'jdshank44', 'heisenman', 'dspade', 'bmattson', 'zsersland', 'srao', 'wheat_thin636', 'dufford', 'jswenson', 'lfs919', 'jramsley', 'clifford', 'ysalah', 'dnebel', 'SHaolinquan', 'swilson', 'ikornblau', 'Akhan', 'rmb907', 'apumm', 'kparekh', 'mfederspiel1', 'pszalwinski', 'agassifeng', 'rlee', 'gbanner', 'claireboland', 'alopez', 'kshedd', 'sburrill', 'prettynpink221', 'abeswick', 'mbykowski', 'ldelaney', 'awhittington', 'msarkulova', 'bigkrezca32', 'dwg482', 'cblack', 'zes975', 'bdemurihaeberle', 'msivasubramaniam', 'cclark', 'rtsang', 'sstrong', 'jwang10', 'kcebrian', 'jteno', 'dwang', 'jdarby', 'jcarson', 'rsmith', 'evelyncarter', 'bniklinska', 'cpa475', 'dcooperberg', 'ekatz', 'ndhawan', 'xbasko', 'mroebuck', 'kstoddart', 'KTietjen', 'shaolinquan', 'soconnell', 'nfrench', 'smw823', 'shanks53', 'mgilmour', 'eskim', 'lbrengman', 'skim', 'laurahchoi', 'aka220', 'dblumenthal', 'als753', 'seankim', 'mlowes', 'pcoleman', 'aechevarria', 'hschroeder', 'ktaylor', 'ebell', 'kkao', 'jbastiaens', 'ganderson', 'spark', 'kmortensen', 'skramer', 'dsturgeon', 'wpearse', 'alang', 'evedgebah', 'clin', 'mmotiani', 'fkhan', 'igemp', 'rickyp999', 'yixak', 'amorales', 'dliu', 'noodles5', 'jhan', 'nchu', 'cmcgourty', 'asantamarina', 'cfrench', 'mshah22', 'pmodi', 'aasthana', 'pkalkat', 'mhyre', 'jhl326', 'JMeissner', 'eohira', 'nperkins', 'ccarhart', 'rbaroch', 'Asprague', 'bschnedl', 'vrivas', 'mnovacanes', 'del982', 'mzou', 'jpineda', 'suchida', 'mhoffmann', 'jschulze', 'mfrancisco', 'npentelovitch', 'tchou', 'aepstein', 'arahman', 'aschattner', 'pdziedzic', 'kalbertine', 'jmeissner', 'jdattilo', 'bschaefer', 'jaq945', 'hdurschlag', 'fome', 'nshultz', 'bsummersgill', 'pbaranwal', 'vvalenzuela', 'jgavil', 'aroybal', 'AWellman', 'rkhazai', 'xyin', 'mbarrett', 'ewest', 'abruzek', 'tgonzales', 'gdasovich', 'cnh872', 'mis130', 'LKINGSBURY', 'jshabosky', 'lawchang88', 'jdrake', 'eschaefer', 'vleung', 'djwhack03', 'sdang', 'dshabeeb', 'aji536', 'agoodman', 'atalai', 'jessicag', 'mfenech', 'acm', 'ashutton', 'dsy389', 'treber', 'asisodia', 'scrow', 'sarnold', 'jdinneen', 'kbg813', 'amahajan', 'mkubiak', 'hknai', 'bfu109', 'dculhane', 'ehaug', 'cpowersmaher', 'darosner', 'calfonso', 'ksulzer', 'kmp423', 'jsavitsky', 'chastings', 'adhar2', 'toconnell', 'jyoung88', 'ktietjen', 'mja276', 'dburk', 'dmenon', 'slu', 'danielbaik', 'fzhang', 'clu', 'tcouri', 'kstoerzinger']",143,"['emurphy', 'dbaik', 'csouthard', 'ccl356', 'sfarley', 'msood', 'vmanko', 'chaselhorst', 'jschulze1', 'lfoulke', 'asarwark', 'laybar', 'kschuette', 'slim', 'awellman', 'jsneed', 'bwalker423', 'jguliap', 'uchidas', 'dyao', 'ktakahashi', 'lstene', 'sdaudi', 'nash73', 'chaimann', 'eunterbrink', 'slhatch', 'jneilsson', 'churley', 'elemasters', 'chem10107', 'mphilben', 'aelmy', 'cdipompeo', 'mickey_g3', 'petarvidak', 'bvu', 'KKessler', 'ckilic', 'smoffett', 'damaranto', 'jilliann2', 'WUTTARAPATRIYAKUL', 'jdawson', 'Mehwish916', 'jsteinberg', 'kkovatch', 'jordanduval', 'jlemaster', 'nmsingh', 'mickey', 'Juliadeschenes', 'vivekanandbhardwaj', 'crush', 'leochild2005', 'lwelke', 'Aaronbenjamin', 'kjs901', 'smui', 'Edawson', 'zharb', 'psteptoe', 'jroig1', 'pliu', 'smoy', 'asiddiqui', 'aahmad', 'SSINGH', 'elliottwallace', 'mrahman23', 'bfrett', 'sfriedman', 'ohkwon', 'fuckme', 'barlas', 'jaltenhofen', 'rwinnegar', 'cgrandau', 'bmanojlovic', 'lkarvelis', 'kgspears', 'mradadia', 'osostan', 'querner', 'prabath', 'marthachang', 'rkatz', 'jerickson', 'aloon', 'cvega', 'bpk122', 'mkalina', 'cmiksis', 'cchristianson', 'jkircher', 'jjaume', 'bbrochu', 'jdeschenes', 'dshafir', 'Shaolinquan', 'amelnyk', 'jallen', 'mfederspiel', 'jroig', 'jcummins', 'lweiss', 'roub0008', 'parker9', 'hwolfman', 'jdavid', 'geieea', 'grebesco', 'jlopez', 'mtapkowski', 'mkahle', 'sju', 'dwu', 'mchen', 'klandry', 'asprague', 'smiller', 'cpai', 'ameyers', 'ikos', 'mpsorkin', 'jjones', 'ebader', 'cvenatta', 'swundrow', 'jsnyder', 'ASiddiqui', 'cliu', 'lkingsbury', 'aaronbenjamin', 'bnielsen', 'SLIM', 'cconrad', 'edawson', 'swahab', 'tpoole', 'rkaringada', 'astrick', 'athaler']",5,"['vgunderson', 'ajm105', 'alondanon', 'mfa713', 'dcao']",454,"['jlee', 'jesnyder', 'swalchuk', 'csouthard', 'wsun', 'rmetzler', 'akim', 'sflores', 'jweishaar', 'robbrown', 'kroderer', 'Ikornblau', 'acarroll', 'asuresh', 'lfoulke', 'rferraro', 'laybar', 'slim', 'awellman', 'erobinson', 'nash73', 'mfa713', 'chaimann', 'eunterbrink', 'yongjoo87', 'jneilsson', 'kmorgan', 'dchoi', 'aelmy', 'cpark', 'cdipompeo', 'kbatra', 'jlt453', 'ckilic', 'jdshank44', 'smoffett', 'dspade', 'zsersland', 'damaranto', 'bmattson', 'jramsley', 'jsteinberg', 'jordanduval', 'jlemaster', 'kparekh', 'mfederspiel1', 'leochild2005', 'prettynpink221', 'sburrill', 'abeswick', 'ldelaney', 'kjs901', 'awhittington', 'msarkulova', 'cblack', 'smui', 'msivasubramaniam', 'Edawson', 'rtsang', 'sstrong', 'kcebrian', 'smoy', 'bniklinska', 'cpa475', 'xbasko', 'mroebuck', 'bfrett', 'shaolinquan', 'smw823', 'mgilmour', 'rwinnegar', 'seankim', 'kgspears', 'mlowes', 'hschroeder', 'ebell', 'jbastiaens', 'skramer', 'wpearse', 'alang', 'marthachang', 'igemp', 'amorales', 'noodles5', 'nchu', 'cmcgourty', 'asantamarina', 'bpk122', 'mhyre', 'cchristianson', 'nperkins', 'rbaroch', 'jjaume', 'bbrochu', 'vrivas', 'bschnedl', 'mnovacanes', 'mzou', 'jpineda', 'suchida', 'jschulze', 'jdattilo', 'parker9', 'geieea', 'grebesco', 'mtapkowski', 'dwu', 'klandry', 'asprague', 'tgonzales', 'mpsorkin', 'mis130', 'jdrake', 'eschaefer', 'agoodman', 'atalai', 'asisodia', 'jdinneen', 'kbg813', 'ehaug', 'jsavitsky', 'cconrad', 'ajm105', 'rkaringada', 'slu', 'clu', 'tcouri', 'dbaik', 'aocchiuti', 'ndvora', 'ymanibog', 'Dangel', 'ecunningham', 'erausch', 'smo596', 'jmehra', 'abarr', 'sdixit', 'vmanko', 'dsiegal', 'slasselle', 'akhan', 'jschulze1', 'wstokely', 'kschuette', 'g3styx', 'jmenkin', 'pnolan', 'bweisse', 'slhatch', 'churley', 'vladmanko', 'sindhu108', 'jmehrotra', 'psampath', 'mickey_g3', 'jps939', 'jobremski', 'KKessler', 'heisenman', 'srao', 'jilliann2', 'jswenson', 'ysalah', 'mickey', 'Juliadeschenes', 'agassifeng', 'dcao', 'alopez', 'mbykowski', 'zes975', 'zharb', 'jroig1', 'pliu', 'jcarson', 'dcooperberg', 'elliottwallace', 'kstoddart', 'sfriedman', 'laurahchoi', 'aka220', 'dblumenthal', 'ktaylor', 'kkao', 'kmortensen', 'clin', 'mmotiani', 'rkatz', 'rickyp999', 'cfrench', 'aasthana', 'jhl326', 'del982', 'mhoffmann', 'dshafir', 'amelnyk', 'npentelovitch', 'jroig', 'arahman', 'pdziedzic', 'jcummins', 'roub0008', 'jaq945', 'jdavid', 'fome', 'nshultz', 'vvalenzuela', 'aroybal', 'AWellman', 'abruzek', 'gdasovich', 'ameyers', 'LKINGSBURY', 'jjones', 'vleung', 'sdang', 'djwhack03', 'aji536', 'dshabeeb', 'jessicag', 'swundrow', 'dsy389', 'treber', 'mkubiak', 'bfu109', 'calfonso', 'edawson', 'tpoole', 'astrick', 'khiggins', 'dfang', 'therrmann', 'jbeltran', 'mamofa', 'chaselhorst', 'alondanon', 'gescobar', 'mehwish916', 'wuttarapatriyakul', 'kkang', 'chicah444', 'kcysewski', 'bwalker423', 'jlye', 'lstene', 'sdaudi', 'ahurd', 'jzona', 'kvb507', 'elemasters', 'chem10107', 'jstroup', 'MChen', 'frankzhang', 'dflint', 'jchowaniec', 'dtorres', 'bvu', 'WUTTARAPATRIYAKUL', 'wheat_thin636', 'Mehwish916', 'ikornblau', 'Akhan', 'kkovatch', 'rmb907', 'vivekanandbhardwaj', 'rlee', 'gbanner', 'lwelke', 'bigkrezca32', 'cclark', 'jdarby', 'evelyncarter', 'aahmad', 'ohkwon', 'soconnell', 'nfrench', 'fuckme', 'shanks53', 'lbrengman', 'skim', 'lkarvelis', 'aechevarria', 'mradadia', 'ganderson', 'dsturgeon', 'evedgebah', 'yixak', 'dliu', 'jerickson', 'aloon', 'pmodi', 'mshah22', 'pkalkat', 'JMeissner', 'jhan', 'ccarhart', 'jkircher', 'Asprague', 'jallen', 'tchou', 'aepstein', 'jmeissner', 'bschaefer', 'hdurschlag', 'jlopez', 'mkahle', 'sju', 'rkhazai', 'xyin', 'mbarrett', 'cnh872', 'lawchang88', 'cvenatta', 'jsnyder', 'ASiddiqui', 'mfenech', 'acm', 'scrow', 'amahajan', 'kmp423', 'swahab', 'adhar2', 'mja276', 'dburk', 'danielbaik', 'jmarrone', 'fzhang', 'aim512', 'emurphy', 'stacilaci56', 'LauraK', 'sfarley', 'ccl356', 'awagner', 'JSavitsky', 'csherman', 'msood', 'cwhite', 'rgribben', 'lowen', 'LWELKE', 'ealtman', 'asarwark', 'zeidlab', 'jsneed', 'nkraska', 'JuliaDesChenes', 'choel', 'jguliap', 'dal767', 'uchidas', 'dyao', 'ktakahashi', 'rpickering', 'ksampson', 'jonaltenhofen', 'brwass', 'rgopal', 'agast', 'gschultz', 'jswanson', 'jbragg', 'mphilben', 'cboland', 'mfenstermaker', 'tofinesse333', 'petarvidak', 'kfreer', 'tsn821', 'lgerkowicz', 'ckwan', 'ktommerdahl', 'dufford', 'lfs919', 'jdawson', 'clifford', 'SHaolinquan', 'dnebel', 'swilson', 'nmsingh', 'apumm', 'crush', 'claireboland', 'kshedd', 'Aaronbenjamin', 'dwg482', 'bdemurihaeberle', 'jwang10', 'jteno', 'psteptoe', 'dwang', 'rsmith', 'asiddiqui', 'ekatz', 'SSINGH', 'ndhawan', 'mrahman23', 'KTietjen', 'barlas', 'eskim', 'jaltenhofen', 'als753', 'cgrandau', 'bmanojlovic', 'vgunderson', 'pcoleman', 'spark', 'osostan', 'querner', 'prabath', 'fkhan', 'cvega', 'eohira', 'mkalina', 'cmiksis', 'jdeschenes', 'Shaolinquan', 'mfrancisco', 'mfederspiel', 'aschattner', 'lweiss', 'kalbertine', 'hwolfman', 'bsummersgill', 'pbaranwal', 'jgavil', 'mchen', 'ewest', 'smiller', 'cpai', 'ikos', 'jshabosky', 'ebader', 'cliu', 'ashutton', 'sarnold', 'pszalwinski', 'lkingsbury', 'aaronbenjamin', 'dculhane', 'hknai', 'cpowersmaher', 'darosner', 'bnielsen', 'SLIM', 'ksulzer', 'chastings', 'toconnell', 'jyoung88', 'ktietjen', 'dmenon', 'athaler', 'kstoerzinger']"
1,25,449,19,17,"['sburrill', 'jsteinberg', 'ktakahashi', 'pdziedzic', 'jroig', 'jordanduval', 'geieea', 'cfrench', 'mickey_g3', 'ckilic', 'mickey', 'jjaume', 'rtsang', 'psteptoe', 'eunterbrink', 'jcummins', 'jjones']",432,"['jlee', 'jesnyder', 'swalchuk', 'dfang', 'therrmann', 'csouthard', 'wsun', 'rmetzler', 'jbeltran', 'akim', 'sflores', 'jweishaar', 'mamofa', 'robbrown', 'kroderer', 'Ikornblau', 'chaselhorst', 'acarroll', 'gescobar', 'mehwish916', 'asuresh', 'wuttarapatriyakul', 'kkang', 'lfoulke', 'chicah444', 'rferraro', 'laybar', 'slim', 'awellman', 'kcysewski', 'bwalker423', 'jlye', 'lstene', 'erobinson', 'sdaudi', 'nash73', 'chaimann', 'ahurd', 'jzona', 'yongjoo87', 'kvb507', 'jneilsson', 'elemasters', 'chem10107', 'jstroup', 'kmorgan', 'dchoi', 'aelmy', 'MChen', 'cpark', 'frankzhang', 'cdipompeo', 'dflint', 'jchowaniec', 'kbatra', 'dtorres', 'bvu', 'jlt453', 'jdshank44', 'smoffett', 'dspade', 'zsersland', 'damaranto', 'bmattson', 'WUTTARAPATRIYAKUL', 'wheat_thin636', 'Mehwish916', 'jramsley', 'ikornblau', 'Akhan', 'kkovatch', 'jlemaster', 'rmb907', 'kparekh', 'mfederspiel1', 'vivekanandbhardwaj', 'rlee', 'gbanner', 'leochild2005', 'prettynpink221', 'abeswick', 'lwelke', 'ldelaney', 'kjs901', 'awhittington', 'msarkulova', 'bigkrezca32', 'cblack', 'smui', 'msivasubramaniam', 'Edawson', 'sstrong', 'cclark', 'kcebrian', 'jdarby', 'smoy', 'evelyncarter', 'aahmad', 'bniklinska', 'cpa475', 'xbasko', 'mroebuck', 'bfrett', 'ohkwon', 'shaolinquan', 'soconnell', 'nfrench', 'smw823', 'fuckme', 'shanks53', 'mgilmour', 'lbrengman', 'skim', 'rwinnegar', 'seankim', 'kgspears', 'mlowes', 'lkarvelis', 'aechevarria', 'hschroeder', 'ebell', 'mradadia', 'jbastiaens', 'ganderson', 'skramer', 'dsturgeon', 'wpearse', 'alang', 'evedgebah', 'marthachang', 'igemp', 'yixak', 'amorales', 'dliu', 'noodles5', 'jerickson', 'nchu', 'cmcgourty', 'asantamarina', 'aloon', 'pmodi', 'bpk122', 'mshah22', 'pkalkat', 'mhyre', 'JMeissner', 'cchristianson', 'nperkins', 'ccarhart', 'jkircher', 'rbaroch', 'Asprague', 'bbrochu', 'vrivas', 'bschnedl', 'mnovacanes', 'mzou', 'jpineda', 'suchida', 'jschulze', 'jallen', 'tchou', 'aepstein', 'jmeissner', 'jdattilo', 'parker9', 'bschaefer', 'hdurschlag', 'grebesco', 'jlopez', 'mtapkowski', 'mkahle', 'sju', 'rkhazai', 'dwu', 'xyin', 'mbarrett', 'klandry', 'asprague', 'tgonzales', 'cnh872', 'mpsorkin', 'mis130', 'lawchang88', 'jdrake', 'eschaefer', 'cvenatta', 'jsnyder', 'agoodman', 'atalai', 'ASiddiqui', 'mfenech', 'acm', 'asisodia', 'scrow', 'jdinneen', 'kbg813', 'amahajan', 'ehaug', 'kmp423', 'jsavitsky', 'cconrad', 'swahab', 'adhar2', 'mja276', 'rkaringada', 'dburk', 'slu', 'danielbaik', 'jmarrone', 'clu', 'tcouri', 'fzhang', 'aim512', 'emurphy', 'stacilaci56', 'dbaik', 'aocchiuti', 'ndvora', 'ymanibog', 'Dangel', 'ecunningham', 'LauraK', 'sfarley', 'erausch', 'ccl356', 'awagner', 'JSavitsky', 'smo596', 'csherman', 'jmehra', 'abarr', 'sdixit', 'msood', 'vmanko', 'cwhite', 'rgribben', 'dsiegal', 'slasselle', 'akhan', 'jschulze1', 'wstokely', 'lowen', 'LWELKE', 'ealtman', 'asarwark', 'kschuette', 'g3styx', 'zeidlab', 'jsneed', 'jmenkin', 'nkraska', 'JuliaDesChenes', 'choel', 'jguliap', 'dal767', 'uchidas', 'dyao', 'rpickering', 'ksampson', 'pnolan', 'jonaltenhofen', 'brwass', 'bweisse', 'rgopal', 'agast', 'slhatch', 'gschultz', 'churley', 'jswanson', 'jbragg', 'vladmanko', 'mphilben', 'cboland', 'jhan', 'sindhu108', 'jmehrotra', 'psampath', 'mfenstermaker', 'jps939', 'tofinesse333', 'jobremski', 'petarvidak', 'kfreer', 'tsn821', 'lgerkowicz', 'KKessler', 'ckwan', 'ktommerdahl', 'heisenman', 'srao', 'jilliann2', 'dufford', 'lfs919', 'jswenson', 'jdawson', 'clifford', 'ysalah', 'SHaolinquan', 'dnebel', 'swilson', 'nmsingh', 'apumm', 'Juliadeschenes', 'agassifeng', 'crush', 'claireboland', 'alopez', 'kshedd', 'Aaronbenjamin', 'mbykowski', 'dwg482', 'zes975', 'bdemurihaeberle', 'jwang10', 'zharb', 'jteno', 'jroig1', 'pliu', 'dwang', 'rsmith', 'jcarson', 'asiddiqui', 'ekatz', 'dcooperberg', 'SSINGH', 'elliottwallace', 'ndhawan', 'kstoddart', 'mrahman23', 'KTietjen', 'sfriedman', 'barlas', 'eskim', 'laurahchoi', 'aka220', 'dblumenthal', 'jaltenhofen', 'als753', 'cgrandau', 'bmanojlovic', 'pcoleman', 'ktaylor', 'kkao', 'spark', 'osostan', 'kmortensen', 'querner', 'clin', 'mmotiani', 'rkatz', 'rickyp999', 'prabath', 'fkhan', 'cvega', 'eohira', 'aasthana', 'mkalina', 'jhl326', 'cmiksis', 'del982', 'jdeschenes', 'mhoffmann', 'dshafir', 'Shaolinquan', 'amelnyk', 'mfrancisco', 'npentelovitch', 'mfederspiel', 'arahman', 'aschattner', 'lweiss', 'kalbertine', 'roub0008', 'hwolfman', 'jaq945', 'jdavid', 'fome', 'nshultz', 'bsummersgill', 'pbaranwal', 'vvalenzuela', 'jgavil', 'aroybal', 'AWellman', 'mchen', 'ewest', 'smiller', 'cpai', 'abruzek', 'gdasovich', 'ameyers', 'ikos', 'LKINGSBURY', 'jshabosky', 'vleung', 'ebader', 'sdang', 'djwhack03', 'aji536', 'dshabeeb', 'jessicag', 'swundrow', 'cliu', 'ashutton', 'sarnold', 'dsy389', 'treber', 'pszalwinski', 'lkingsbury', 'aaronbenjamin', 'dculhane', 'hknai', 'mkubiak', 'bfu109', 'cpowersmaher', 'darosner', 'bnielsen', 'SLIM', 'calfonso', 'ksulzer', 'chastings', 'edawson', 'toconnell', 'tpoole', 'jyoung88', 'ktietjen', 'dmenon', 'astrick', 'khiggins', 'athaler', 'kstoerzinger']",2,"['alondanon', 'achin']",451,"['jlee', 'jesnyder', 'swalchuk', 'dfang', 'therrmann', 'csouthard', 'wsun', 'rmetzler', 'jbeltran', 'akim', 'sflores', 'jweishaar', 'mamofa', 'robbrown', 'kroderer', 'Ikornblau', 'chaselhorst', 'alondanon', 'acarroll', 'gescobar', 'mehwish916', 'asuresh', 'wuttarapatriyakul', 'kkang', 'lfoulke', 'chicah444', 'rferraro', 'laybar', 'slim', 'awellman', 'kcysewski', 'bwalker423', 'jlye', 'lstene', 'erobinson', 'sdaudi', 'nash73', 'chaimann', 'ahurd', 'jzona', 'eunterbrink', 'yongjoo87', 'kvb507', 'jneilsson', 'elemasters', 'chem10107', 'jstroup', 'kmorgan', 'dchoi', 'aelmy', 'MChen', 'cpark', 'frankzhang', 'cdipompeo', 'dflint', 'jchowaniec', 'kbatra', 'dtorres', 'bvu', 'jlt453', 'ckilic', 'jdshank44', 'smoffett', 'dspade', 'zsersland', 'damaranto', 'bmattson', 'WUTTARAPATRIYAKUL', 'wheat_thin636', 'Mehwish916', 'jramsley', 'jsteinberg', 'ikornblau', 'Akhan', 'kkovatch', 'jordanduval', 'jlemaster', 'rmb907', 'kparekh', 'mfederspiel1', 'vivekanandbhardwaj', 'rlee', 'gbanner', 'leochild2005', 'prettynpink221', 'sburrill', 'abeswick', 'lwelke', 'ldelaney', 'kjs901', 'awhittington', 'msarkulova', 'bigkrezca32', 'cblack', 'smui', 'msivasubramaniam', 'Edawson', 'rtsang', 'sstrong', 'cclark', 'kcebrian', 'jdarby', 'smoy', 'evelyncarter', 'aahmad', 'bniklinska', 'cpa475', 'xbasko', 'mroebuck', 'bfrett', 'ohkwon', 'shaolinquan', 'soconnell', 'nfrench', 'smw823', 'fuckme', 'shanks53', 'mgilmour', 'lbrengman', 'skim', 'rwinnegar', 'seankim', 'kgspears', 'mlowes', 'lkarvelis', 'aechevarria', 'hschroeder', 'ebell', 'mradadia', 'jbastiaens', 'ganderson', 'skramer', 'dsturgeon', 'wpearse', 'alang', 'evedgebah', 'marthachang', 'igemp', 'yixak', 'amorales', 'dliu', 'noodles5', 'jerickson', 'nchu', 'cmcgourty', 'asantamarina', 'aloon', 'pmodi', 'bpk122', 'mshah22', 'pkalkat', 'mhyre', 'JMeissner', 'cchristianson', 'nperkins', 'ccarhart', 'jkircher', 'rbaroch', 'jjaume', 'Asprague', 'bbrochu', 'vrivas', 'bschnedl', 'mnovacanes', 'mzou', 'jpineda', 'suchida', 'jschulze', 'jallen', 'tchou', 'aepstein', 'jmeissner', 'jdattilo', 'parker9', 'bschaefer', 'hdurschlag', 'geieea', 'grebesco', 'jlopez', 'mtapkowski', 'mkahle', 'sju', 'rkhazai', 'dwu', 'xyin', 'mbarrett', 'klandry', 'asprague', 'tgonzales', 'cnh872', 'mpsorkin', 'mis130', 'lawchang88', 'jdrake', 'eschaefer', 'cvenatta', 'jsnyder', 'agoodman', 'atalai', 'ASiddiqui', 'mfenech', 'acm', 'asisodia', 'scrow', 'jdinneen', 'kbg813', 'amahajan', 'ehaug', 'kmp423', 'jsavitsky', 'cconrad', 'swahab', 'adhar2', 'mja276', 'rkaringada', 'dburk', 'slu', 'danielbaik', 'jmarrone', 'clu', 'tcouri', 'fzhang', 'aim512', 'emurphy', 'stacilaci56', 'dbaik', 'aocchiuti', 'ndvora', 'ymanibog', 'Dangel', 'ecunningham', 'LauraK', 'sfarley', 'erausch', 'ccl356', 'awagner', 'JSavitsky', 'smo596', 'csherman', 'jmehra', 'abarr', 'sdixit', 'msood', 'vmanko', 'cwhite', 'rgribben', 'dsiegal', 'slasselle', 'akhan', 'jschulze1', 'wstokely', 'lowen', 'LWELKE', 'ealtman', 'asarwark', 'kschuette', 'g3styx', 'zeidlab', 'jsneed', 'jmenkin', 'nkraska', 'JuliaDesChenes', 'choel', 'jguliap', 'dal767', 'uchidas', 'dyao', 'ktakahashi', 'rpickering', 'ksampson', 'pnolan', 'jonaltenhofen', 'brwass', 'bweisse', 'rgopal', 'agast', 'slhatch', 'gschultz', 'churley', 'jswanson', 'jbragg', 'vladmanko', 'mphilben', 'cboland', 'jhan', 'sindhu108', 'jmehrotra', 'psampath', 'mfenstermaker', 'mickey_g3', 'jps939', 'tofinesse333', 'jobremski', 'petarvidak', 'kfreer', 'tsn821', 'lgerkowicz', 'KKessler', 'ckwan', 'ktommerdahl', 'heisenman', 'srao', 'jilliann2', 'dufford', 'lfs919', 'jswenson', 'jdawson', 'clifford', 'ysalah', 'SHaolinquan', 'dnebel', 'swilson', 'nmsingh', 'apumm', 'mickey', 'Juliadeschenes', 'agassifeng', 'crush', 'claireboland', 'alopez', 'kshedd', 'Aaronbenjamin', 'mbykowski', 'dwg482', 'zes975', 'bdemurihaeberle', 'jwang10', 'zharb', 'jteno', 'jroig1', 'pliu', 'psteptoe', 'dwang', 'rsmith', 'jcarson', 'asiddiqui', 'ekatz', 'dcooperberg', 'SSINGH', 'elliottwallace', 'ndhawan', 'kstoddart', 'mrahman23', 'KTietjen', 'sfriedman', 'barlas', 'eskim', 'laurahchoi', 'aka220', 'dblumenthal', 'jaltenhofen', 'als753', 'cgrandau', 'bmanojlovic', 'pcoleman', 'ktaylor', 'kkao', 'spark', 'osostan', 'kmortensen', 'querner', 'clin', 'mmotiani', 'rkatz', 'rickyp999', 'prabath', 'fkhan', 'cfrench', 'cvega', 'eohira', 'aasthana', 'mkalina', 'jhl326', 'cmiksis', 'del982', 'jdeschenes', 'mhoffmann', 'dshafir', 'Shaolinquan', 'amelnyk', 'mfrancisco', 'npentelovitch', 'mfederspiel', 'jroig', 'arahman', 'pdziedzic', 'jcummins', 'aschattner', 'lweiss', 'kalbertine', 'roub0008', 'hwolfman', 'jaq945', 'jdavid', 'fome', 'nshultz', 'bsummersgill', 'pbaranwal', 'vvalenzuela', 'jgavil', 'aroybal', 'AWellman', 'mchen', 'ewest', 'smiller', 'cpai', 'abruzek', 'gdasovich', 'ameyers', 'ikos', 'LKINGSBURY', 'jshabosky', 'jjones', 'vleung', 'ebader', 'sdang', 'djwhack03', 'aji536', 'dshabeeb', 'jessicag', 'swundrow', 'cliu', 'ashutton', 'sarnold', 'dsy389', 'treber', 'pszalwinski', 'lkingsbury', 'aaronbenjamin', 'dculhane', 'hknai', 'mkubiak', 'bfu109', 'cpowersmaher', 'darosner', 'achin', 'bnielsen', 'SLIM', 'calfonso', 'ksulzer', 'chastings', 'edawson', 'toconnell', 'tpoole', 'jyoung88', 'ktietjen', 'dmenon', 'astrick', 'khiggins', 'athaler', 'kstoerzinger']"
1,11,449,13,12,"['therrmann', 'mzou', 'robbrown', 'mfenech', 'cblack', 'jwang10', 'mehwish916', 'slasselle', 'jmarrone', 'wpearse', 'lbrengman', 'tofinesse333']",437,"['jlee', 'jesnyder', 'swalchuk', 'dfang', 'csouthard', 'wsun', 'rmetzler', 'jbeltran', 'akim', 'sflores', 'jweishaar', 'mamofa', 'kroderer', 'Ikornblau', 'chaselhorst', 'acarroll', 'gescobar', 'asuresh', 'wuttarapatriyakul', 'kkang', 'lfoulke', 'chicah444', 'rferraro', 'laybar', 'slim', 'awellman', 'kcysewski', 'bwalker423', 'jlye', 'lstene', 'erobinson', 'sdaudi', 'nash73', 'chaimann', 'ahurd', 'jzona', 'eunterbrink', 'yongjoo87', 'kvb507', 'jneilsson', 'elemasters', 'chem10107', 'jstroup', 'kmorgan', 'dchoi', 'aelmy', 'MChen', 'cpark', 'frankzhang', 'cdipompeo', 'dflint', 'jchowaniec', 'kbatra', 'dtorres', 'bvu', 'jlt453', 'ckilic', 'jdshank44', 'smoffett', 'dspade', 'zsersland', 'damaranto', 'bmattson', 'WUTTARAPATRIYAKUL', 'wheat_thin636', 'Mehwish916', 'jramsley', 'jsteinberg', 'ikornblau', 'Akhan', 'kkovatch', 'jordanduval', 'jlemaster', 'rmb907', 'kparekh', 'mfederspiel1', 'vivekanandbhardwaj', 'rlee', 'gbanner', 'leochild2005', 'prettynpink221', 'sburrill', 'abeswick', 'lwelke', 'ldelaney', 'kjs901', 'awhittington', 'msarkulova', 'bigkrezca32', 'smui', 'msivasubramaniam', 'Edawson', 'rtsang', 'sstrong', 'cclark', 'kcebrian', 'jdarby', 'smoy', 'evelyncarter', 'aahmad', 'bniklinska', 'cpa475', 'xbasko', 'mroebuck', 'bfrett', 'ohkwon', 'shaolinquan', 'soconnell', 'nfrench', 'smw823', 'fuckme', 'shanks53', 'mgilmour', 'skim', 'rwinnegar', 'seankim', 'kgspears', 'mlowes', 'lkarvelis', 'aechevarria', 'hschroeder', 'ebell', 'mradadia', 'jbastiaens', 'ganderson', 'skramer', 'dsturgeon', 'alang', 'evedgebah', 'marthachang', 'igemp', 'yixak', 'amorales', 'dliu', 'noodles5', 'jerickson', 'nchu', 'cmcgourty', 'asantamarina', 'aloon', 'pmodi', 'bpk122', 'mshah22', 'pkalkat', 'mhyre', 'JMeissner', 'cchristianson', 'nperkins', 'ccarhart', 'jkircher', 'rbaroch', 'jjaume', 'Asprague', 'bbrochu', 'vrivas', 'bschnedl', 'mnovacanes', 'jpineda', 'suchida', 'jschulze', 'jallen', 'tchou', 'aepstein', 'jmeissner', 'jdattilo', 'parker9', 'bschaefer', 'hdurschlag', 'geieea', 'grebesco', 'jlopez', 'mtapkowski', 'mkahle', 'sju', 'rkhazai', 'dwu', 'xyin', 'mbarrett', 'klandry', 'asprague', 'tgonzales', 'cnh872', 'mpsorkin', 'mis130', 'lawchang88', 'jdrake', 'eschaefer', 'cvenatta', 'jsnyder', 'agoodman', 'atalai', 'ASiddiqui', 'acm', 'asisodia', 'scrow', 'jdinneen', 'kbg813', 'amahajan', 'ehaug', 'kmp423', 'jsavitsky', 'cconrad', 'swahab', 'adhar2', 'mja276', 'rkaringada', 'dburk', 'slu', 'danielbaik', 'clu', 'tcouri', 'fzhang', 'aim512', 'emurphy', 'stacilaci56', 'dbaik', 'aocchiuti', 'ndvora', 'ymanibog', 'Dangel', 'ecunningham', 'LauraK', 'sfarley', 'erausch', 'ccl356', 'awagner', 'JSavitsky', 'smo596', 'csherman', 'jmehra', 'abarr', 'sdixit', 'msood', 'vmanko', 'cwhite', 'rgribben', 'dsiegal', 'akhan', 'jschulze1', 'wstokely', 'lowen', 'LWELKE', 'ealtman', 'asarwark', 'kschuette', 'g3styx', 'zeidlab', 'jsneed', 'jmenkin', 'nkraska', 'JuliaDesChenes', 'choel', 'jguliap', 'dal767', 'uchidas', 'dyao', 'ktakahashi', 'rpickering', 'ksampson', 'pnolan', 'jonaltenhofen', 'brwass', 'bweisse', 'rgopal', 'agast', 'slhatch', 'gschultz', 'churley', 'jswanson', 'jbragg', 'vladmanko', 'mphilben', 'cboland', 'jhan', 'sindhu108', 'jmehrotra', 'psampath', 'mfenstermaker', 'mickey_g3', 'jps939', 'jobremski', 'petarvidak', 'kfreer', 'tsn821', 'lgerkowicz', 'KKessler', 'ckwan', 'ktommerdahl', 'heisenman', 'srao', 'jilliann2', 'dufford', 'lfs919', 'jswenson', 'jdawson', 'clifford', 'ysalah', 'SHaolinquan', 'dnebel', 'swilson', 'nmsingh', 'apumm', 'mickey', 'Juliadeschenes', 'agassifeng', 'crush', 'claireboland', 'alopez', 'kshedd', 'Aaronbenjamin', 'mbykowski', 'dwg482', 'zes975', 'bdemurihaeberle', 'zharb', 'jteno', 'jroig1', 'pliu', 'psteptoe', 'dwang', 'rsmith', 'jcarson', 'asiddiqui', 'ekatz', 'dcooperberg', 'SSINGH', 'elliottwallace', 'ndhawan', 'kstoddart', 'mrahman23', 'KTietjen', 'sfriedman', 'barlas', 'eskim', 'laurahchoi', 'aka220', 'dblumenthal', 'jaltenhofen', 'als753', 'cgrandau', 'bmanojlovic', 'pcoleman', 'ktaylor', 'kkao', 'spark', 'osostan', 'kmortensen', 'querner', 'clin', 'mmotiani', 'rkatz', 'rickyp999', 'prabath', 'fkhan', 'cfrench', 'cvega', 'eohira', 'aasthana', 'mkalina', 'jhl326', 'cmiksis', 'del982', 'jdeschenes', 'mhoffmann', 'dshafir', 'Shaolinquan', 'amelnyk', 'mfrancisco', 'npentelovitch', 'mfederspiel', 'jroig', 'arahman', 'pdziedzic', 'jcummins', 'aschattner', 'lweiss', 'kalbertine', 'roub0008', 'hwolfman', 'jaq945', 'jdavid', 'fome', 'nshultz', 'bsummersgill', 'pbaranwal', 'vvalenzuela', 'jgavil', 'aroybal', 'AWellman', 'mchen', 'ewest', 'smiller', 'cpai', 'abruzek', 'gdasovich', 'ameyers', 'ikos', 'LKINGSBURY', 'jshabosky', 'jjones', 'vleung', 'ebader', 'sdang', 'djwhack03', 'aji536', 'dshabeeb', 'jessicag', 'swundrow', 'cliu', 'ashutton', 'sarnold', 'dsy389', 'treber', 'pszalwinski', 'lkingsbury', 'aaronbenjamin', 'dculhane', 'hknai', 'mkubiak', 'bfu109', 'cpowersmaher', 'darosner', 'bnielsen', 'SLIM', 'calfonso', 'ksulzer', 'chastings', 'edawson', 'toconnell', 'tpoole', 'jyoung88', 'ktietjen', 'dmenon', 'astrick', 'khiggins', 'athaler', 'kstoerzinger']",1,['dcao'],450,"['jlee', 'jesnyder', 'swalchuk', 'dfang', 'therrmann', 'csouthard', 'wsun', 'rmetzler', 'jbeltran', 'akim', 'sflores', 'jweishaar', 'mamofa', 'robbrown', 'kroderer', 'Ikornblau', 'chaselhorst', 'acarroll', 'gescobar', 'mehwish916', 'asuresh', 'wuttarapatriyakul', 'kkang', 'lfoulke', 'chicah444', 'rferraro', 'laybar', 'slim', 'awellman', 'kcysewski', 'bwalker423', 'jlye', 'lstene', 'erobinson', 'sdaudi', 'nash73', 'chaimann', 'ahurd', 'jzona', 'eunterbrink', 'yongjoo87', 'kvb507', 'jneilsson', 'elemasters', 'chem10107', 'jstroup', 'kmorgan', 'dchoi', 'aelmy', 'MChen', 'cpark', 'frankzhang', 'cdipompeo', 'dflint', 'jchowaniec', 'kbatra', 'dtorres', 'bvu', 'jlt453', 'ckilic', 'jdshank44', 'smoffett', 'dspade', 'zsersland', 'damaranto', 'bmattson', 'WUTTARAPATRIYAKUL', 'wheat_thin636', 'Mehwish916', 'jramsley', 'jsteinberg', 'ikornblau', 'Akhan', 'kkovatch', 'jordanduval', 'jlemaster', 'rmb907', 'kparekh', 'mfederspiel1', 'vivekanandbhardwaj', 'rlee', 'gbanner', 'leochild2005', 'prettynpink221', 'sburrill', 'abeswick', 'lwelke', 'ldelaney', 'kjs901', 'awhittington', 'msarkulova', 'bigkrezca32', 'cblack', 'smui', 'msivasubramaniam', 'Edawson', 'rtsang', 'sstrong', 'cclark', 'kcebrian', 'jdarby', 'smoy', 'evelyncarter', 'aahmad', 'bniklinska', 'cpa475', 'xbasko', 'mroebuck', 'bfrett', 'ohkwon', 'shaolinquan', 'soconnell', 'nfrench', 'smw823', 'fuckme', 'shanks53', 'mgilmour', 'lbrengman', 'skim', 'rwinnegar', 'seankim', 'kgspears', 'mlowes', 'lkarvelis', 'aechevarria', 'hschroeder', 'ebell', 'mradadia', 'jbastiaens', 'ganderson', 'skramer', 'dsturgeon', 'wpearse', 'alang', 'evedgebah', 'marthachang', 'igemp', 'yixak', 'amorales', 'dliu', 'noodles5', 'jerickson', 'nchu', 'cmcgourty', 'asantamarina', 'aloon', 'pmodi', 'bpk122', 'mshah22', 'pkalkat', 'mhyre', 'JMeissner', 'cchristianson', 'nperkins', 'ccarhart', 'jkircher', 'rbaroch', 'jjaume', 'Asprague', 'bbrochu', 'vrivas', 'bschnedl', 'mnovacanes', 'mzou', 'jpineda', 'suchida', 'jschulze', 'jallen', 'tchou', 'aepstein', 'jmeissner', 'jdattilo', 'parker9', 'bschaefer', 'hdurschlag', 'geieea', 'grebesco', 'jlopez', 'mtapkowski', 'mkahle', 'sju', 'rkhazai', 'dwu', 'xyin', 'mbarrett', 'klandry', 'asprague', 'tgonzales', 'cnh872', 'mpsorkin', 'mis130', 'lawchang88', 'jdrake', 'eschaefer', 'cvenatta', 'jsnyder', 'agoodman', 'atalai', 'ASiddiqui', 'mfenech', 'acm', 'asisodia', 'scrow', 'jdinneen', 'kbg813', 'amahajan', 'ehaug', 'kmp423', 'jsavitsky', 'cconrad', 'swahab', 'adhar2', 'mja276', 'rkaringada', 'dburk', 'slu', 'danielbaik', 'jmarrone', 'clu', 'tcouri', 'fzhang', 'aim512', 'emurphy', 'stacilaci56', 'dbaik', 'aocchiuti', 'ndvora', 'ymanibog', 'Dangel', 'ecunningham', 'LauraK', 'sfarley', 'erausch', 'ccl356', 'awagner', 'JSavitsky', 'smo596', 'csherman', 'jmehra', 'abarr', 'sdixit', 'msood', 'vmanko', 'cwhite', 'rgribben', 'dsiegal', 'slasselle', 'akhan', 'jschulze1', 'wstokely', 'lowen', 'LWELKE', 'ealtman', 'asarwark', 'kschuette', 'g3styx', 'zeidlab', 'jsneed', 'jmenkin', 'nkraska', 'JuliaDesChenes', 'choel', 'jguliap', 'dal767', 'uchidas', 'dyao', 'ktakahashi', 'rpickering', 'ksampson', 'pnolan', 'jonaltenhofen', 'brwass', 'bweisse', 'rgopal', 'agast', 'slhatch', 'gschultz', 'churley', 'jswanson', 'jbragg', 'vladmanko', 'mphilben', 'cboland', 'jhan', 'sindhu108', 'jmehrotra', 'psampath', 'mfenstermaker', 'mickey_g3', 'jps939', 'tofinesse333', 'jobremski', 'petarvidak', 'kfreer', 'tsn821', 'lgerkowicz', 'KKessler', 'ckwan', 'ktommerdahl', 'heisenman', 'srao', 'jilliann2', 'dufford', 'lfs919', 'jswenson', 'jdawson', 'clifford', 'ysalah', 'SHaolinquan', 'dnebel', 'swilson', 'nmsingh', 'apumm', 'mickey', 'Juliadeschenes', 'agassifeng', 'crush', 'claireboland', 'alopez', 'kshedd', 'dcao', 'Aaronbenjamin', 'mbykowski', 'dwg482', 'zes975', 'bdemurihaeberle', 'jwang10', 'zharb', 'jteno', 'jroig1', 'pliu', 'psteptoe', 'dwang', 'rsmith', 'jcarson', 'asiddiqui', 'ekatz', 'dcooperberg', 'SSINGH', 'elliottwallace', 'ndhawan', 'kstoddart', 'mrahman23', 'KTietjen', 'sfriedman', 'barlas', 'eskim', 'laurahchoi', 'aka220', 'dblumenthal', 'jaltenhofen', 'als753', 'cgrandau', 'bmanojlovic', 'pcoleman', 'ktaylor', 'kkao', 'spark', 'osostan', 'kmortensen', 'querner', 'clin', 'mmotiani', 'rkatz', 'rickyp999', 'prabath', 'fkhan', 'cfrench', 'cvega', 'eohira', 'aasthana', 'mkalina', 'jhl326', 'cmiksis', 'del982', 'jdeschenes', 'mhoffmann', 'dshafir', 'Shaolinquan', 'amelnyk', 'mfrancisco', 'npentelovitch', 'mfederspiel', 'jroig', 'arahman', 'pdziedzic', 'jcummins', 'aschattner', 'lweiss', 'kalbertine', 'roub0008', 'hwolfman', 'jaq945', 'jdavid', 'fome', 'nshultz', 'bsummersgill', 'pbaranwal', 'vvalenzuela', 'jgavil', 'aroybal', 'AWellman', 'mchen', 'ewest', 'smiller', 'cpai', 'abruzek', 'gdasovich', 'ameyers', 'ikos', 'LKINGSBURY', 'jshabosky', 'jjones', 'vleung', 'ebader', 'sdang', 'djwhack03', 'aji536', 'dshabeeb', 'jessicag', 'swundrow', 'cliu', 'ashutton', 'sarnold', 'dsy389', 'treber', 'pszalwinski', 'lkingsbury', 'aaronbenjamin', 'dculhane', 'hknai', 'mkubiak', 'bfu109', 'cpowersmaher', 'darosner', 'bnielsen', 'SLIM', 'calfonso', 'ksulzer', 'chastings', 'edawson', 'toconnell', 'tpoole', 'jyoung88', 'ktietjen', 'dmenon', 'astrick', 'khiggins', 'athaler', 'kstoerzinger']"
1,15,449,12,11,"['swilson', 'dcooperberg', 'seankim', 'emurphy', 'stacilaci56', 'nchu', 'erobinson', 'hknai', 'pszalwinski', 'jmarrone', 'kalbertine']",438,"['jlee', 'jesnyder', 'swalchuk', 'dfang', 'therrmann', 'csouthard', 'wsun', 'rmetzler', 'jbeltran', 'akim', 'sflores', 'jweishaar', 'mamofa', 'robbrown', 'kroderer', 'Ikornblau', 'chaselhorst', 'acarroll', 'gescobar', 'mehwish916', 'asuresh', 'wuttarapatriyakul', 'kkang', 'lfoulke', 'chicah444', 'rferraro', 'laybar', 'slim', 'awellman', 'kcysewski', 'bwalker423', 'jlye', 'lstene', 'sdaudi', 'nash73', 'chaimann', 'ahurd', 'jzona', 'eunterbrink', 'yongjoo87', 'kvb507', 'jneilsson', 'elemasters', 'chem10107', 'jstroup', 'kmorgan', 'dchoi', 'aelmy', 'MChen', 'cpark', 'frankzhang', 'cdipompeo', 'dflint', 'jchowaniec', 'kbatra', 'dtorres', 'bvu', 'jlt453', 'ckilic', 'jdshank44', 'smoffett', 'dspade', 'zsersland', 'damaranto', 'bmattson', 'WUTTARAPATRIYAKUL', 'wheat_thin636', 'Mehwish916', 'jramsley', 'jsteinberg', 'ikornblau', 'Akhan', 'kkovatch', 'jordanduval', 'jlemaster', 'rmb907', 'kparekh', 'mfederspiel1', 'vivekanandbhardwaj', 'rlee', 'gbanner', 'leochild2005', 'prettynpink221', 'sburrill', 'abeswick', 'lwelke', 'ldelaney', 'kjs901', 'awhittington', 'msarkulova', 'bigkrezca32', 'cblack', 'smui', 'msivasubramaniam', 'Edawson', 'rtsang', 'sstrong', 'cclark', 'kcebrian', 'jdarby', 'smoy', 'evelyncarter', 'aahmad', 'bniklinska', 'cpa475', 'xbasko', 'mroebuck', 'bfrett', 'ohkwon', 'shaolinquan', 'soconnell', 'nfrench', 'smw823', 'fuckme', 'shanks53', 'mgilmour', 'lbrengman', 'skim', 'rwinnegar', 'kgspears', 'mlowes', 'lkarvelis', 'aechevarria', 'hschroeder', 'ebell', 'mradadia', 'jbastiaens', 'ganderson', 'skramer', 'dsturgeon', 'wpearse', 'alang', 'evedgebah', 'marthachang', 'igemp', 'yixak', 'amorales', 'dliu', 'noodles5', 'jerickson', 'cmcgourty', 'asantamarina', 'aloon', 'pmodi', 'bpk122', 'mshah22', 'pkalkat', 'mhyre', 'JMeissner', 'cchristianson', 'nperkins', 'ccarhart', 'jkircher', 'rbaroch', 'jjaume', 'Asprague', 'bbrochu', 'vrivas', 'bschnedl', 'mnovacanes', 'mzou', 'jpineda', 'suchida', 'jschulze', 'jallen', 'tchou', 'aepstein', 'jmeissner', 'jdattilo', 'parker9', 'bschaefer', 'hdurschlag', 'geieea', 'grebesco', 'jlopez', 'mtapkowski', 'mkahle', 'sju', 'rkhazai', 'dwu', 'xyin', 'mbarrett', 'klandry', 'asprague', 'tgonzales', 'cnh872', 'mpsorkin', 'mis130', 'lawchang88', 'jdrake', 'eschaefer', 'cvenatta', 'jsnyder', 'agoodman', 'atalai', 'ASiddiqui', 'mfenech', 'acm', 'asisodia', 'scrow', 'jdinneen', 'kbg813', 'amahajan', 'ehaug', 'kmp423', 'jsavitsky', 'cconrad', 'swahab', 'adhar2', 'mja276', 'rkaringada', 'dburk', 'slu', 'danielbaik', 'clu', 'tcouri', 'fzhang', 'aim512', 'dbaik', 'aocchiuti', 'ndvora', 'ymanibog', 'Dangel', 'ecunningham', 'LauraK', 'sfarley', 'erausch', 'ccl356', 'awagner', 'JSavitsky', 'smo596', 'csherman', 'jmehra', 'abarr', 'sdixit', 'msood', 'vmanko', 'cwhite', 'rgribben', 'dsiegal', 'slasselle', 'akhan', 'jschulze1', 'wstokely', 'lowen', 'LWELKE', 'ealtman', 'asarwark', 'kschuette', 'g3styx', 'zeidlab', 'jsneed', 'jmenkin', 'nkraska', 'JuliaDesChenes', 'choel', 'jguliap', 'dal767', 'uchidas', 'dyao', 'ktakahashi', 'rpickering', 'ksampson', 'pnolan', 'jonaltenhofen', 'brwass', 'bweisse', 'rgopal', 'agast', 'slhatch', 'gschultz', 'churley', 'jswanson', 'jbragg', 'vladmanko', 'mphilben', 'cboland', 'jhan', 'sindhu108', 'jmehrotra', 'psampath', 'mfenstermaker', 'mickey_g3', 'jps939', 'tofinesse333', 'jobremski', 'petarvidak', 'kfreer', 'tsn821', 'lgerkowicz', 'KKessler', 'ckwan', 'ktommerdahl', 'heisenman', 'srao', 'jilliann2', 'dufford', 'lfs919', 'jswenson', 'jdawson', 'clifford', 'ysalah', 'SHaolinquan', 'dnebel', 'nmsingh', 'apumm', 'mickey', 'Juliadeschenes', 'agassifeng', 'crush', 'claireboland', 'alopez', 'kshedd', 'Aaronbenjamin', 'mbykowski', 'dwg482', 'zes975', 'bdemurihaeberle', 'jwang10', 'zharb', 'jteno', 'jroig1', 'pliu', 'psteptoe', 'dwang', 'rsmith', 'jcarson', 'asiddiqui', 'ekatz', 'SSINGH', 'elliottwallace', 'ndhawan', 'kstoddart', 'mrahman23', 'KTietjen', 'sfriedman', 'barlas', 'eskim', 'laurahchoi', 'aka220', 'dblumenthal', 'jaltenhofen', 'als753', 'cgrandau', 'bmanojlovic', 'pcoleman', 'ktaylor', 'kkao', 'spark', 'osostan', 'kmortensen', 'querner', 'clin', 'mmotiani', 'rkatz', 'rickyp999', 'prabath', 'fkhan', 'cfrench', 'cvega', 'eohira', 'aasthana', 'mkalina', 'jhl326', 'cmiksis', 'del982', 'jdeschenes', 'mhoffmann', 'dshafir', 'Shaolinquan', 'amelnyk', 'mfrancisco', 'npentelovitch', 'mfederspiel', 'jroig', 'arahman', 'pdziedzic', 'jcummins', 'aschattner', 'lweiss', 'roub0008', 'hwolfman', 'jaq945', 'jdavid', 'fome', 'nshultz', 'bsummersgill', 'pbaranwal', 'vvalenzuela', 'jgavil', 'aroybal', 'AWellman', 'mchen', 'ewest', 'smiller', 'cpai', 'abruzek', 'gdasovich', 'ameyers', 'ikos', 'LKINGSBURY', 'jshabosky', 'jjones', 'vleung', 'ebader', 'sdang', 'djwhack03', 'aji536', 'dshabeeb', 'jessicag', 'swundrow', 'cliu', 'ashutton', 'sarnold', 'dsy389', 'treber', 'lkingsbury', 'aaronbenjamin', 'dculhane', 'mkubiak', 'bfu109', 'cpowersmaher', 'darosner', 'bnielsen', 'SLIM', 'calfonso', 'ksulzer', 'chastings', 'edawson', 'toconnell', 'tpoole', 'jyoung88', 'ktietjen', 'dmenon', 'astrick', 'khiggins', 'athaler', 'kstoerzinger']",1,['jroden'],450,"['jlee', 'jesnyder', 'swalchuk', 'dfang', 'therrmann', 'csouthard', 'wsun', 'rmetzler', 'jbeltran', 'akim', 'sflores', 'jweishaar', 'mamofa', 'robbrown', 'kroderer', 'Ikornblau', 'chaselhorst', 'acarroll', 'gescobar', 'mehwish916', 'asuresh', 'wuttarapatriyakul', 'kkang', 'lfoulke', 'chicah444', 'rferraro', 'laybar', 'slim', 'awellman', 'kcysewski', 'bwalker423', 'jlye', 'lstene', 'erobinson', 'sdaudi', 'nash73', 'chaimann', 'ahurd', 'jzona', 'eunterbrink', 'yongjoo87', 'kvb507', 'jneilsson', 'elemasters', 'chem10107', 'jstroup', 'kmorgan', 'dchoi', 'aelmy', 'MChen', 'cpark', 'frankzhang', 'cdipompeo', 'dflint', 'jchowaniec', 'kbatra', 'dtorres', 'bvu', 'jlt453', 'ckilic', 'jdshank44', 'smoffett', 'dspade', 'zsersland', 'damaranto', 'bmattson', 'WUTTARAPATRIYAKUL', 'wheat_thin636', 'Mehwish916', 'jramsley', 'jsteinberg', 'ikornblau', 'Akhan', 'kkovatch', 'jordanduval', 'jlemaster', 'rmb907', 'kparekh', 'mfederspiel1', 'vivekanandbhardwaj', 'rlee', 'gbanner', 'leochild2005', 'prettynpink221', 'sburrill', 'abeswick', 'lwelke', 'ldelaney', 'kjs901', 'awhittington', 'msarkulova', 'bigkrezca32', 'cblack', 'smui', 'msivasubramaniam', 'Edawson', 'rtsang', 'sstrong', 'cclark', 'kcebrian', 'jdarby', 'smoy', 'evelyncarter', 'aahmad', 'bniklinska', 'cpa475', 'xbasko', 'mroebuck', 'jroden', 'bfrett', 'ohkwon', 'shaolinquan', 'soconnell', 'nfrench', 'smw823', 'fuckme', 'shanks53', 'mgilmour', 'lbrengman', 'skim', 'rwinnegar', 'seankim', 'kgspears', 'mlowes', 'lkarvelis', 'aechevarria', 'hschroeder', 'ebell', 'mradadia', 'jbastiaens', 'ganderson', 'skramer', 'dsturgeon', 'wpearse', 'alang', 'evedgebah', 'marthachang', 'igemp', 'yixak', 'amorales', 'dliu', 'noodles5', 'jerickson', 'nchu', 'cmcgourty', 'asantamarina', 'aloon', 'pmodi', 'bpk122', 'mshah22', 'pkalkat', 'mhyre', 'JMeissner', 'cchristianson', 'nperkins', 'ccarhart', 'jkircher', 'rbaroch', 'jjaume', 'Asprague', 'bbrochu', 'vrivas', 'bschnedl', 'mnovacanes', 'mzou', 'jpineda', 'suchida', 'jschulze', 'jallen', 'tchou', 'aepstein', 'jmeissner', 'jdattilo', 'parker9', 'bschaefer', 'hdurschlag', 'geieea', 'grebesco', 'jlopez', 'mtapkowski', 'mkahle', 'sju', 'rkhazai', 'dwu', 'xyin', 'mbarrett', 'klandry', 'asprague', 'tgonzales', 'cnh872', 'mpsorkin', 'mis130', 'lawchang88', 'jdrake', 'eschaefer', 'cvenatta', 'jsnyder', 'agoodman', 'atalai', 'ASiddiqui', 'mfenech', 'acm', 'asisodia', 'scrow', 'jdinneen', 'kbg813', 'amahajan', 'ehaug', 'kmp423', 'jsavitsky', 'cconrad', 'swahab', 'adhar2', 'mja276', 'rkaringada', 'dburk', 'slu', 'danielbaik', 'jmarrone', 'clu', 'tcouri', 'fzhang', 'aim512', 'emurphy', 'stacilaci56', 'dbaik', 'aocchiuti', 'ndvora', 'ymanibog', 'Dangel', 'ecunningham', 'LauraK', 'sfarley', 'erausch', 'ccl356', 'awagner', 'JSavitsky', 'smo596', 'csherman', 'jmehra', 'abarr', 'sdixit', 'msood', 'vmanko', 'cwhite', 'rgribben', 'dsiegal', 'slasselle', 'akhan', 'jschulze1', 'wstokely', 'lowen', 'LWELKE', 'ealtman', 'asarwark', 'kschuette', 'g3styx', 'zeidlab', 'jsneed', 'jmenkin', 'nkraska', 'JuliaDesChenes', 'choel', 'jguliap', 'dal767', 'uchidas', 'dyao', 'ktakahashi', 'rpickering', 'ksampson', 'pnolan', 'jonaltenhofen', 'brwass', 'bweisse', 'rgopal', 'agast', 'slhatch', 'gschultz', 'churley', 'jswanson', 'jbragg', 'vladmanko', 'mphilben', 'cboland', 'jhan', 'sindhu108', 'jmehrotra', 'psampath', 'mfenstermaker', 'mickey_g3', 'jps939', 'tofinesse333', 'jobremski', 'petarvidak', 'kfreer', 'tsn821', 'lgerkowicz', 'KKessler', 'ckwan', 'ktommerdahl', 'heisenman', 'srao', 'jilliann2', 'dufford', 'lfs919', 'jswenson', 'jdawson', 'clifford', 'ysalah', 'SHaolinquan', 'dnebel', 'swilson', 'nmsingh', 'apumm', 'mickey', 'Juliadeschenes', 'agassifeng', 'crush', 'claireboland', 'alopez', 'kshedd', 'Aaronbenjamin', 'mbykowski', 'dwg482', 'zes975', 'bdemurihaeberle', 'jwang10', 'zharb', 'jteno', 'jroig1', 'pliu', 'psteptoe', 'dwang', 'rsmith', 'jcarson', 'asiddiqui', 'ekatz', 'dcooperberg', 'SSINGH', 'elliottwallace', 'ndhawan', 'kstoddart', 'mrahman23', 'KTietjen', 'sfriedman', 'barlas', 'eskim', 'laurahchoi', 'aka220', 'dblumenthal', 'jaltenhofen', 'als753', 'cgrandau', 'bmanojlovic', 'pcoleman', 'ktaylor', 'kkao', 'spark', 'osostan', 'kmortensen', 'querner', 'clin', 'mmotiani', 'rkatz', 'rickyp999', 'prabath', 'fkhan', 'cfrench', 'cvega', 'eohira', 'aasthana', 'mkalina', 'jhl326', 'cmiksis', 'del982', 'jdeschenes', 'mhoffmann', 'dshafir', 'Shaolinquan', 'amelnyk', 'mfrancisco', 'npentelovitch', 'mfederspiel', 'jroig', 'arahman', 'pdziedzic', 'jcummins', 'aschattner', 'lweiss', 'kalbertine', 'roub0008', 'hwolfman', 'jaq945', 'jdavid', 'fome', 'nshultz', 'bsummersgill', 'pbaranwal', 'vvalenzuela', 'jgavil', 'aroybal', 'AWellman', 'mchen', 'ewest', 'smiller', 'cpai', 'abruzek', 'gdasovich', 'ameyers', 'ikos', 'LKINGSBURY', 'jshabosky', 'jjones', 'vleung', 'ebader', 'sdang', 'djwhack03', 'aji536', 'dshabeeb', 'jessicag', 'swundrow', 'cliu', 'ashutton', 'sarnold', 'dsy389', 'treber', 'pszalwinski', 'lkingsbury', 'aaronbenjamin', 'dculhane', 'hknai', 'mkubiak', 'bfu109', 'cpowersmaher', 'darosner', 'bnielsen', 'SLIM', 'calfonso', 'ksulzer', 'chastings', 'edawson', 'toconnell', 'tpoole', 'jyoung88', 'ktietjen', 'dmenon', 'astrick', 'khiggins', 'athaler', 'kstoerzinger']"
2,34,181,145,134,"['rachitbiyani', 'smith571', 'elric22', 'pateldm', 'nchirla', 'bashir', 'rparisi', 'bsyoder', 'xmzhang', 'jkalbfle', 'mille177', 'mtanoto', 'babaumga', 'werman691', 'kim131', 'wehlhard', 'sageorge', 'kassovic', 'johns180', 'mtummala', 'bmroozia', 'astacy', 'ftanjono', 'wizdh', 'npanitch', 'mrhee', 'stoneagelove', 'jgu', 'rtrusty', 'tcollopy', 'csrockerzero', 'griffinm', 'danielac', 'nmisiuna', 'zer0xxx', 'freedomjustice', 'rkv0000', 'et279', 'dube0', 'tdjanoko', 'pbayuart', 'seshaw', 'sprashan', 'bsarlitt', 'cabault', 'rsherloc', 'jsterlin', 'jgries', 'obernada', 'chermawi', 'millies', 'gustaf89', 'nannachh', 'aforkner', 'docdaa008', 'apuri', 'Bache', 'spgreene', 'irony59', 'dplamber', 'wnoh', 'kklacik', 'brunner2112', 'dvanclev', 'jtill04', 'sbach', 'sundeepvem', 'han45', 'gzarse', 'dtruax', 'jostendo', 'pranaynanda', 'Jabzg', 'vinsma', 'mwarsco', 'jshahid', 'zeich', 'jskim', 'longja', 'akhilesh', 'singapaul', 'lpeterus', 'sstreete', 'ajplaymaker', 'smchaudh', 'jwetheri', 'bskorupa', 'john3636', 'fuzzy_maraca77', 'mdsnyder', 'anraj', 'ahermann', 'ashayat', 'taylorcl', 'zarastra', 'lmertes', 'nlabianc', 'wow676', 'rahoward', 'bdannan', 'chang61', 'mharger', 'kyangchul', 'dsutherl', 'kelkwa11', 'dgrothe', 'asudibyo', 'bache', 'jidthekid', 'czahner', 'deetman', 'atruesde', 'JoeBlu', 'jaycrayz', 'jackfrost9p', 'samkothari79', 'ahartnet', 'mhain', 'terran010', 'gpajot', 'dulmes', 'skovich', 'kim130', 'Zarastra', 'ebuysse', 'lai', 'aashi', 'jkurasz', 'wang209', 'mrmillz', 'tmoffitt', 'ttho', 'alayi', 'sdidla']",47,"['zer0xXx', 'ezarowny', 'trs4ece', 'jsommer', 'jdickers', 'bsparson', 'romanchd', 'hiddendecoy', 'judoma', 'zconvers', 'mamitche', 'spank_fusion', 'gbalmer', 'arorar', 'mickcrowley', 'lcowsert', 'dergan', 'kbussmann', 'chaines', 'lpuglisi', 'somacroy', 'dhum', 'nrrojas', 'wangyangboy', 'jones105', 'nanohueb', 'gjross', 'gshaw', 'MurphyAKL', 'dmmitche', 'srettber', 'Fisher', 'parimal', 'hsvasi', 'chadhag', 'pmongkol', 'acallawa', 'kdaiya', 'sonicalflair', 'ormgi', 'ajrobiso', 'camyers', 'dopkick', 'joeblu', 'swethy', 'spamilton1', 'gutierjm']",11,"['scyther314159', 'sumeetkumargupta', 'wildkid256', 'jcwirth', 'dmsnell', 'yi0', 'mswallow', 'priyam', 'neudeck', 'jfawcett', 'ongt']",192,"['rachitbiyani', 'elric22', 'nchirla', 'bsyoder', 'rparisi', 'spank_fusion', 'jkalbfle', 'babaumga', 'werman691', 'wehlhard', 'neudeck', 'johns180', 'astacy', 'gjross', 'ftanjono', 'mrhee', 'tcollopy', 'danielac', 'freedomjustice', 'sumeetkumargupta', 'dube0', 'ajrobiso', 'tdjanoko', 'pbayuart', 'swethy', 'ongt', 'sprashan', 'bsarlitt', 'cabault', 'jsterlin', 'jgries', 'jsommer', 'bsparson', 'chermawi', 'millies', 'gustaf89', 'yi0', 'docdaa008', 'apuri', 'Bache', 'spgreene', 'MurphyAKL', 'dmmitche', 'Fisher', 'dvanclev', 'jtill04', 'scyther314159', 'kdaiya', 'sundeepvem', 'ormgi', 'mswallow', 'gzarse', 'trs4ece', 'Jabzg', 'vinsma', 'romanchd', 'dmsnell', 'zconvers', 'mickcrowley', 'jskim', 'akhilesh', 'singapaul', 'somacroy', 'bskorupa', 'mdsnyder', 'anraj', 'taylorcl', 'zarastra', 'nlabianc', 'rahoward', 'spamilton1', 'dergan', 'chang61', 'kyangchul', 'judoma', 'dsutherl', 'kelkwa11', 'lcowsert', 'bache', 'czahner', 'deetman', 'atruesde', 'dhum', 'jaycrayz', 'jackfrost9p', 'terran010', 'gpajot', 'kim130', 'lai', 'ebuysse', 'jkurasz', 'wang209', 'sonicalflair', 'camyers', 'sdidla', 'ezarowny', 'jdickers', 'smith571', 'pateldm', 'bashir', 'gbalmer', 'jfawcett', 'arorar', 'mille177', 'mtanoto', 'kim131', 'sageorge', 'kassovic', 'wangyangboy', 'nrrojas', 'mtummala', 'bmroozia', 'wizdh', 'npanitch', 'stoneagelove', 'jgu', 'rtrusty', 'csrockerzero', 'griffinm', 'nmisiuna', 'zer0xxx', 'rkv0000', 'et279', 'priyam', 'seshaw', 'rsherloc', 'zer0xXx', 'obernada', 'kbussmann', 'wildkid256', 'nannachh', 'aforkner', 'jones105', 'irony59', 'dplamber', 'wnoh', 'kklacik', 'brunner2112', 'parimal', 'sbach', 'jcwirth', 'han45', 'joeblu', 'dtruax', 'gutierjm', 'jostendo', 'pranaynanda', 'mwarsco', 'jshahid', 'zeich', 'alayi', 'longja', 'lpeterus', 'sstreete', 'gshaw', 'ajplaymaker', 'smchaudh', 'jwetheri', 'john3636', 'fuzzy_maraca77', 'srettber', 'chadhag', 'ahermann', 'pmongkol', 'acallawa', 'ashayat', 'lmertes', 'dopkick', 'wow676', 'bdannan', 'mharger', 'hiddendecoy', 'mamitche', 'dgrothe', 'asudibyo', 'chaines', 'jidthekid', 'lpuglisi', 'JoeBlu', 'nanohueb', 'samkothari79', 'ahartnet', 'mhain', 'dulmes', 'skovich', 'hsvasi', 'Zarastra', 'aashi', 'mrmillz', 'tmoffitt', 'ttho', 'xmzhang']"
2,44,181,112,98,"['pateldm', 'bsyoder', 'rparisi', 'arorar', 'mtanoto', 'babaumga', 'werman691', 'kim131', 'wehlhard', 'kassovic', 'johns180', 'nrrojas', 'wangyangboy', 'mtummala', 'astacy', 'gjross', 'ftanjono', 'npanitch', 'jgu', 'rtrusty', 'nmisiuna', 'freedomjustice', 'dube0', 'tdjanoko', 'pbayuart', 'swethy', 'seshaw', 'sprashan', 'rsherloc', 'zer0xXx', 'bsparson', 'obernada', 'chermawi', 'gustaf89', 'docdaa008', 'Bache', 'jones105', 'dplamber', 'spgreene', 'wnoh', 'kklacik', 'MurphyAKL', 'dmmitche', 'Fisher', 'brunner2112', 'jtill04', 'sbach', 'kdaiya', 'han45', 'joeblu', 'gzarse', 'gutierjm', 'jostendo', 'pranaynanda', 'Jabzg', 'vinsma', 'mwarsco', 'jshahid', 'zconvers', 'jskim', 'longja', 'akhilesh', 'singapaul', 'lpeterus', 'sstreete', 'gshaw', 'smchaudh', 'jwetheri', 'john3636', 'srettber', 'anraj', 'ahermann', 'pmongkol', 'acallawa', 'nlabianc', 'wow676', 'rahoward', 'spamilton1', 'bdannan', 'chang61', 'hiddendecoy', 'kelkwa11', 'dgrothe', 'lcowsert', 'asudibyo', 'jidthekid', 'czahner', 'atruesde', 'jaycrayz', 'mhain', 'terran010', 'dulmes', 'hsvasi', 'kim130', 'Zarastra', 'jkurasz', 'mrmillz', 'ttho']",83,"['ezarowny', 'rachitbiyani', 'jdickers', 'smith571', 'elric22', 'nchirla', 'bashir', 'gbalmer', 'spank_fusion', 'jkalbfle', 'mille177', 'sageorge', 'bmroozia', 'wizdh', 'mrhee', 'stoneagelove', 'tcollopy', 'csrockerzero', 'griffinm', 'danielac', 'zer0xxx', 'rkv0000', 'et279', 'ajrobiso', 'cabault', 'bsarlitt', 'jsterlin', 'jgries', 'jsommer', 'millies', 'kbussmann', 'nannachh', 'aforkner', 'apuri', 'irony59', 'parimal', 'dvanclev', 'sundeepvem', 'ormgi', 'dtruax', 'trs4ece', 'romanchd', 'zeich', 'alayi', 'mickcrowley', 'somacroy', 'ajplaymaker', 'bskorupa', 'fuzzy_maraca77', 'mdsnyder', 'chadhag', 'ashayat', 'taylorcl', 'zarastra', 'lmertes', 'dopkick', 'dergan', 'mharger', 'kyangchul', 'judoma', 'dsutherl', 'mamitche', 'bache', 'chaines', 'deetman', 'lpuglisi', 'JoeBlu', 'dhum', 'nanohueb', 'jackfrost9p', 'samkothari79', 'ahartnet', 'gpajot', 'skovich', 'lai', 'ebuysse', 'aashi', 'wang209', 'sonicalflair', 'camyers', 'tmoffitt', 'xmzhang', 'sdidla']",14,"['rkv000', 'lonestar', 'justinsyk', 'garg', 'wildkid256', 'junghanlee', 'jcwirth', 'smillies', 'nsapra', 'mattsbai', 'sen2904', 'sagadi', 'crosis', 'pjyoti']",195,"['ezarowny', 'rachitbiyani', 'jdickers', 'smith571', 'elric22', 'junghanlee', 'pateldm', 'nchirla', 'bashir', 'bsyoder', 'rparisi', 'spank_fusion', 'gbalmer', 'arorar', 'jkalbfle', 'xmzhang', 'mtanoto', 'mille177', 'babaumga', 'werman691', 'justinsyk', 'kim131', 'wehlhard', 'sageorge', 'kassovic', 'wangyangboy', 'nrrojas', 'mtummala', 'johns180', 'astacy', 'gjross', 'bmroozia', 'sagadi', 'ftanjono', 'wizdh', 'npanitch', 'mrhee', 'stoneagelove', 'jgu', 'rtrusty', 'tcollopy', 'csrockerzero', 'griffinm', 'danielac', 'nmisiuna', 'zer0xxx', 'freedomjustice', 'rkv0000', 'et279', 'dube0', 'ajrobiso', 'tdjanoko', 'pbayuart', 'swethy', 'seshaw', 'sprashan', 'bsarlitt', 'cabault', 'rsherloc', 'jsterlin', 'zer0xXx', 'jgries', 'jsommer', 'bsparson', 'obernada', 'chermawi', 'millies', 'gustaf89', 'kbussmann', 'wildkid256', 'nannachh', 'aforkner', 'docdaa008', 'apuri', 'Bache', 'spgreene', 'jones105', 'irony59', 'dplamber', 'wnoh', 'kklacik', 'MurphyAKL', 'dmmitche', 'Fisher', 'brunner2112', 'parimal', 'sen2904', 'dvanclev', 'jtill04', 'sbach', 'kdaiya', 'garg', 'sundeepvem', 'jcwirth', 'ormgi', 'han45', 'joeblu', 'gzarse', 'dtruax', 'gutierjm', 'jostendo', 'trs4ece', 'pranaynanda', 'Jabzg', 'vinsma', 'romanchd', 'mwarsco', 'jshahid', 'smillies', 'zconvers', 'zeich', 'mickcrowley', 'jskim', 'longja', 'akhilesh', 'singapaul', 'somacroy', 'lpeterus', 'sstreete', 'gshaw', 'ajplaymaker', 'smchaudh', 'jwetheri', 'bskorupa', 'john3636', 'fuzzy_maraca77', 'srettber', 'mdsnyder', 'anraj', 'chadhag', 'ahermann', 'pmongkol', 'rkv000', 'lonestar', 'acallawa', 'ashayat', 'taylorcl', 'zarastra', 'lmertes', 'nlabianc', 'dopkick', 'wow676', 'rahoward', 'spamilton1', 'dergan', 'bdannan', 'chang61', 'mharger', 'kyangchul', 'hiddendecoy', 'nsapra', 'judoma', 'dsutherl', 'mamitche', 'kelkwa11', 'dgrothe', 'lcowsert', 'asudibyo', 'bache', 'chaines', 'jidthekid', 'czahner', 'lpuglisi', 'deetman', 'mattsbai', 'atruesde', 'JoeBlu', 'dhum', 'nanohueb', 'jaycrayz', 'jackfrost9p', 'samkothari79', 'ahartnet', 'mhain', 'terran010', 'gpajot', 'dulmes', 'skovich', 'hsvasi', 'kim130', 'Zarastra', 'lai', 'ebuysse', 'aashi', 'crosis', 'jkurasz', 'wang209', 'mrmillz', 'sonicalflair', 'camyers', 'tmoffitt', 'ttho', 'alayi', 'sdidla', 'pjyoti']"
2,40,181,68,64,"['bdannan', 'rsherloc', 'zer0xXx', 'jsterlin', 'pranaynanda', 'Jabzg', 'obernada', 'chermawi', 'nchirla', 'gbalmer', 'kelkwa11', 'arorar', 'gustaf89', 'jskim', 'babaumga', 'akhilesh', 'werman691', 'lpuglisi', 'lpeterus', 'aforkner', 'atruesde', 'kassovic', 'rahoward', 'docdaa008', 'wangyangboy', 'sstreete', 'johns180', 'irony59', 'astacy', 'nrrojas', 'jaycrayz', 'dplamber', 'gshaw', 'ftanjono', 'kklacik', 'terran010', 'jwetheri', 'gutierjm', 'wow676', 'Fisher', 'brunner2112', 'jgu', 'dulmes', 'hsvasi', 'pbayuart', 'dvanclev', 'rtrusty', 'tcollopy', 'jtill04', 'pmongkol', 'acallawa', 'kdaiya', 'et279', 'sonicalflair', 'nlabianc', 'mrmillz', 'dube0', 'tdjanoko', 'swethy', 'sprashan', 'gzarse', 'spamilton1', 'dergan', 'jostendo']",117,"['ezarowny', 'rachitbiyani', 'jdickers', 'smith571', 'elric22', 'pateldm', 'bashir', 'rparisi', 'bsyoder', 'spank_fusion', 'jkalbfle', 'mille177', 'mtanoto', 'kim131', 'wehlhard', 'sageorge', 'mtummala', 'bmroozia', 'gjross', 'wizdh', 'npanitch', 'mrhee', 'stoneagelove', 'csrockerzero', 'griffinm', 'danielac', 'nmisiuna', 'zer0xxx', 'freedomjustice', 'rkv0000', 'ajrobiso', 'seshaw', 'cabault', 'bsarlitt', 'jgries', 'jsommer', 'bsparson', 'millies', 'kbussmann', 'nannachh', 'apuri', 'Bache', 'spgreene', 'jones105', 'wnoh', 'MurphyAKL', 'dmmitche', 'parimal', 'sbach', 'sundeepvem', 'ormgi', 'han45', 'joeblu', 'dtruax', 'trs4ece', 'vinsma', 'romanchd', 'mwarsco', 'jshahid', 'zconvers', 'zeich', 'alayi', 'mickcrowley', 'longja', 'singapaul', 'somacroy', 'ajplaymaker', 'smchaudh', 'bskorupa', 'john3636', 'fuzzy_maraca77', 'srettber', 'mdsnyder', 'anraj', 'chadhag', 'ahermann', 'ashayat', 'taylorcl', 'zarastra', 'lmertes', 'dopkick', 'chang61', 'mharger', 'kyangchul', 'hiddendecoy', 'judoma', 'dsutherl', 'mamitche', 'dgrothe', 'lcowsert', 'asudibyo', 'bache', 'chaines', 'jidthekid', 'czahner', 'deetman', 'JoeBlu', 'dhum', 'nanohueb', 'jackfrost9p', 'samkothari79', 'ahartnet', 'mhain', 'gpajot', 'skovich', 'kim130', 'Zarastra', 'lai', 'ebuysse', 'aashi', 'jkurasz', 'wang209', 'camyers', 'tmoffitt', 'ttho', 'xmzhang', 'sdidla']",4,"['jcwirth', 'gsinghal', 'mattsbai', 'dmsnell']",185,"['ezarowny', 'rachitbiyani', 'jdickers', 'smith571', 'elric22', 'pateldm', 'nchirla', 'bashir', 'bsyoder', 'rparisi', 'spank_fusion', 'gbalmer', 'arorar', 'jkalbfle', 'xmzhang', 'mtanoto', 'mille177', 'babaumga', 'werman691', 'kim131', 'wehlhard', 'sageorge', 'kassovic', 'wangyangboy', 'nrrojas', 'mtummala', 'johns180', 'astacy', 'gjross', 'bmroozia', 'ftanjono', 'wizdh', 'npanitch', 'mrhee', 'stoneagelove', 'jgu', 'rtrusty', 'tcollopy', 'csrockerzero', 'griffinm', 'danielac', 'nmisiuna', 'zer0xxx', 'freedomjustice', 'rkv0000', 'et279', 'dube0', 'ajrobiso', 'tdjanoko', 'pbayuart', 'swethy', 'seshaw', 'sprashan', 'bsarlitt', 'cabault', 'rsherloc', 'jsterlin', 'zer0xXx', 'jgries', 'jsommer', 'bsparson', 'obernada', 'chermawi', 'millies', 'gustaf89', 'kbussmann', 'nannachh', 'aforkner', 'docdaa008', 'apuri', 'Bache', 'spgreene', 'jones105', 'irony59', 'dplamber', 'wnoh', 'kklacik', 'MurphyAKL', 'dmmitche', 'Fisher', 'brunner2112', 'parimal', 'dvanclev', 'jtill04', 'sbach', 'kdaiya', 'sundeepvem', 'jcwirth', 'ormgi', 'han45', 'joeblu', 'gzarse', 'dtruax', 'gutierjm', 'jostendo', 'trs4ece', 'pranaynanda', 'Jabzg', 'vinsma', 'romanchd', 'mwarsco', 'dmsnell', 'jshahid', 'zconvers', 'zeich', 'mickcrowley', 'jskim', 'longja', 'akhilesh', 'singapaul', 'somacroy', 'lpeterus', 'sstreete', 'gshaw', 'ajplaymaker', 'smchaudh', 'jwetheri', 'gsinghal', 'bskorupa', 'john3636', 'fuzzy_maraca77', 'srettber', 'mdsnyder', 'anraj', 'chadhag', 'ahermann', 'pmongkol', 'acallawa', 'ashayat', 'taylorcl', 'zarastra', 'lmertes', 'nlabianc', 'dopkick', 'wow676', 'rahoward', 'spamilton1', 'dergan', 'bdannan', 'chang61', 'mharger', 'kyangchul', 'hiddendecoy', 'judoma', 'dsutherl', 'mamitche', 'kelkwa11', 'dgrothe', 'lcowsert', 'asudibyo', 'bache', 'chaines', 'jidthekid', 'czahner', 'lpuglisi', 'deetman', 'mattsbai', 'atruesde', 'JoeBlu', 'dhum', 'nanohueb', 'jaycrayz', 'jackfrost9p', 'samkothari79', 'ahartnet', 'mhain', 'terran010', 'gpajot', 'dulmes', 'skovich', 'hsvasi', 'kim130', 'Zarastra', 'lai', 'ebuysse', 'aashi', 'jkurasz', 'wang209', 'mrmillz', 'sonicalflair', 'camyers', 'tmoffitt', 'ttho', 'alayi', 'sdidla']"
2,39,181,30,26,"['mharger', 'chermawi', 'gustaf89', 'singapaul', 'kassovic', 'JoeBlu', 'docdaa008', 'johns180', 'spgreene', 'astacy', 'ftanjono', 'kklacik', 'smchaudh', 'terran010', 'dmmitche', 'ebuysse', 'tcollopy', 'pmongkol', 'jkurasz', 'griffinm', 'nmisiuna', 'kdaiya', 'zarastra', 'tmoffitt', 'pbayuart', 'rahoward']",155,"['ezarowny', 'rachitbiyani', 'jdickers', 'smith571', 'elric22', 'pateldm', 'nchirla', 'bashir', 'bsyoder', 'rparisi', 'spank_fusion', 'gbalmer', 'arorar', 'jkalbfle', 'xmzhang', 'mtanoto', 'mille177', 'babaumga', 'werman691', 'kim131', 'wehlhard', 'sageorge', 'wangyangboy', 'nrrojas', 'mtummala', 'gjross', 'bmroozia', 'wizdh', 'npanitch', 'mrhee', 'stoneagelove', 'jgu', 'rtrusty', 'csrockerzero', 'danielac', 'zer0xxx', 'freedomjustice', 'rkv0000', 'et279', 'dube0', 'ajrobiso', 'tdjanoko', 'swethy', 'seshaw', 'sprashan', 'bsarlitt', 'cabault', 'rsherloc', 'jsterlin', 'zer0xXx', 'jgries', 'jsommer', 'bsparson', 'obernada', 'millies', 'kbussmann', 'nannachh', 'aforkner', 'apuri', 'Bache', 'jones105', 'irony59', 'dplamber', 'wnoh', 'MurphyAKL', 'Fisher', 'brunner2112', 'parimal', 'dvanclev', 'jtill04', 'sbach', 'sundeepvem', 'ormgi', 'han45', 'joeblu', 'gzarse', 'dtruax', 'gutierjm', 'jostendo', 'trs4ece', 'pranaynanda', 'Jabzg', 'vinsma', 'romanchd', 'mwarsco', 'jshahid', 'zconvers', 'zeich', 'mickcrowley', 'jskim', 'longja', 'akhilesh', 'somacroy', 'lpeterus', 'sstreete', 'gshaw', 'ajplaymaker', 'jwetheri', 'bskorupa', 'john3636', 'fuzzy_maraca77', 'srettber', 'mdsnyder', 'anraj', 'chadhag', 'ahermann', 'acallawa', 'ashayat', 'taylorcl', 'lmertes', 'nlabianc', 'dopkick', 'wow676', 'spamilton1', 'dergan', 'bdannan', 'chang61', 'kyangchul', 'hiddendecoy', 'judoma', 'dsutherl', 'mamitche', 'kelkwa11', 'dgrothe', 'lcowsert', 'asudibyo', 'bache', 'chaines', 'jidthekid', 'czahner', 'lpuglisi', 'deetman', 'atruesde', 'dhum', 'nanohueb', 'jaycrayz', 'jackfrost9p', 'samkothari79', 'ahartnet', 'mhain', 'gpajot', 'dulmes', 'skovich', 'hsvasi', 'kim130', 'Zarastra', 'lai', 'aashi', 'wang209', 'mrmillz', 'sonicalflair', 'camyers', 'ttho', 'alayi', 'sdidla']",4,"['sumeetkumargupta', 'vivihaha', 'ongt', 'dmsnell']",185,"['ezarowny', 'rachitbiyani', 'jdickers', 'smith571', 'elric22', 'pateldm', 'nchirla', 'bashir', 'bsyoder', 'rparisi', 'spank_fusion', 'gbalmer', 'arorar', 'jkalbfle', 'xmzhang', 'mtanoto', 'mille177', 'babaumga', 'werman691', 'kim131', 'wehlhard', 'sageorge', 'kassovic', 'wangyangboy', 'nrrojas', 'mtummala', 'johns180', 'astacy', 'gjross', 'bmroozia', 'ftanjono', 'wizdh', 'npanitch', 'mrhee', 'stoneagelove', 'jgu', 'rtrusty', 'tcollopy', 'csrockerzero', 'griffinm', 'danielac', 'nmisiuna', 'zer0xxx', 'freedomjustice', 'sumeetkumargupta', 'rkv0000', 'et279', 'dube0', 'ajrobiso', 'tdjanoko', 'pbayuart', 'swethy', 'seshaw', 'ongt', 'sprashan', 'bsarlitt', 'cabault', 'rsherloc', 'jsterlin', 'zer0xXx', 'jgries', 'jsommer', 'bsparson', 'obernada', 'chermawi', 'millies', 'gustaf89', 'kbussmann', 'nannachh', 'aforkner', 'docdaa008', 'apuri', 'Bache', 'spgreene', 'jones105', 'irony59', 'dplamber', 'wnoh', 'kklacik', 'MurphyAKL', 'dmmitche', 'Fisher', 'brunner2112', 'parimal', 'dvanclev', 'jtill04', 'vivihaha', 'sbach', 'kdaiya', 'sundeepvem', 'ormgi', 'han45', 'joeblu', 'gzarse', 'dtruax', 'gutierjm', 'jostendo', 'trs4ece', 'pranaynanda', 'Jabzg', 'vinsma', 'romanchd', 'mwarsco', 'dmsnell', 'jshahid', 'zconvers', 'zeich', 'mickcrowley', 'jskim', 'longja', 'akhilesh', 'singapaul', 'somacroy', 'lpeterus', 'sstreete', 'gshaw', 'ajplaymaker', 'smchaudh', 'jwetheri', 'bskorupa', 'john3636', 'fuzzy_maraca77', 'srettber', 'mdsnyder', 'anraj', 'chadhag', 'ahermann', 'pmongkol', 'acallawa', 'ashayat', 'taylorcl', 'zarastra', 'lmertes', 'nlabianc', 'dopkick', 'wow676', 'rahoward', 'spamilton1', 'dergan', 'bdannan', 'chang61', 'mharger', 'kyangchul', 'hiddendecoy', 'judoma', 'dsutherl', 'mamitche', 'kelkwa11', 'dgrothe', 'lcowsert', 'asudibyo', 'bache', 'chaines', 'jidthekid', 'czahner', 'lpuglisi', 'deetman', 'atruesde', 'JoeBlu', 'dhum', 'nanohueb', 'jaycrayz', 'jackfrost9p', 'samkothari79', 'ahartnet', 'mhain', 'terran010', 'gpajot', 'dulmes', 'skovich', 'hsvasi', 'kim130', 'Zarastra', 'lai', 'ebuysse', 'aashi', 'jkurasz', 'wang209', 'mrmillz', 'sonicalflair', 'camyers', 'tmoffitt', 'ttho', 'alayi', 'sdidla']"
2,35,181,13,10,"['wizdh', 'jkurasz', 'et279', 'sonicalflair', 'chermawi', 'somacroy', 'aforkner', 'mamitche', 'ebuysse', 'dergan']",171,"['ezarowny', 'rachitbiyani', 'jdickers', 'smith571', 'elric22', 'pateldm', 'nchirla', 'bashir', 'bsyoder', 'rparisi', 'spank_fusion', 'gbalmer', 'arorar', 'jkalbfle', 'xmzhang', 'mtanoto', 'mille177', 'babaumga', 'werman691', 'kim131', 'wehlhard', 'sageorge', 'kassovic', 'wangyangboy', 'nrrojas', 'mtummala', 'johns180', 'astacy', 'gjross', 'bmroozia', 'ftanjono', 'npanitch', 'mrhee', 'stoneagelove', 'jgu', 'rtrusty', 'tcollopy', 'csrockerzero', 'griffinm', 'danielac', 'nmisiuna', 'zer0xxx', 'freedomjustice', 'rkv0000', 'dube0', 'ajrobiso', 'tdjanoko', 'pbayuart', 'swethy', 'seshaw', 'sprashan', 'bsarlitt', 'cabault', 'rsherloc', 'jsterlin', 'zer0xXx', 'jgries', 'jsommer', 'bsparson', 'obernada', 'millies', 'gustaf89', 'kbussmann', 'nannachh', 'docdaa008', 'apuri', 'Bache', 'spgreene', 'jones105', 'irony59', 'dplamber', 'wnoh', 'kklacik', 'MurphyAKL', 'dmmitche', 'Fisher', 'brunner2112', 'parimal', 'dvanclev', 'jtill04', 'sbach', 'kdaiya', 'sundeepvem', 'ormgi', 'han45', 'joeblu', 'gzarse', 'dtruax', 'gutierjm', 'jostendo', 'trs4ece', 'pranaynanda', 'Jabzg', 'vinsma', 'romanchd', 'mwarsco', 'jshahid', 'zconvers', 'zeich', 'mickcrowley', 'jskim', 'longja', 'akhilesh', 'singapaul', 'lpeterus', 'sstreete', 'gshaw', 'ajplaymaker', 'smchaudh', 'jwetheri', 'bskorupa', 'john3636', 'fuzzy_maraca77', 'srettber', 'mdsnyder', 'anraj', 'chadhag', 'ahermann', 'pmongkol', 'acallawa', 'ashayat', 'taylorcl', 'zarastra', 'lmertes', 'nlabianc', 'dopkick', 'wow676', 'rahoward', 'spamilton1', 'bdannan', 'chang61', 'mharger', 'kyangchul', 'hiddendecoy', 'judoma', 'dsutherl', 'kelkwa11', 'dgrothe', 'lcowsert', 'asudibyo', 'bache', 'chaines', 'jidthekid', 'czahner', 'lpuglisi', 'deetman', 'atruesde', 'JoeBlu', 'dhum', 'nanohueb', 'jaycrayz', 'jackfrost9p', 'samkothari79', 'ahartnet', 'mhain', 'terran010', 'gpajot', 'dulmes', 'skovich', 'hsvasi', 'kim130', 'Zarastra', 'lai', 'aashi', 'wang209', 'mrmillz', 'camyers', 'tmoffitt', 'ttho', 'alayi', 'sdidla']",3,"['thatmushroom', 'smillies', 'pjyoti']",184,"['ezarowny', 'rachitbiyani', 'jdickers', 'smith571', 'elric22', 'pateldm', 'nchirla', 'bashir', 'bsyoder', 'rparisi', 'spank_fusion', 'gbalmer', 'arorar', 'jkalbfle', 'xmzhang', 'mtanoto', 'mille177', 'babaumga', 'werman691', 'kim131', 'wehlhard', 'sageorge', 'kassovic', 'wangyangboy', 'nrrojas', 'mtummala', 'johns180', 'astacy', 'gjross', 'bmroozia', 'ftanjono', 'wizdh', 'npanitch', 'thatmushroom', 'mrhee', 'stoneagelove', 'jgu', 'rtrusty', 'tcollopy', 'csrockerzero', 'griffinm', 'danielac', 'nmisiuna', 'zer0xxx', 'freedomjustice', 'rkv0000', 'et279', 'dube0', 'ajrobiso', 'tdjanoko', 'pbayuart', 'swethy', 'seshaw', 'sprashan', 'bsarlitt', 'cabault', 'rsherloc', 'jsterlin', 'zer0xXx', 'jgries', 'jsommer', 'bsparson', 'obernada', 'chermawi', 'millies', 'gustaf89', 'kbussmann', 'nannachh', 'aforkner', 'docdaa008', 'apuri', 'Bache', 'spgreene', 'jones105', 'irony59', 'dplamber', 'wnoh', 'kklacik', 'MurphyAKL', 'dmmitche', 'Fisher', 'brunner2112', 'parimal', 'dvanclev', 'jtill04', 'sbach', 'kdaiya', 'sundeepvem', 'ormgi', 'han45', 'joeblu', 'gzarse', 'dtruax', 'gutierjm', 'jostendo', 'trs4ece', 'pranaynanda', 'Jabzg', 'vinsma', 'romanchd', 'mwarsco', 'jshahid', 'smillies', 'zconvers', 'zeich', 'mickcrowley', 'jskim', 'longja', 'akhilesh', 'singapaul', 'somacroy', 'lpeterus', 'sstreete', 'gshaw', 'ajplaymaker', 'smchaudh', 'jwetheri', 'bskorupa', 'john3636', 'fuzzy_maraca77', 'srettber', 'mdsnyder', 'anraj', 'chadhag', 'ahermann', 'pmongkol', 'acallawa', 'ashayat', 'taylorcl', 'zarastra', 'lmertes', 'nlabianc', 'dopkick', 'wow676', 'rahoward', 'spamilton1', 'dergan', 'bdannan', 'chang61', 'mharger', 'kyangchul', 'hiddendecoy', 'judoma', 'dsutherl', 'mamitche', 'kelkwa11', 'dgrothe', 'lcowsert', 'asudibyo', 'bache', 'chaines', 'jidthekid', 'czahner', 'lpuglisi', 'deetman', 'atruesde', 'JoeBlu', 'dhum', 'nanohueb', 'jaycrayz', 'jackfrost9p', 'samkothari79', 'ahartnet', 'mhain', 'terran010', 'gpajot', 'dulmes', 'skovich', 'hsvasi', 'kim130', 'Zarastra', 'lai', 'ebuysse', 'aashi', 'jkurasz', 'wang209', 'mrmillz', 'sonicalflair', 'camyers', 'tmoffitt', 'ttho', 'alayi', 'sdidla', 'pjyoti']"
2,36,181,13,10,"['jtill04', 'ajplaymaker', 'nmisiuna', 'jdickers', 'smith571', 'dhum', 'dopkick', 'lcowsert', 'jkalbfle', 'ahermann']",171,"['ezarowny', 'rachitbiyani', 'elric22', 'pateldm', 'nchirla', 'bashir', 'bsyoder', 'rparisi', 'spank_fusion', 'gbalmer', 'arorar', 'xmzhang', 'mtanoto', 'mille177', 'babaumga', 'werman691', 'kim131', 'wehlhard', 'sageorge', 'kassovic', 'wangyangboy', 'nrrojas', 'mtummala', 'johns180', 'astacy', 'gjross', 'bmroozia', 'ftanjono', 'wizdh', 'npanitch', 'mrhee', 'stoneagelove', 'jgu', 'rtrusty', 'tcollopy', 'csrockerzero', 'griffinm', 'danielac', 'zer0xxx', 'freedomjustice', 'rkv0000', 'et279', 'dube0', 'ajrobiso', 'tdjanoko', 'pbayuart', 'swethy', 'seshaw', 'sprashan', 'bsarlitt', 'cabault', 'rsherloc', 'jsterlin', 'zer0xXx', 'jgries', 'jsommer', 'bsparson', 'obernada', 'chermawi', 'millies', 'gustaf89', 'kbussmann', 'nannachh', 'aforkner', 'docdaa008', 'apuri', 'Bache', 'spgreene', 'jones105', 'irony59', 'dplamber', 'wnoh', 'kklacik', 'MurphyAKL', 'dmmitche', 'Fisher', 'brunner2112', 'parimal', 'dvanclev', 'sbach', 'kdaiya', 'sundeepvem', 'ormgi', 'han45', 'joeblu', 'gzarse', 'dtruax', 'gutierjm', 'jostendo', 'trs4ece', 'pranaynanda', 'Jabzg', 'vinsma', 'romanchd', 'mwarsco', 'jshahid', 'zconvers', 'zeich', 'mickcrowley', 'jskim', 'longja', 'akhilesh', 'singapaul', 'somacroy', 'lpeterus', 'sstreete', 'gshaw', 'smchaudh', 'jwetheri', 'bskorupa', 'john3636', 'fuzzy_maraca77', 'srettber', 'mdsnyder', 'anraj', 'chadhag', 'pmongkol', 'acallawa', 'ashayat', 'taylorcl', 'zarastra', 'lmertes', 'nlabianc', 'wow676', 'rahoward', 'spamilton1', 'dergan', 'bdannan', 'chang61', 'mharger', 'kyangchul', 'hiddendecoy', 'judoma', 'dsutherl', 'mamitche', 'kelkwa11', 'dgrothe', 'asudibyo', 'bache', 'chaines', 'jidthekid', 'czahner', 'lpuglisi', 'deetman', 'atruesde', 'JoeBlu', 'nanohueb', 'jaycrayz', 'jackfrost9p', 'samkothari79', 'ahartnet', 'mhain', 'terran010', 'gpajot', 'dulmes', 'skovich', 'hsvasi', 'kim130', 'Zarastra', 'lai', 'ebuysse', 'aashi', 'jkurasz', 'wang209', 'mrmillz', 'sonicalflair', 'camyers', 'tmoffitt', 'ttho', 'alayi', 'sdidla']",3,"['mswallow', 'neudeck', 'dmsnell']",184,"['ezarowny', 'rachitbiyani', 'jdickers', 'smith571', 'elric22', 'pateldm', 'nchirla', 'bashir', 'bsyoder', 'rparisi', 'spank_fusion', 'gbalmer', 'arorar', 'jkalbfle', 'xmzhang', 'mtanoto', 'mille177', 'babaumga', 'werman691', 'kim131', 'wehlhard', 'sageorge', 'kassovic', 'neudeck', 'wangyangboy', 'nrrojas', 'mtummala', 'johns180', 'astacy', 'gjross', 'bmroozia', 'ftanjono', 'wizdh', 'npanitch', 'mrhee', 'stoneagelove', 'jgu', 'rtrusty', 'tcollopy', 'csrockerzero', 'griffinm', 'danielac', 'nmisiuna', 'zer0xxx', 'freedomjustice', 'rkv0000', 'et279', 'dube0', 'ajrobiso', 'tdjanoko', 'pbayuart', 'swethy', 'seshaw', 'sprashan', 'bsarlitt', 'cabault', 'rsherloc', 'jsterlin', 'zer0xXx', 'jgries', 'jsommer', 'bsparson', 'obernada', 'chermawi', 'millies', 'gustaf89', 'kbussmann', 'nannachh', 'aforkner', 'docdaa008', 'apuri', 'Bache', 'spgreene', 'jones105', 'irony59', 'dplamber', 'wnoh', 'kklacik', 'MurphyAKL', 'dmmitche', 'Fisher', 'brunner2112', 'parimal', 'dvanclev', 'jtill04', 'sbach', 'kdaiya', 'sundeepvem', 'ormgi', 'mswallow', 'han45', 'joeblu', 'gzarse', 'dtruax', 'gutierjm', 'jostendo', 'trs4ece', 'pranaynanda', 'Jabzg', 'vinsma', 'romanchd', 'mwarsco', 'dmsnell', 'jshahid', 'zconvers', 'zeich', 'mickcrowley', 'jskim', 'longja', 'akhilesh', 'singapaul', 'somacroy', 'lpeterus', 'sstreete', 'gshaw', 'ajplaymaker', 'smchaudh', 'jwetheri', 'bskorupa', 'john3636', 'fuzzy_maraca77', 'srettber', 'mdsnyder', 'anraj', 'chadhag', 'ahermann', 'pmongkol', 'acallawa', 'ashayat', 'taylorcl', 'zarastra', 'lmertes', 'nlabianc', 'dopkick', 'wow676', 'rahoward', 'spamilton1', 'dergan', 'bdannan', 'chang61', 'mharger', 'kyangchul', 'hiddendecoy', 'judoma', 'dsutherl', 'mamitche', 'kelkwa11', 'dgrothe', 'lcowsert', 'asudibyo', 'bache', 'chaines', 'jidthekid', 'czahner', 'lpuglisi', 'deetman', 'atruesde', 'JoeBlu', 'dhum', 'nanohueb', 'jaycrayz', 'jackfrost9p', 'samkothari79', 'ahartnet', 'mhain', 'terran010', 'gpajot', 'dulmes', 'skovich', 'hsvasi', 'kim130', 'Zarastra', 'lai', 'ebuysse', 'aashi', 'jkurasz', 'wang209', 'mrmillz', 'sonicalflair', 'camyers', 'tmoffitt', 'ttho', 'alayi', 'sdidla']"
2,41,181,12,10,"['lcowsert', 'chaines', 'smchaudh', 'smith571', 'han45', 'dopkick', 'sprashan', 'astacy', 'gjross', 'dvanclev']",171,"['ezarowny', 'rachitbiyani', 'jdickers', 'elric22', 'pateldm', 'nchirla', 'bashir', 'bsyoder', 'rparisi', 'spank_fusion', 'gbalmer', 'arorar', 'jkalbfle', 'xmzhang', 'mtanoto', 'mille177', 'babaumga', 'werman691', 'kim131', 'wehlhard', 'sageorge', 'kassovic', 'wangyangboy', 'nrrojas', 'mtummala', 'johns180', 'bmroozia', 'ftanjono', 'wizdh', 'npanitch', 'mrhee', 'stoneagelove', 'jgu', 'rtrusty', 'tcollopy', 'csrockerzero', 'griffinm', 'danielac', 'nmisiuna', 'zer0xxx', 'freedomjustice', 'rkv0000', 'et279', 'dube0', 'ajrobiso', 'tdjanoko', 'pbayuart', 'swethy', 'seshaw', 'bsarlitt', 'cabault', 'rsherloc', 'jsterlin', 'zer0xXx', 'jgries', 'jsommer', 'bsparson', 'obernada', 'chermawi', 'millies', 'gustaf89', 'kbussmann', 'nannachh', 'aforkner', 'docdaa008', 'apuri', 'Bache', 'spgreene', 'jones105', 'irony59', 'dplamber', 'wnoh', 'kklacik', 'MurphyAKL', 'dmmitche', 'Fisher', 'brunner2112', 'parimal', 'jtill04', 'sbach', 'kdaiya', 'sundeepvem', 'ormgi', 'joeblu', 'gzarse', 'dtruax', 'gutierjm', 'jostendo', 'trs4ece', 'pranaynanda', 'Jabzg', 'vinsma', 'romanchd', 'mwarsco', 'jshahid', 'zconvers', 'zeich', 'mickcrowley', 'jskim', 'longja', 'akhilesh', 'singapaul', 'somacroy', 'lpeterus', 'sstreete', 'gshaw', 'ajplaymaker', 'jwetheri', 'bskorupa', 'john3636', 'fuzzy_maraca77', 'srettber', 'mdsnyder', 'anraj', 'chadhag', 'ahermann', 'pmongkol', 'acallawa', 'ashayat', 'taylorcl', 'zarastra', 'lmertes', 'nlabianc', 'wow676', 'rahoward', 'spamilton1', 'dergan', 'bdannan', 'chang61', 'mharger', 'kyangchul', 'hiddendecoy', 'judoma', 'dsutherl', 'mamitche', 'kelkwa11', 'dgrothe', 'asudibyo', 'bache', 'jidthekid', 'czahner', 'lpuglisi', 'deetman', 'atruesde', 'JoeBlu', 'dhum', 'nanohueb', 'jaycrayz', 'jackfrost9p', 'samkothari79', 'ahartnet', 'mhain', 'terran010', 'gpajot', 'dulmes', 'skovich', 'hsvasi', 'kim130', 'Zarastra', 'lai', 'ebuysse', 'aashi', 'jkurasz', 'wang209', 'mrmillz', 'sonicalflair', 'camyers', 'tmoffitt', 'ttho', 'alayi', 'sdidla']",2,"['adarmans', 'neudeck']",183,"['ezarowny', 'rachitbiyani', 'jdickers', 'smith571', 'elric22', 'pateldm', 'nchirla', 'bashir', 'bsyoder', 'rparisi', 'spank_fusion', 'gbalmer', 'arorar', 'jkalbfle', 'xmzhang', 'mtanoto', 'mille177', 'babaumga', 'werman691', 'kim131', 'wehlhard', 'sageorge', 'kassovic', 'neudeck', 'wangyangboy', 'nrrojas', 'mtummala', 'johns180', 'astacy', 'gjross', 'bmroozia', 'ftanjono', 'wizdh', 'npanitch', 'mrhee', 'stoneagelove', 'jgu', 'rtrusty', 'tcollopy', 'csrockerzero', 'griffinm', 'danielac', 'nmisiuna', 'zer0xxx', 'freedomjustice', 'adarmans', 'rkv0000', 'et279', 'dube0', 'ajrobiso', 'tdjanoko', 'pbayuart', 'swethy', 'seshaw', 'sprashan', 'bsarlitt', 'cabault', 'rsherloc', 'jsterlin', 'zer0xXx', 'jgries', 'jsommer', 'bsparson', 'obernada', 'chermawi', 'millies', 'gustaf89', 'kbussmann', 'nannachh', 'aforkner', 'docdaa008', 'apuri', 'Bache', 'spgreene', 'jones105', 'irony59', 'dplamber', 'wnoh', 'kklacik', 'MurphyAKL', 'dmmitche', 'Fisher', 'brunner2112', 'parimal', 'dvanclev', 'jtill04', 'sbach', 'kdaiya', 'sundeepvem', 'ormgi', 'han45', 'joeblu', 'gzarse', 'dtruax', 'gutierjm', 'jostendo', 'trs4ece', 'pranaynanda', 'Jabzg', 'vinsma', 'romanchd', 'mwarsco', 'jshahid', 'zconvers', 'zeich', 'mickcrowley', 'jskim', 'longja', 'akhilesh', 'singapaul', 'somacroy', 'lpeterus', 'sstreete', 'gshaw', 'ajplaymaker', 'smchaudh', 'jwetheri', 'bskorupa', 'john3636', 'fuzzy_maraca77', 'srettber', 'mdsnyder', 'anraj', 'chadhag', 'ahermann', 'pmongkol', 'acallawa', 'ashayat', 'taylorcl', 'zarastra', 'lmertes', 'nlabianc', 'dopkick', 'wow676', 'rahoward', 'spamilton1', 'dergan', 'bdannan', 'chang61', 'mharger', 'kyangchul', 'hiddendecoy', 'judoma', 'dsutherl', 'mamitche', 'kelkwa11', 'dgrothe', 'lcowsert', 'asudibyo', 'bache', 'chaines', 'jidthekid', 'czahner', 'lpuglisi', 'deetman', 'atruesde', 'JoeBlu', 'dhum', 'nanohueb', 'jaycrayz', 'jackfrost9p', 'samkothari79', 'ahartnet', 'mhain', 'terran010', 'gpajot', 'dulmes', 'skovich', 'hsvasi', 'kim130', 'Zarastra', 'lai', 'ebuysse', 'aashi', 'jkurasz', 'wang209', 'mrmillz', 'sonicalflair', 'camyers', 'tmoffitt', 'ttho', 'alayi', 'sdidla']"
2,43,181,8,5,"['rtrusty', 'nmisiuna', 'werman691', 'nlabianc', 'johns180']",176,"['ezarowny', 'rachitbiyani', 'jdickers', 'smith571', 'elric22', 'pateldm', 'nchirla', 'bashir', 'bsyoder', 'rparisi', 'spank_fusion', 'gbalmer', 'arorar', 'jkalbfle', 'xmzhang', 'mtanoto', 'mille177', 'babaumga', 'kim131', 'wehlhard', 'sageorge', 'kassovic', 'wangyangboy', 'nrrojas', 'mtummala', 'astacy', 'gjross', 'bmroozia', 'ftanjono', 'wizdh', 'npanitch', 'mrhee', 'stoneagelove', 'jgu', 'tcollopy', 'csrockerzero', 'griffinm', 'danielac', 'zer0xxx', 'freedomjustice', 'rkv0000', 'et279', 'dube0', 'ajrobiso', 'tdjanoko', 'pbayuart', 'swethy', 'seshaw', 'sprashan', 'bsarlitt', 'cabault', 'rsherloc', 'jsterlin', 'zer0xXx', 'jgries', 'jsommer', 'bsparson', 'obernada', 'chermawi', 'millies', 'gustaf89', 'kbussmann', 'nannachh', 'aforkner', 'docdaa008', 'apuri', 'Bache', 'spgreene', 'jones105', 'irony59', 'dplamber', 'wnoh', 'kklacik', 'MurphyAKL', 'dmmitche', 'Fisher', 'brunner2112', 'parimal', 'dvanclev', 'jtill04', 'sbach', 'kdaiya', 'sundeepvem', 'ormgi', 'han45', 'joeblu', 'gzarse', 'dtruax', 'gutierjm', 'jostendo', 'trs4ece', 'pranaynanda', 'Jabzg', 'vinsma', 'romanchd', 'mwarsco', 'jshahid', 'zconvers', 'zeich', 'mickcrowley', 'jskim', 'longja', 'akhilesh', 'singapaul', 'somacroy', 'lpeterus', 'sstreete', 'gshaw', 'ajplaymaker', 'smchaudh', 'jwetheri', 'bskorupa', 'john3636', 'fuzzy_maraca77', 'srettber', 'mdsnyder', 'anraj', 'chadhag', 'ahermann', 'pmongkol', 'acallawa', 'ashayat', 'taylorcl', 'zarastra', 'lmertes', 'dopkick', 'wow676', 'rahoward', 'spamilton1', 'dergan', 'bdannan', 'chang61', 'mharger', 'kyangchul', 'hiddendecoy', 'judoma', 'dsutherl', 'mamitche', 'kelkwa11', 'dgrothe', 'lcowsert', 'asudibyo', 'bache', 'chaines', 'jidthekid', 'czahner', 'lpuglisi', 'deetman', 'atruesde', 'JoeBlu', 'dhum', 'nanohueb', 'jaycrayz', 'jackfrost9p', 'samkothari79', 'ahartnet', 'mhain', 'terran010', 'gpajot', 'dulmes', 'skovich', 'hsvasi', 'kim130', 'Zarastra', 'lai', 'ebuysse', 'aashi', 'jkurasz', 'wang209', 'mrmillz', 'sonicalflair', 'camyers', 'tmoffitt', 'ttho', 'alayi', 'sdidla']",3,"['spaik', 'ateixeir', 'nsapra']",184,"['ezarowny', 'rachitbiyani', 'jdickers', 'smith571', 'elric22', 'pateldm', 'nchirla', 'bashir', 'bsyoder', 'rparisi', 'spank_fusion', 'gbalmer', 'arorar', 'jkalbfle', 'xmzhang', 'mtanoto', 'mille177', 'babaumga', 'werman691', 'kim131', 'wehlhard', 'sageorge', 'kassovic', 'wangyangboy', 'nrrojas', 'mtummala', 'johns180', 'astacy', 'gjross', 'bmroozia', 'ftanjono', 'wizdh', 'npanitch', 'mrhee', 'stoneagelove', 'jgu', 'rtrusty', 'tcollopy', 'csrockerzero', 'griffinm', 'danielac', 'nmisiuna', 'zer0xxx', 'freedomjustice', 'rkv0000', 'et279', 'dube0', 'ajrobiso', 'tdjanoko', 'pbayuart', 'swethy', 'seshaw', 'sprashan', 'bsarlitt', 'cabault', 'rsherloc', 'jsterlin', 'zer0xXx', 'jgries', 'jsommer', 'bsparson', 'obernada', 'chermawi', 'millies', 'gustaf89', 'kbussmann', 'nannachh', 'aforkner', 'docdaa008', 'apuri', 'Bache', 'spgreene', 'jones105', 'irony59', 'dplamber', 'wnoh', 'kklacik', 'MurphyAKL', 'dmmitche', 'Fisher', 'brunner2112', 'parimal', 'dvanclev', 'jtill04', 'sbach', 'kdaiya', 'sundeepvem', 'ormgi', 'han45', 'joeblu', 'gzarse', 'dtruax', 'gutierjm', 'jostendo', 'trs4ece', 'pranaynanda', 'Jabzg', 'vinsma', 'romanchd', 'mwarsco', 'jshahid', 'zconvers', 'zeich', 'mickcrowley', 'jskim', 'longja', 'akhilesh', 'singapaul', 'somacroy', 'lpeterus', 'sstreete', 'spaik', 'gshaw', 'ajplaymaker', 'ateixeir', 'smchaudh', 'jwetheri', 'bskorupa', 'john3636', 'fuzzy_maraca77', 'srettber', 'mdsnyder', 'anraj', 'chadhag', 'ahermann', 'pmongkol', 'acallawa', 'ashayat', 'taylorcl', 'zarastra', 'lmertes', 'nlabianc', 'dopkick', 'wow676', 'rahoward', 'spamilton1', 'dergan', 'bdannan', 'chang61', 'mharger', 'kyangchul', 'hiddendecoy', 'nsapra', 'judoma', 'dsutherl', 'mamitche', 'kelkwa11', 'dgrothe', 'lcowsert', 'asudibyo', 'bache', 'chaines', 'jidthekid', 'czahner', 'lpuglisi', 'deetman', 'atruesde', 'JoeBlu', 'dhum', 'nanohueb', 'jaycrayz', 'jackfrost9p', 'samkothari79', 'ahartnet', 'mhain', 'terran010', 'gpajot', 'dulmes', 'skovich', 'hsvasi', 'kim130', 'Zarastra', 'lai', 'ebuysse', 'aashi', 'jkurasz', 'wang209', 'mrmillz', 'sonicalflair', 'camyers', 'tmoffitt', 'ttho', 'alayi', 'sdidla']"
2,37,181,6,6,"['ftanjono', 'MurphyAKL', 'judoma', 'rparisi', 'alayi', 'spamilton1']",175,"['ezarowny', 'rachitbiyani', 'jdickers', 'smith571', 'elric22', 'pateldm', 'nchirla', 'bashir', 'bsyoder', 'spank_fusion', 'gbalmer', 'arorar', 'jkalbfle', 'xmzhang', 'mtanoto', 'mille177', 'babaumga', 'werman691', 'kim131', 'wehlhard', 'sageorge', 'kassovic', 'wangyangboy', 'nrrojas', 'mtummala', 'johns180', 'astacy', 'gjross', 'bmroozia', 'wizdh', 'npanitch', 'mrhee', 'stoneagelove', 'jgu', 'rtrusty', 'tcollopy', 'csrockerzero', 'griffinm', 'danielac', 'nmisiuna', 'zer0xxx', 'freedomjustice', 'rkv0000', 'et279', 'dube0', 'ajrobiso', 'tdjanoko', 'pbayuart', 'swethy', 'seshaw', 'sprashan', 'bsarlitt', 'cabault', 'rsherloc', 'jsterlin', 'zer0xXx', 'jgries', 'jsommer', 'bsparson', 'obernada', 'chermawi', 'millies', 'gustaf89', 'kbussmann', 'nannachh', 'aforkner', 'docdaa008', 'apuri', 'Bache', 'spgreene', 'jones105', 'irony59', 'dplamber', 'wnoh', 'kklacik', 'dmmitche', 'Fisher', 'brunner2112', 'parimal', 'dvanclev', 'jtill04', 'sbach', 'kdaiya', 'sundeepvem', 'ormgi', 'han45', 'joeblu', 'gzarse', 'dtruax', 'gutierjm', 'jostendo', 'trs4ece', 'pranaynanda', 'Jabzg', 'vinsma', 'romanchd', 'mwarsco', 'jshahid', 'zconvers', 'zeich', 'mickcrowley', 'jskim', 'longja', 'akhilesh', 'singapaul', 'somacroy', 'lpeterus', 'sstreete', 'gshaw', 'ajplaymaker', 'smchaudh', 'jwetheri', 'bskorupa', 'john3636', 'fuzzy_maraca77', 'srettber', 'mdsnyder', 'anraj', 'chadhag', 'ahermann', 'pmongkol', 'acallawa', 'ashayat', 'taylorcl', 'zarastra', 'lmertes', 'nlabianc', 'dopkick', 'wow676', 'rahoward', 'dergan', 'bdannan', 'chang61', 'mharger', 'kyangchul', 'hiddendecoy', 'dsutherl', 'mamitche', 'kelkwa11', 'dgrothe', 'lcowsert', 'asudibyo', 'bache', 'chaines', 'jidthekid', 'czahner', 'lpuglisi', 'deetman', 'atruesde', 'JoeBlu', 'dhum', 'nanohueb', 'jaycrayz', 'jackfrost9p', 'samkothari79', 'ahartnet', 'mhain', 'terran010', 'gpajot', 'dulmes', 'skovich', 'hsvasi', 'kim130', 'Zarastra', 'lai', 'ebuysse', 'aashi', 'jkurasz', 'wang209', 'mrmillz', 'sonicalflair', 'camyers', 'tmoffitt', 'ttho', 'sdidla']",0,[],181,"['ezarowny', 'rachitbiyani', 'jdickers', 'smith571', 'elric22', 'pateldm', 'nchirla', 'bashir', 'bsyoder', 'rparisi', 'spank_fusion', 'gbalmer', 'arorar', 'jkalbfle', 'xmzhang', 'mtanoto', 'mille177', 'babaumga', 'werman691', 'kim131', 'wehlhard', 'sageorge', 'kassovic', 'wangyangboy', 'nrrojas', 'mtummala', 'johns180', 'astacy', 'gjross', 'bmroozia', 'ftanjono', 'wizdh', 'npanitch', 'mrhee', 'stoneagelove', 'jgu', 'rtrusty', 'tcollopy', 'csrockerzero', 'griffinm', 'danielac', 'nmisiuna', 'zer0xxx', 'freedomjustice', 'rkv0000', 'et279', 'dube0', 'ajrobiso', 'tdjanoko', 'pbayuart', 'swethy', 'seshaw', 'sprashan', 'bsarlitt', 'cabault', 'rsherloc', 'jsterlin', 'zer0xXx', 'jgries', 'jsommer', 'bsparson', 'obernada', 'chermawi', 'millies', 'gustaf89', 'kbussmann', 'nannachh', 'aforkner', 'docdaa008', 'apuri', 'Bache', 'spgreene', 'jones105', 'irony59', 'dplamber', 'wnoh', 'kklacik', 'MurphyAKL', 'dmmitche', 'Fisher', 'brunner2112', 'parimal', 'dvanclev', 'jtill04', 'sbach', 'kdaiya', 'sundeepvem', 'ormgi', 'han45', 'joeblu', 'gzarse', 'dtruax', 'gutierjm', 'jostendo', 'trs4ece', 'pranaynanda', 'Jabzg', 'vinsma', 'romanchd', 'mwarsco', 'jshahid', 'zconvers', 'zeich', 'mickcrowley', 'jskim', 'longja', 'akhilesh', 'singapaul', 'somacroy', 'lpeterus', 'sstreete', 'gshaw', 'ajplaymaker', 'smchaudh', 'jwetheri', 'bskorupa', 'john3636', 'fuzzy_maraca77', 'srettber', 'mdsnyder', 'anraj', 'chadhag', 'ahermann', 'pmongkol', 'acallawa', 'ashayat', 'taylorcl', 'zarastra', 'lmertes', 'nlabianc', 'dopkick', 'wow676', 'rahoward', 'spamilton1', 'dergan', 'bdannan', 'chang61', 'mharger', 'kyangchul', 'hiddendecoy', 'judoma', 'dsutherl', 'mamitche', 'kelkwa11', 'dgrothe', 'lcowsert', 'asudibyo', 'bache', 'chaines', 'jidthekid', 'czahner', 'lpuglisi', 'deetman', 'atruesde', 'JoeBlu', 'dhum', 'nanohueb', 'jaycrayz', 'jackfrost9p', 'samkothari79', 'ahartnet', 'mhain', 'terran010', 'gpajot', 'dulmes', 'skovich', 'hsvasi', 'kim130', 'Zarastra', 'lai', 'ebuysse', 'aashi', 'jkurasz', 'wang209', 'mrmillz', 'sonicalflair', 'camyers', 'tmoffitt', 'ttho', 'alayi', 'sdidla']"
2,38,181,6,5,"['gustaf89', 'dmmitche', 'dube0', 'spgreene', 'samkothari79']",176,"['ezarowny', 'rachitbiyani', 'jdickers', 'smith571', 'elric22', 'pateldm', 'nchirla', 'bashir', 'bsyoder', 'rparisi', 'spank_fusion', 'gbalmer', 'arorar', 'jkalbfle', 'xmzhang', 'mtanoto', 'mille177', 'babaumga', 'werman691', 'kim131', 'wehlhard', 'sageorge', 'kassovic', 'wangyangboy', 'nrrojas', 'mtummala', 'johns180', 'astacy', 'gjross', 'bmroozia', 'ftanjono', 'wizdh', 'npanitch', 'mrhee', 'stoneagelove', 'jgu', 'rtrusty', 'tcollopy', 'csrockerzero', 'griffinm', 'danielac', 'nmisiuna', 'zer0xxx', 'freedomjustice', 'rkv0000', 'et279', 'ajrobiso', 'tdjanoko', 'pbayuart', 'swethy', 'seshaw', 'sprashan', 'bsarlitt', 'cabault', 'rsherloc', 'jsterlin', 'zer0xXx', 'jgries', 'jsommer', 'bsparson', 'obernada', 'chermawi', 'millies', 'kbussmann', 'nannachh', 'aforkner', 'docdaa008', 'apuri', 'Bache', 'jones105', 'irony59', 'dplamber', 'wnoh', 'kklacik', 'MurphyAKL', 'Fisher', 'brunner2112', 'parimal', 'dvanclev', 'jtill04', 'sbach', 'kdaiya', 'sundeepvem', 'ormgi', 'han45', 'joeblu', 'gzarse', 'dtruax', 'gutierjm', 'jostendo', 'trs4ece', 'pranaynanda', 'Jabzg', 'vinsma', 'romanchd', 'mwarsco', 'jshahid', 'zconvers', 'zeich', 'mickcrowley', 'jskim', 'longja', 'akhilesh', 'singapaul', 'somacroy', 'lpeterus', 'sstreete', 'gshaw', 'ajplaymaker', 'smchaudh', 'jwetheri', 'bskorupa', 'john3636', 'fuzzy_maraca77', 'srettber', 'mdsnyder', 'anraj', 'chadhag', 'ahermann', 'pmongkol', 'acallawa', 'ashayat', 'taylorcl', 'zarastra', 'lmertes', 'nlabianc', 'dopkick', 'wow676', 'rahoward', 'spamilton1', 'dergan', 'bdannan', 'chang61', 'mharger', 'kyangchul', 'hiddendecoy', 'judoma', 'dsutherl', 'mamitche', 'kelkwa11', 'dgrothe', 'lcowsert', 'asudibyo', 'bache', 'chaines', 'jidthekid', 'czahner', 'lpuglisi', 'deetman', 'atruesde', 'JoeBlu', 'dhum', 'nanohueb', 'jaycrayz', 'jackfrost9p', 'ahartnet', 'mhain', 'terran010', 'gpajot', 'dulmes', 'skovich', 'hsvasi', 'kim130', 'Zarastra', 'lai', 'ebuysse', 'aashi', 'jkurasz', 'wang209', 'mrmillz', 'sonicalflair', 'camyers', 'tmoffitt', 'ttho', 'alayi', 'sdidla']",1,['scyther314159'],182,"['ezarowny', 'rachitbiyani', 'jdickers', 'smith571', 'elric22', 'pateldm', 'nchirla', 'bashir', 'bsyoder', 'rparisi', 'spank_fusion', 'gbalmer', 'arorar', 'jkalbfle', 'xmzhang', 'mtanoto', 'mille177', 'babaumga', 'werman691', 'kim131', 'wehlhard', 'sageorge', 'kassovic', 'wangyangboy', 'nrrojas', 'mtummala', 'johns180', 'astacy', 'gjross', 'bmroozia', 'ftanjono', 'wizdh', 'npanitch', 'mrhee', 'stoneagelove', 'jgu', 'rtrusty', 'tcollopy', 'csrockerzero', 'griffinm', 'danielac', 'nmisiuna', 'zer0xxx', 'freedomjustice', 'rkv0000', 'et279', 'dube0', 'ajrobiso', 'tdjanoko', 'pbayuart', 'swethy', 'seshaw', 'sprashan', 'bsarlitt', 'cabault', 'rsherloc', 'jsterlin', 'zer0xXx', 'jgries', 'jsommer', 'bsparson', 'obernada', 'chermawi', 'millies', 'gustaf89', 'kbussmann', 'nannachh', 'aforkner', 'docdaa008', 'apuri', 'Bache', 'spgreene', 'jones105', 'irony59', 'dplamber', 'wnoh', 'kklacik', 'MurphyAKL', 'dmmitche', 'Fisher', 'brunner2112', 'parimal', 'dvanclev', 'jtill04', 'scyther314159', 'sbach', 'kdaiya', 'sundeepvem', 'ormgi', 'han45', 'joeblu', 'gzarse', 'dtruax', 'gutierjm', 'jostendo', 'trs4ece', 'pranaynanda', 'Jabzg', 'vinsma', 'romanchd', 'mwarsco', 'jshahid', 'zconvers', 'zeich', 'mickcrowley', 'jskim', 'longja', 'akhilesh', 'singapaul', 'somacroy', 'lpeterus', 'sstreete', 'gshaw', 'ajplaymaker', 'smchaudh', 'jwetheri', 'bskorupa', 'john3636', 'fuzzy_maraca77', 'srettber', 'mdsnyder', 'anraj', 'chadhag', 'ahermann', 'pmongkol', 'acallawa', 'ashayat', 'taylorcl', 'zarastra', 'lmertes', 'nlabianc', 'dopkick', 'wow676', 'rahoward', 'spamilton1', 'dergan', 'bdannan', 'chang61', 'mharger', 'kyangchul', 'hiddendecoy', 'judoma', 'dsutherl', 'mamitche', 'kelkwa11', 'dgrothe', 'lcowsert', 'asudibyo', 'bache', 'chaines', 'jidthekid', 'czahner', 'lpuglisi', 'deetman', 'atruesde', 'JoeBlu', 'dhum', 'nanohueb', 'jaycrayz', 'jackfrost9p', 'samkothari79', 'ahartnet', 'mhain', 'terran010', 'gpajot', 'dulmes', 'skovich', 'hsvasi', 'kim130', 'Zarastra', 'lai', 'ebuysse', 'aashi', 'jkurasz', 'wang209', 'mrmillz', 'sonicalflair', 'camyers', 'tmoffitt', 'ttho', 'alayi', 'sdidla']"
2,42,181,6,5,"['mtanoto', 'wizdh', 'csrockerzero', 'pmongkol', 'nanohueb']",176,"['ezarowny', 'rachitbiyani', 'jdickers', 'smith571', 'elric22', 'pateldm', 'nchirla', 'bashir', 'bsyoder', 'rparisi', 'spank_fusion', 'gbalmer', 'arorar', 'jkalbfle', 'xmzhang', 'mille177', 'babaumga', 'werman691', 'kim131', 'wehlhard', 'sageorge', 'kassovic', 'wangyangboy', 'nrrojas', 'mtummala', 'johns180', 'astacy', 'gjross', 'bmroozia', 'ftanjono', 'npanitch', 'mrhee', 'stoneagelove', 'jgu', 'rtrusty', 'tcollopy', 'griffinm', 'danielac', 'nmisiuna', 'zer0xxx', 'freedomjustice', 'rkv0000', 'et279', 'dube0', 'ajrobiso', 'tdjanoko', 'pbayuart', 'swethy', 'seshaw', 'sprashan', 'bsarlitt', 'cabault', 'rsherloc', 'jsterlin', 'zer0xXx', 'jgries', 'jsommer', 'bsparson', 'obernada', 'chermawi', 'millies', 'gustaf89', 'kbussmann', 'nannachh', 'aforkner', 'docdaa008', 'apuri', 'Bache', 'spgreene', 'jones105', 'irony59', 'dplamber', 'wnoh', 'kklacik', 'MurphyAKL', 'dmmitche', 'Fisher', 'brunner2112', 'parimal', 'dvanclev', 'jtill04', 'sbach', 'kdaiya', 'sundeepvem', 'ormgi', 'han45', 'joeblu', 'gzarse', 'dtruax', 'gutierjm', 'jostendo', 'trs4ece', 'pranaynanda', 'Jabzg', 'vinsma', 'romanchd', 'mwarsco', 'jshahid', 'zconvers', 'zeich', 'mickcrowley', 'jskim', 'longja', 'akhilesh', 'singapaul', 'somacroy', 'lpeterus', 'sstreete', 'gshaw', 'ajplaymaker', 'smchaudh', 'jwetheri', 'bskorupa', 'john3636', 'fuzzy_maraca77', 'srettber', 'mdsnyder', 'anraj', 'chadhag', 'ahermann', 'acallawa', 'ashayat', 'taylorcl', 'zarastra', 'lmertes', 'nlabianc', 'dopkick', 'wow676', 'rahoward', 'spamilton1', 'dergan', 'bdannan', 'chang61', 'mharger', 'kyangchul', 'hiddendecoy', 'judoma', 'dsutherl', 'mamitche', 'kelkwa11', 'dgrothe', 'lcowsert', 'asudibyo', 'bache', 'chaines', 'jidthekid', 'czahner', 'lpuglisi', 'deetman', 'atruesde', 'JoeBlu', 'dhum', 'jaycrayz', 'jackfrost9p', 'samkothari79', 'ahartnet', 'mhain', 'terran010', 'gpajot', 'dulmes', 'skovich', 'hsvasi', 'kim130', 'Zarastra', 'lai', 'ebuysse', 'aashi', 'jkurasz', 'wang209', 'mrmillz', 'sonicalflair', 'camyers', 'tmoffitt', 'ttho', 'alayi', 'sdidla']",1,['davydotcom'],182,"['ezarowny', 'rachitbiyani', 'jdickers', 'smith571', 'elric22', 'pateldm', 'nchirla', 'bashir', 'bsyoder', 'rparisi', 'spank_fusion', 'gbalmer', 'arorar', 'jkalbfle', 'xmzhang', 'mtanoto', 'mille177', 'babaumga', 'werman691', 'kim131', 'wehlhard', 'sageorge', 'kassovic', 'wangyangboy', 'nrrojas', 'mtummala', 'johns180', 'astacy', 'gjross', 'bmroozia', 'ftanjono', 'wizdh', 'npanitch', 'mrhee', 'stoneagelove', 'jgu', 'rtrusty', 'tcollopy', 'csrockerzero', 'griffinm', 'danielac', 'nmisiuna', 'zer0xxx', 'freedomjustice', 'rkv0000', 'et279', 'dube0', 'ajrobiso', 'tdjanoko', 'pbayuart', 'swethy', 'seshaw', 'sprashan', 'bsarlitt', 'cabault', 'rsherloc', 'jsterlin', 'zer0xXx', 'jgries', 'jsommer', 'bsparson', 'obernada', 'chermawi', 'millies', 'gustaf89', 'kbussmann', 'nannachh', 'aforkner', 'docdaa008', 'apuri', 'Bache', 'spgreene', 'jones105', 'irony59', 'dplamber', 'wnoh', 'kklacik', 'MurphyAKL', 'dmmitche', 'Fisher', 'brunner2112', 'parimal', 'dvanclev', 'jtill04', 'sbach', 'kdaiya', 'sundeepvem', 'ormgi', 'han45', 'joeblu', 'gzarse', 'dtruax', 'gutierjm', 'jostendo', 'trs4ece', 'pranaynanda', 'Jabzg', 'vinsma', 'romanchd', 'mwarsco', 'jshahid', 'zconvers', 'zeich', 'mickcrowley', 'jskim', 'longja', 'akhilesh', 'singapaul', 'somacroy', 'lpeterus', 'sstreete', 'gshaw', 'ajplaymaker', 'smchaudh', 'jwetheri', 'bskorupa', 'john3636', 'fuzzy_maraca77', 'srettber', 'mdsnyder', 'davydotcom', 'anraj', 'chadhag', 'ahermann', 'pmongkol', 'acallawa', 'ashayat', 'taylorcl', 'zarastra', 'lmertes', 'nlabianc', 'dopkick', 'wow676', 'rahoward', 'spamilton1', 'dergan', 'bdannan', 'chang61', 'mharger', 'kyangchul', 'hiddendecoy', 'judoma', 'dsutherl', 'mamitche', 'kelkwa11', 'dgrothe', 'lcowsert', 'asudibyo', 'bache', 'chaines', 'jidthekid', 'czahner', 'lpuglisi', 'deetman', 'atruesde', 'JoeBlu', 'dhum', 'nanohueb', 'jaycrayz', 'jackfrost9p', 'samkothari79', 'ahartnet', 'mhain', 'terran010', 'gpajot', 'dulmes', 'skovich', 'hsvasi', 'kim130', 'Zarastra', 'lai', 'ebuysse', 'aashi', 'jkurasz', 'wang209', 'mrmillz', 'sonicalflair', 'camyers', 'tmoffitt', 'ttho', 'alayi', 'sdidla']"
3,18,40,27,26,"['tmleynek', 'lsross5', 'ellingsito', 'ilya1987', 'rusteng', 'extrasmoodious', 'madmax', 'xiaoguo', 'lexe', 'catcall', 'bendmart', 'jrwells', 'SlackerZero', 'ochukhrai', 'natemccaughey', 'efillerup', 'dmauchley', 'ijhuggins', 'kigen', 'kurt_retzloff', 'bclayton2003', 'wbmckean', 'dstle', 'empire3k', 'meghannsmit', 'battmanz']",14,"['sonchu', 'u0356611', 'BenDMart', 'nparker', 'jeweed', 'blacksun7x', 'sickchick', 'dkbags', 'chunderbutt', 'sharna', 'williamcarlquist', 'jmwilso1', 'sandros1', 'u0244603']",1,['l84119'],41,"['tmleynek', 'lsross5', 'ellingsito', 'ilya1987', 'rusteng', 'blacksun7x', 'sickchick', 'chunderbutt', 'extrasmoodious', 'madmax', 'sharna', 'xiaoguo', 'u0244603', 'lexe', 'catcall', 'u0356611', 'jeweed', 'bendmart', 'jrwells', 'SlackerZero', 'ochukhrai', 'natemccaughey', 'efillerup', 'BenDMart', 'dmauchley', 'nparker', 'ijhuggins', 'kigen', 'kurt_retzloff', 'bclayton2003', 'l84119', 'williamcarlquist', 'jmwilso1', 'sandros1', 'wbmckean', 'sonchu', 'dstle', 'empire3k', 'dkbags', 'meghannsmit', 'battmanz']"
3,17,40,6,1,['catcall'],39,"['tmleynek', 'lsross5', 'ellingsito', 'ilya1987', 'rusteng', 'blacksun7x', 'sickchick', 'chunderbutt', 'extrasmoodious', 'madmax', 'sharna', 'xiaoguo', 'u0244603', 'lexe', 'u0356611', 'jeweed', 'bendmart', 'jrwells', 'SlackerZero', 'ochukhrai', 'natemccaughey', 'efillerup', 'BenDMart', 'dmauchley', 'nparker', 'ijhuggins', 'kigen', 'kurt_retzloff', 'bclayton2003', 'williamcarlquist', 'jmwilso1', 'sandros1', 'wbmckean', 'sonchu', 'dstle', 'empire3k', 'dkbags', 'meghannsmit', 'battmanz']",5,"['harald84', 'jshumaker', 'retzloff', 'ben19q', 'l84119']",45,"['tmleynek', 'lsross5', 'ellingsito', 'ilya1987', 'rusteng', 'blacksun7x', 'sickchick', 'chunderbutt', 'extrasmoodious', 'madmax', 'sharna', 'xiaoguo', 'u0244603', 'lexe', 'catcall', 'u0356611', 'jeweed', 'bendmart', 'jrwells', 'SlackerZero', 'ben19q', 'ochukhrai', 'natemccaughey', 'efillerup', 'BenDMart', 'dmauchley', 'nparker', 'ijhuggins', 'kigen', 'kurt_retzloff', 'jshumaker', 'bclayton2003', 'l84119', 'williamcarlquist', 'jmwilso1', 'sandros1', 'wbmckean', 'sonchu', 'harald84', 'dstle', 'empire3k', 'dkbags', 'retzloff', 'meghannsmit', 'battmanz']"
3,19,40,6,6,"['nparker', 'jeweed', 'blacksun7x', 'dkbags', 'chunderbutt', 'williamcarlquist']",34,"['tmleynek', 'lsross5', 'ellingsito', 'ilya1987', 'rusteng', 'sickchick', 'extrasmoodious', 'madmax', 'sharna', 'xiaoguo', 'u0244603', 'lexe', 'catcall', 'u0356611', 'bendmart', 'jrwells', 'SlackerZero', 'ochukhrai', 'natemccaughey', 'efillerup', 'BenDMart', 'dmauchley', 'ijhuggins', 'kigen', 'kurt_retzloff', 'bclayton2003', 'jmwilso1', 'sandros1', 'wbmckean', 'sonchu', 'dstle', 'empire3k', 'meghannsmit', 'battmanz']",0,[],40,"['tmleynek', 'lsross5', 'ellingsito', 'ilya1987', 'rusteng', 'blacksun7x', 'sickchick', 'chunderbutt', 'extrasmoodious', 'madmax', 'sharna', 'xiaoguo', 'u0244603', 'lexe', 'catcall', 'u0356611', 'jeweed', 'bendmart', 'jrwells', 'SlackerZero', 'ochukhrai', 'natemccaughey', 'efillerup', 'BenDMart', 'dmauchley', 'nparker', 'ijhuggins', 'kigen', 'kurt_retzloff', 'bclayton2003', 'williamcarlquist', 'jmwilso1', 'sandros1', 'wbmckean', 'sonchu', 'dstle', 'empire3k', 'dkbags', 'meghannsmit', 'battmanz']"
4,26,37,48,35,"['allisonchoing', 'present2010', 'NutMeg0440', 'epd800', 'tvc310', 'tgillard', 'albertlui', 'vac781', 'kohnes86', 'kevinl85', 'rizalph', 'Nutmeg0440', 'thatkidandy', 'crip1163', 'AllisonChoing', 'nahmadi', 'methompson86', 'nutmeg0440', 'jojonelli', 'chrismeetsparis', 'thuynh86', 'shehanfernando', 'pootietang', 'dwillnu', 'sianmei', 'ecarter', 'nulongsnapper86', 'kjv526', 'jsp255', 'danfullin', 'downin24', 'grm154', 'blkhawk005', 'northlild85', 'jspark']",2,"['zzhu', 'sarnold935']",13,"['tejerina', 'ndk510', 'ausmanlk', 'jrw580', 'cmaikens', 'schatz', 'mmapodaca', 'weichiwong', 'kwoodward', 'spilewski', 'srv901', 'Downin24', 'achin']",50,"['allisonchoing', 'vac781', 'NutMeg0440', 'kohnes86', 'jrw580', 'mmapodaca', 'kevinl85', 'weichiwong', 'rizalph', 'thatkidandy', 'tejerina', 'ndk510', 'crip1163', 'nahmadi', 'sarnold935', 'chrismeetsparis', 'pootietang', 'dwillnu', 'ecarter', 'nulongsnapper86', 'danfullin', 'downin24', 'grm154', 'kwoodward', 'blkhawk005', 'northlild85', 'jspark', 'present2010', 'albertlui', 'epd800', 'tvc310', 'tgillard', 'Nutmeg0440', 'AllisonChoing', 'methompson86', 'nutmeg0440', 'jojonelli', 'srv901', 'thuynh86', 'shehanfernando', 'ausmanlk', 'zzhu', 'sianmei', 'spilewski', 'Downin24', 'achin', 'kjv526', 'jsp255', 'cmaikens', 'schatz']"
5,8,31,30,26,"['sfairfie', 'banglin', 'bturk', 'sbook', 'ehalsey', 'mkittle', 'prrussel', 'tmlowe', 'klfrank', 'jbernhar', 'abreisin', 'hjaganat', 'smithmc', 'jptucker', 'andrewotte', 'ebarriba', 'mjwaters', 'lachlanbadger', 'boersenn', 'abartow', 'mbosley', 'awibawa', 'rflynn', 'amalling', 'skyaw', 'sollila']",5,"['psajor', 'attn007', 'mbelcher', 'lee297', 'Ainshi']",4,"['mtmannin', 'dcorbitt', 'tis0lamp', 'strachan']",35,"['psajor', 'sfairfie', 'banglin', 'lee297', 'dcorbitt', 'bturk', 'sbook', 'ehalsey', 'mkittle', 'prrussel', 'tmlowe', 'mbelcher', 'klfrank', 'jbernhar', 'abreisin', 'hjaganat', 'strachan', 'smithmc', 'jptucker', 'andrewotte', 'ebarriba', 'mjwaters', 'lachlanbadger', 'mtmannin', 'boersenn', 'Ainshi', 'abartow', 'mbosley', 'tis0lamp', 'awibawa', 'attn007', 'rflynn', 'amalling', 'skyaw', 'sollila']"
5,9,31,9,7,"['attn007', 'mjwaters', 'amalling', 'Ainshi', 'mkittle', 'abreisin', 'sollila']",24,"['psajor', 'sfairfie', 'banglin', 'lee297', 'bturk', 'sbook', 'ehalsey', 'prrussel', 'tmlowe', 'mbelcher', 'klfrank', 'jbernhar', 'hjaganat', 'smithmc', 'jptucker', 'andrewotte', 'ebarriba', 'lachlanbadger', 'boersenn', 'abartow', 'mbosley', 'awibawa', 'rflynn', 'skyaw']",2,"['yanyao', 'vskhadka']",33,"['psajor', 'sfairfie', 'banglin', 'lee297', 'vskhadka', 'bturk', 'sbook', 'ehalsey', 'mkittle', 'prrussel', 'tmlowe', 'mbelcher', 'klfrank', 'jbernhar', 'abreisin', 'hjaganat', 'yanyao', 'smithmc', 'jptucker', 'andrewotte', 'ebarriba', 'mjwaters', 'lachlanbadger', 'boersenn', 'Ainshi', 'abartow', 'mbosley', 'awibawa', 'attn007', 'rflynn', 'amalling', 'skyaw', 'sollila']"
5,10,31,6,5,"['awibawa', 'jptucker', 'rflynn', 'mbelcher', 'bturk']",26,"['psajor', 'sfairfie', 'smithmc', 'banglin', 'andrewotte', 'ebarriba', 'mjwaters', 'lee297', 'lachlanbadger', 'boersenn', 'sbook', 'ehalsey', 'Ainshi', 'abartow', 'mkittle', 'prrussel', 'mbosley', 'tmlowe', 'attn007', 'amalling', 'klfrank', 'skyaw', 'abreisin', 'sollila', 'jbernhar', 'hjaganat']",1,['awinston'],32,"['psajor', 'sfairfie', 'smithmc', 'banglin', 'jptucker', 'andrewotte', 'ebarriba', 'mjwaters', 'lee297', 'lachlanbadger', 'bturk', 'boersenn', 'sbook', 'ehalsey', 'Ainshi', 'abartow', 'mkittle', 'prrussel', 'mbosley', 'awibawa', 'awinston', 'tmlowe', 'attn007', 'rflynn', 'mbelcher', 'amalling', 'klfrank', 'skyaw', 'abreisin', 'sollila', 'jbernhar', 'hjaganat']"
6,21,29,17,11,"['newmin', 'cbburger', 'junezhu', 'cinedemian', 'bupolin77', 'shorif', 'kim70', 'masud001', 'jhenrie', 'ssalamat', 'zhudongchun']",18,"['majlow', 'bajones', 'boki', 'Zenock', 'nugraha', 'kuzdaso', 'grock', 'john1248', 'ZdenekNo', 'jegonzal', 'rno310', 'kaz830', 'sbc4897', 'fsheng', 'jasonpeterson', 'LINCSTAR182', 'zenock', 'xzimek01']",6,"['vidnari', 'gkarakon', 'turkstra', 'zainu', 'tjandran', 'pgururaj']",35,"['cbburger', 'newmin', 'bajones', 'vidnari', 'bupolin77', 'nugraha', 'zhudongchun', 'jhenrie', 'jegonzal', 'fsheng', 'jasonpeterson', 'junezhu', 'cinedemian', 'Zenock', 'gkarakon', 'turkstra', 'shorif', 'ZdenekNo', 'pgururaj', 'LINCSTAR182', 'majlow', 'boki', 'kuzdaso', 'kim70', 'masud001', 'zainu', 'ssalamat', 'tjandran', 'zenock', 'xzimek01', 'grock', 'john1248', 'rno310', 'kaz830', 'sbc4897']"
6,12,29,16,1,['grock'],28,"['cbburger', 'newmin', 'bajones', 'bupolin77', 'nugraha', 'sbc4897', 'jhenrie', 'jegonzal', 'fsheng', 'jasonpeterson', 'junezhu', 'cinedemian', 'Zenock', 'shorif', 'ZdenekNo', 'LINCSTAR182', 'majlow', 'boki', 'kuzdaso', 'kim70', 'masud001', 'ssalamat', 'zenock', 'xzimek01', 'john1248', 'rno310', 'kaz830', 'zhudongchun']",15,"['aaronwozniak', 'DarrinReed', 'victorkelley', 'kriscampbell', 'davidknight', 'hbui', 'justinbutterfield', 'stewartsoda', 'lincstar182', 'jvalmanza', 'ssessi', 'sahar', 'otrejo', 'dency_daniel', 'chrisraymes']",44,"['cbburger', 'newmin', 'bajones', 'aaronwozniak', 'DarrinReed', 'bupolin77', 'nugraha', 'victorkelley', 'zhudongchun', 'ssessi', 'jhenrie', 'jegonzal', 'fsheng', 'jasonpeterson', 'junezhu', 'cinedemian', 'Zenock', 'shorif', 'stewartsoda', 'lincstar182', 'sahar', 'ZdenekNo', 'chrisraymes', 'LINCSTAR182', 'majlow', 'boki', 'kuzdaso', 'hbui', 'kim70', 'masud001', 'jvalmanza', 'ssalamat', 'dency_daniel', 'zenock', 'xzimek01', 'kriscampbell', 'davidknight', 'grock', 'justinbutterfield', 'john1248', 'otrejo', 'rno310', 'kaz830', 'sbc4897']"
7,40,23,68,1,['gsinghal'],22,"['aashi21', 'axavier', 'skalafut', 'mjbarger', 'stucky', 'nutomo', 'fisher', 'jcromer', 'nee_a87', 'plaird', 'singhs', 'blee292513', 'aozero', 'acgautam', 'jcleong', 'misko9', 'babauman', 'adamskelton', 'SonicalFlair', 'jenkinsalexp', 'adarmans', 'priyamtrivedi']",67,"['bdannan', 'rsherloc', 'zer0xXx', 'jsterlin', 'pranaynanda', 'Jabzg', 'obernada', 'chermawi', 'dmsnell', 'nchirla', 'gbalmer', 'kelkwa11', 'arorar', 'gustaf89', 'jskim', 'babaumga', 'akhilesh', 'werman691', 'lpuglisi', 'mattsbai', 'lpeterus', 'aforkner', 'atruesde', 'kassovic', 'rahoward', 'docdaa008', 'wangyangboy', 'sstreete', 'johns180', 'irony59', 'astacy', 'nrrojas', 'jaycrayz', 'dplamber', 'gshaw', 'ftanjono', 'kklacik', 'terran010', 'jwetheri', 'gutierjm', 'wow676', 'Fisher', 'brunner2112', 'jgu', 'dulmes', 'hsvasi', 'pbayuart', 'dvanclev', 'rtrusty', 'tcollopy', 'jtill04', 'pmongkol', 'acallawa', 'kdaiya', 'et279', 'sonicalflair', 'nlabianc', 'jcwirth', 'mrmillz', 'dube0', 'tdjanoko', 'swethy', 'sprashan', 'gzarse', 'spamilton1', 'dergan', 'jostendo']",90,"['pranaynanda', 'skalafut', 'Jabzg', 'dmsnell', 'nchirla', 'gbalmer', 'arorar', 'babaumga', 'fisher', 'jskim', 'nee_a87', 'akhilesh', 'werman691', 'lpeterus', 'kassovic', 'plaird', 'wangyangboy', 'singhs', 'sstreete', 'johns180', 'astacy', 'nrrojas', 'blee292513', 'gshaw', 'ftanjono', 'acgautam', 'jwetheri', 'gsinghal', 'jcleong', 'jgu', 'babauman', 'rtrusty', 'tcollopy', 'pmongkol', 'acallawa', 'jenkinsalexp', 'adarmans', 'et279', 'nlabianc', 'dube0', 'tdjanoko', 'wow676', 'pbayuart', 'swethy', 'rahoward', 'priyamtrivedi', 'dergan', 'sprashan', 'aashi21', 'bdannan', 'rsherloc', 'zer0xXx', 'jsterlin', 'spamilton1', 'axavier', 'obernada', 'mjbarger', 'chermawi', 'stucky', 'nutomo', 'kelkwa11', 'gustaf89', 'jcromer', 'lpuglisi', 'mattsbai', 'aforkner', 'atruesde', 'docdaa008', 'irony59', 'dplamber', 'jaycrayz', 'aozero', 'kklacik', 'terran010', 'Fisher', 'brunner2112', 'dulmes', 'hsvasi', 'misko9', 'dvanclev', 'adamskelton', 'SonicalFlair', 'jtill04', 'kdaiya', 'sonicalflair', 'jcwirth', 'mrmillz', 'gzarse', 'gutierjm', 'jostendo']"
7,41,23,12,1,['adarmans'],22,"['aashi21', 'axavier', 'skalafut', 'mjbarger', 'stucky', 'nutomo', 'fisher', 'jcromer', 'nee_a87', 'plaird', 'singhs', 'blee292513', 'aozero', 'acgautam', 'gsinghal', 'jcleong', 'misko9', 'babauman', 'adamskelton', 'SonicalFlair', 'jenkinsalexp', 'priyamtrivedi']",11,"['lcowsert', 'chaines', 'smchaudh', 'smith571', 'han45', 'neudeck', 'dopkick', 'sprashan', 'astacy', 'gjross', 'dvanclev']",34,"['aashi21', 'blee292513', 'aozero', 'axavier', 'skalafut', 'acgautam', 'gsinghal', 'smchaudh', 'smith571', 'mjbarger', 'jcleong', 'gjross', 'misko9', 'stucky', 'nutomo', 'babauman', 'dvanclev', 'lcowsert', 'adamskelton', 'SonicalFlair', 'fisher', 'jcromer', 'nee_a87', 'chaines', 'jenkinsalexp', 'adarmans', 'han45', 'neudeck', 'plaird', 'dopkick', 'singhs', 'astacy', 'priyamtrivedi', 'sprashan']"
8,5,20,23,14,"['greatjw', 'jkdavid', 'radiation', 'leeckung', 'shannonlew', 'cybersnoopy', 'exlove', 'candle120', 'braganza_michael', 'CyberSnoopy', 'dharma135', 'orsonlo', 'sayid', 'hhuang']",6,"['slipson', 'sonchoy', 'okinjo', 'JForejtek', 'rajatg', 'fountain']",9,"['harip1985', 'dipanjan', 'mer99tigers', 'femto', 'jamil', 'enshaoliu', 'pradeepranjal', 'lettertohyo', 'ddrum2000']",29,"['jkdavid', 'slipson', 'shannonlew', 'sonchoy', 'JForejtek', 'candle120', 'CyberSnoopy', 'dharma135', 'lettertohyo', 'ddrum2000', 'hhuang', 'mer99tigers', 'jamil', 'rajatg', 'pradeepranjal', 'braganza_michael', 'greatjw', 'harip1985', 'radiation', 'dipanjan', 'okinjo', 'enshaoliu', 'orsonlo', 'fountain', 'cybersnoopy', 'femto', 'exlove', 'leeckung', 'sayid']"
8,6,20,6,1,['JForejtek'],19,"['jkdavid', 'slipson', 'shannonlew', 'sonchoy', 'candle120', 'CyberSnoopy', 'dharma135', 'hhuang', 'rajatg', 'braganza_michael', 'greatjw', 'radiation', 'okinjo', 'orsonlo', 'fountain', 'cybersnoopy', 'exlove', 'leeckung', 'sayid']",5,"['xbartu', 'xjanos07', 'xsedam00', 'xnavra28', 'xjaros24']",25,"['xbartu', 'greatjw', 'jkdavid', 'slipson', 'radiation', 'leeckung', 'shannonlew', 'sonchoy', 'okinjo', 'JForejtek', 'candle120', 'CyberSnoopy', 'dharma135', 'fountain', 'hhuang', 'xjanos07', 'xsedam00', 'cybersnoopy', 'exlove', 'rajatg', 'xnavra28', 'xjaros24', 'braganza_michael', 'orsonlo', 'sayid']"
9,3,16,30,14,"['jirkami', 'xkroli00', 'xbartu', 'loutocky', 'xsedam00', 'czkiller', 'lordraia', 'benda', 'xhrube00', 'xnavra28', 'xjaros24', 'mikkiste', 'berzby', 'hugotek']",2,"['jchmelik', 'sulcj']",16,"['jardakn', 'dallda', 'xjanos07', 'Nosekz', 'krivak', 'oti', 'xkubin08', 'lumir', 'xholik00', 'xlazni05', 'majlos', 'Ladas_M', 'mage', 'xbetla00', 'Solda', 'pekosek23']",32,"['jirkami', 'xkroli00', 'xbartu', 'loutocky', 'sulcj', 'mage', 'xsedam00', 'Nosekz', 'xhrube00', 'jchmelik', 'lumir', 'berzby', 'xbetla00', 'hugotek', 'pekosek23', 'jardakn', 'dallda', 'benda', 'mikkiste', 'majlos', 'Ladas_M', 'xjanos07', 'lordraia', 'czkiller', 'krivak', 'oti', 'xkubin08', 'xnavra28', 'xjaros24', 'xholik00', 'xlazni05', 'Solda']"
9,6,16,6,4,"['xbartu', 'xjaros24', 'xsedam00', 'xnavra28']",12,"['jirkami', 'xkroli00', 'loutocky', 'lordraia', 'czkiller', 'benda', 'xhrube00', 'jchmelik', 'mikkiste', 'sulcj', 'berzby', 'hugotek']",2,"['xjanos07', 'JForejtek']",18,"['jirkami', 'xkroli00', 'xbartu', 'loutocky', 'benda', 'JForejtek', 'mikkiste', 'sulcj', 'xjanos07', 'xsedam00', 'czkiller', 'lordraia', 'xhrube00', 'xnavra28', 'jchmelik', 'xjaros24', 'berzby', 'hugotek']"
10,22,16,12,8,"['cushenj', 'ghandi32', 'oshekari', 'djcook', 'betog', 'javiii87', 'dgilham', 'nyan84']",8,"['guirreri', 'norflekr', 'bdgordon', 'zohebmunshi', 'cstringe', 'chunkysoup', 'dditzler', 'abhishekiin']",4,"['noondduh', 'vespasianvs', 'vklall', 'abhisheKiin']",20,"['ghandi32', 'cushenj', 'norflekr', 'abhisheKiin', 'betog', 'cstringe', 'javiii87', 'noondduh', 'chunkysoup', 'vespasianvs', 'dgilham', 'abhishekiin', 'guirreri', 'oshekari', 'djcook', 'bdgordon', 'zohebmunshi', 'vklall', 'dditzler', 'nyan84']"
10,23,16,5,3,"['bdgordon', 'chunkysoup', 'cstringe']",13,"['ghandi32', 'guirreri', 'cushenj', 'oshekari', 'norflekr', 'djcook', 'zohebmunshi', 'betog', 'javiii87', 'dgilham', 'dditzler', 'abhishekiin', 'nyan84']",2,"['ykim', 'NYRHokie']",18,"['ghandi32', 'cushenj', 'norflekr', 'ykim', 'betog', 'cstringe', 'javiii87', 'chunkysoup', 'dgilham', 'abhishekiin', 'NYRHokie', 'guirreri', 'oshekari', 'djcook', 'bdgordon', 'zohebmunshi', 'dditzler', 'nyan84']"
11,21,15,17,1,['vidnari'],14,"['DarrinReed', 'ben_anderson1', 'davidknight', 'justinbutterfield', 'omarbenitez', 'stewartsoda', 'sahar', 'jvalmanza', 'ssessi', 'lincstar182', 'otrejo', 'knuttz45', 'dency_daniel', 'brianmeek']",16,"['newmin', 'cbburger', 'junezhu', 'cinedemian', 'gkarakon', 'bupolin77', 'turkstra', 'shorif', 'kim70', 'masud001', 'zainu', 'ssalamat', 'tjandran', 'jhenrie', 'zhudongchun', 'pgururaj']",31,"['vidnari', 'DarrinReed', 'newmin', 'cbburger', 'ben_anderson1', 'bupolin77', 'omarbenitez', 'ssessi', 'jhenrie', 'brianmeek', 'junezhu', 'cinedemian', 'gkarakon', 'turkstra', 'shorif', 'stewartsoda', 'sahar', 'lincstar182', 'pgururaj', 'kim70', 'masud001', 'jvalmanza', 'zainu', 'ssalamat', 'tjandran', 'dency_daniel', 'davidknight', 'justinbutterfield', 'otrejo', 'knuttz45', 'zhudongchun']"
11,12,15,16,10,"['DarrinReed', 'davidknight', 'justinbutterfield', 'stewartsoda', 'sahar', 'jvalmanza', 'ssessi', 'lincstar182', 'otrejo', 'dency_daniel']",5,"['vidnari', 'ben_anderson1', 'omarbenitez', 'knuttz45', 'brianmeek']",6,"['aaronwozniak', 'victorkelley', 'kriscampbell', 'hbui', 'grock', 'chrisraymes']",21,"['vidnari', 'DarrinReed', 'aaronwozniak', 'victorkelley', 'ben_anderson1', 'hbui', 'omarbenitez', 'jvalmanza', 'ssessi', 'dency_daniel', 'brianmeek', 'kriscampbell', 'davidknight', 'justinbutterfield', 'grock', 'stewartsoda', 'sahar', 'lincstar182', 'otrejo', 'knuttz45', 'chrisraymes']"
13,3,15,30,1,['mage'],14,"['poloop', 'Havlicek', 'immortal', 'zeron', 'ufyzguest', 'Pau16', 'kubb', 'roman', 'callos', 'jmacak', 'jarek', 'xbotko00', 'nano_xtalav00', 'xpavlo04']",29,"['jirkami', 'xkroli00', 'xbartu', 'loutocky', 'Nosekz', 'xsedam00', 'xhrube00', 'lumir', 'berzby', 'xbetla00', 'hugotek', 'pekosek23', 'jardakn', 'dallda', 'benda', 'mikkiste', 'majlos', 'Ladas_M', 'xjanos07', 'lordraia', 'krivak', 'czkiller', 'oti', 'xkubin08', 'xnavra28', 'xjaros24', 'xholik00', 'xlazni05', 'Solda']",44,"['jirkami', 'xkroli00', 'xbartu', 'loutocky', 'Pau16', 'jmacak', 'xbotko00', 'xpavlo04', 'mage', 'Havlicek', 'immortal', 'Nosekz', 'xsedam00', 'kubb', 'roman', 'xhrube00', 'lumir', 'berzby', 'xbetla00', 'hugotek', 'pekosek23', 'poloop', 'jardakn', 'dallda', 'zeron', 'benda', 'jarek', 'mikkiste', 'nano_xtalav00', 'majlos', 'Ladas_M', 'xjanos07', 'ufyzguest', 'lordraia', 'krivak', 'czkiller', 'oti', 'callos', 'xkubin08', 'xnavra28', 'xjaros24', 'xholik00', 'xlazni05', 'Solda']"
13,2,15,26,11,"['poloop', 'Havlicek', 'immortal', 'Pau16', 'roman', 'callos', 'jmacak', 'jarek', 'xbotko00', 'nano_xtalav00', 'xpavlo04']",4,"['kubb', 'mage', 'zeron', 'ufyzguest']",15,"['xzaple12', 'xstava05', 'xhenzl00', 'thorXL', 'tomasbzonek', 'xkrahu03', 'cendar', 'jiriholubcik', 'poolee', 'jiri_novosad', 'sedlakp', 'mirek', 'vinecko', 'xjanic06', 'hajny']",30,"['xzaple12', 'xstava05', 'xhenzl00', 'Pau16', 'jmacak', 'jiriholubcik', 'xbotko00', 'xpavlo04', 'mage', 'vinecko', 'Havlicek', 'immortal', 'thorXL', 'kubb', 'roman', 'xkrahu03', 'cendar', 'sedlakp', 'mirek', 'xjanic06', 'poloop', 'zeron', 'poolee', 'jiri_novosad', 'jarek', 'nano_xtalav00', 'ufyzguest', 'callos', 'tomasbzonek', 'hajny']"
14,30,11,23,11,"['twkt03', 'ling84', 'djacobs7', 'jrileyEE218', 'chenying119', 'branetr', 'jaehlee', 'dmg131', 'twoon', 'xuanwu', 'mistyblue122']",0,[],12,"['jia_sfo', 'youngy', 'hspwong', 'elvislin', 'millaniow', 'letswin16', 'crkenney', 'changw', 'jayparker', 'dejia', 'rparsa', 'mrlin']",23,"['ling84', 'youngy', 'changw', 'mrlin', 'djacobs7', 'branetr', 'twoon', 'dejia', 'xuanwu', 'jia_sfo', 'twkt03', 'elvislin', 'jrileyEE218', 'jaehlee', 'dmg131', 'letswin16', 'crkenney', 'jayparker', 'millaniow', 'rparsa', 'mistyblue122', 'hspwong', 'chenying119']"
14,31,11,15,8,"['twkt03', 'ling84', 'djacobs7', 'jrileyEE218', 'chenying119', 'branetr', 'dmg131', 'mistyblue122']",3,"['jaehlee', 'twoon', 'xuanwu']",7,"['jia_sfo', 'oliviawei', 'youngy', 'elvislin', 'crkenney', 'peichen', 'millaniow']",18,"['jia_sfo', 'oliviawei', 'twkt03', 'ling84', 'youngy', 'elvislin', 'jrileyEE218', 'jaehlee', 'dmg131', 'crkenney', 'millaniow', 'mistyblue122', 'djacobs7', 'chenying119', 'branetr', 'twoon', 'peichen', 'xuanwu']"
15,28,11,10,9,"['Amazonense', 'drewcasselberry', 'Sylex', 'gelfling', 'kathrynday', 'mmalmrose', 'student', 'kevinsmith2', 'amywebster']",2,"['Beldallan', 'xiexienin']",1,['timdavis'],12,"['drewcasselberry', 'gelfling', 'student', 'xiexienin', 'Amazonense', 'Sylex', 'timdavis', 'mmalmrose', 'kathrynday', 'amywebster', 'kevinsmith2', 'Beldallan']"
16,14,11,12,3,"['littlegu5', 'bsg721', 'arbitro']",8,"['askiahill', 'BMONEY', 'asicliu', 'Kanturalihan', 'arunp', 'kanturalihan', 'lxb1111', 'duranta23']",9,"['faroughp', 'aagar001', 'jcabi001', 'yimingis', 'kcarp001', 'moccamse', 'dtewe001', 'mpenchev', 'sgu001']",20,"['askiahill', 'bsg721', 'asicliu', 'arbitro', 'yimingis', 'dtewe001', 'littlegu5', 'lxb1111', 'duranta23', 'BMONEY', 'Kanturalihan', 'faroughp', 'aagar001', 'jcabi001', 'arunp', 'kcarp001', 'moccamse', 'mpenchev', 'kanturalihan', 'sgu001']"
17,44,10,112,9,"['lonestar', 'rkv000', 'justinsyk', 'nsapra', 'junghanlee', 'smillies', 'sen2904', 'sagadi', 'crosis']",1,['davydotcom'],103,"['pranaynanda', 'Jabzg', 'vinsma', 'mwarsco', 'pateldm', 'jshahid', 'zconvers', 'bsyoder', 'rparisi', 'arorar', 'mtanoto', 'babaumga', 'jskim', 'longja', 'akhilesh', 'werman691', 'singapaul', 'kim131', 'wehlhard', 'lpeterus', 'kassovic', 'wangyangboy', 'nrrojas', 'mtummala', 'astacy', 'johns180', 'gjross', 'sstreete', 'gshaw', 'ftanjono', 'npanitch', 'smchaudh', 'jwetheri', 'john3636', 'srettber', 'jgu', 'anraj', 'ahermann', 'rtrusty', 'pmongkol', 'acallawa', 'nmisiuna', 'freedomjustice', 'dube0', 'nlabianc', 'pbayuart', 'tdjanoko', 'seshaw', 'swethy', 'wow676', 'rahoward', 'spamilton1', 'sprashan', 'rsherloc', 'bdannan', 'zer0xXx', 'chang61', 'bsparson', 'hiddendecoy', 'obernada', 'chermawi', 'kelkwa11', 'dgrothe', 'lcowsert', 'asudibyo', 'gustaf89', 'jidthekid', 'czahner', 'wildkid256', 'mattsbai', 'atruesde', 'docdaa008', 'Bache', 'jones105', 'dplamber', 'spgreene', 'jaycrayz', 'mhain', 'wnoh', 'kklacik', 'terran010', 'MurphyAKL', 'dmmitche', 'Fisher', 'brunner2112', 'dulmes', 'hsvasi', 'kim130', 'Zarastra', 'pjyoti', 'jtill04', 'jkurasz', 'garg', 'sbach', 'kdaiya', 'mrmillz', 'jcwirth', 'han45', 'joeblu', 'ttho', 'gzarse', 'gutierjm', 'jostendo']",113,"['pranaynanda', 'Jabzg', 'vinsma', 'mwarsco', 'junghanlee', 'pateldm', 'smillies', 'jshahid', 'zconvers', 'bsyoder', 'rparisi', 'arorar', 'mtanoto', 'babaumga', 'jskim', 'longja', 'akhilesh', 'justinsyk', 'werman691', 'singapaul', 'kim131', 'wehlhard', 'lpeterus', 'kassovic', 'sagadi', 'wangyangboy', 'nrrojas', 'mtummala', 'astacy', 'johns180', 'gjross', 'sstreete', 'gshaw', 'ftanjono', 'npanitch', 'smchaudh', 'jwetheri', 'john3636', 'srettber', 'jgu', 'davydotcom', 'anraj', 'ahermann', 'rtrusty', 'lonestar', 'rkv000', 'pmongkol', 'acallawa', 'nmisiuna', 'freedomjustice', 'dube0', 'nlabianc', 'pbayuart', 'tdjanoko', 'seshaw', 'swethy', 'wow676', 'rahoward', 'spamilton1', 'sprashan', 'rsherloc', 'bdannan', 'zer0xXx', 'chang61', 'bsparson', 'hiddendecoy', 'nsapra', 'obernada', 'chermawi', 'kelkwa11', 'dgrothe', 'lcowsert', 'asudibyo', 'gustaf89', 'jidthekid', 'czahner', 'wildkid256', 'mattsbai', 'atruesde', 'docdaa008', 'Bache', 'jones105', 'dplamber', 'spgreene', 'jaycrayz', 'mhain', 'wnoh', 'kklacik', 'terran010', 'MurphyAKL', 'dmmitche', 'Fisher', 'brunner2112', 'dulmes', 'sen2904', 'hsvasi', 'kim130', 'Zarastra', 'pjyoti', 'crosis', 'jtill04', 'jkurasz', 'garg', 'sbach', 'kdaiya', 'mrmillz', 'jcwirth', 'han45', 'joeblu', 'ttho', 'gzarse', 'gutierjm', 'jostendo']"
17,35,10,13,1,['smillies'],9,"['lonestar', 'rkv000', 'justinsyk', 'nsapra', 'junghanlee', 'davydotcom', 'sen2904', 'sagadi', 'crosis']",12,"['thatmushroom', 'wizdh', 'jkurasz', 'et279', 'sonicalflair', 'chermawi', 'somacroy', 'aforkner', 'mamitche', 'ebuysse', 'dergan', 'pjyoti']",22,"['wizdh', 'thatmushroom', 'nsapra', 'junghanlee', 'chermawi', 'smillies', 'davydotcom', 'sen2904', 'mamitche', 'crosis', 'ebuysse', 'lonestar', 'rkv000', 'jkurasz', 'justinsyk', 'et279', 'sonicalflair', 'somacroy', 'aforkner', 'sagadi', 'dergan', 'pjyoti']"
17,43,10,8,1,['nsapra'],9,"['lonestar', 'rkv000', 'justinsyk', 'junghanlee', 'smillies', 'davydotcom', 'sen2904', 'sagadi', 'crosis']",7,"['rtrusty', 'ateixeir', 'nmisiuna', 'werman691', 'nlabianc', 'johns180', 'spaik']",17,"['rtrusty', 'lonestar', 'rkv000', 'ateixeir', 'nmisiuna', 'justinsyk', 'werman691', 'nsapra', 'junghanlee', 'nlabianc', 'smillies', 'davydotcom', 'sen2904', 'spaik', 'sagadi', 'johns180', 'crosis']"
17,42,10,6,1,['davydotcom'],9,"['lonestar', 'rkv000', 'justinsyk', 'nsapra', 'junghanlee', 'smillies', 'sen2904', 'sagadi', 'crosis']",5,"['mtanoto', 'wizdh', 'csrockerzero', 'pmongkol', 'nanohueb']",15,"['mtanoto', 'wizdh', 'lonestar', 'rkv000', 'csrockerzero', 'pmongkol', 'justinsyk', 'nsapra', 'junghanlee', 'smillies', 'davydotcom', 'sen2904', 'sagadi', 'nanohueb', 'crosis']"
19,13,10,12,3,"['watermir', 'jayps2005', 'ecewy']",7,"['hauserm', 'xlong', 'lxshry', 'Vertumno', 'kyban', 'vasili', 'kolodzey']",9,"['siliconsolar', 'kunalghosh', 'lyalex', 'nupur', 'easong', 'colin_shaw2003', 'ningshao', 'cpthomp', 'murat83']",19,"['hauserm', 'xlong', 'ecewy', 'siliconsolar', 'lxshry', 'nupur', 'easong', 'colin_shaw2003', 'murat83', 'kolodzey', 'kunalghosh', 'lyalex', 'Vertumno', 'kyban', 'watermir', 'vasili', 'ningshao', 'jayps2005', 'cpthomp']"
20,13,10,12,6,"['kunalghosh', 'nupur', 'ningshao', 'colin_shaw2003', 'cpthomp', 'murat83']",4,"['ykparksss', 'yimingis', 'jcabi001', 'ruhstaller']",6,"['ecewy', 'siliconsolar', 'lyalex', 'watermir', 'easong', 'jayps2005']",16,"['ecewy', 'siliconsolar', 'yimingis', 'nupur', 'easong', 'ruhstaller', 'colin_shaw2003', 'murat83', 'kunalghosh', 'ykparksss', 'lyalex', 'jcabi001', 'watermir', 'ningshao', 'jayps2005', 'cpthomp']"
20,14,10,12,2,"['yimingis', 'jcabi001']",8,"['kunalghosh', 'ykparksss', 'nupur', 'ruhstaller', 'colin_shaw2003', 'ningshao', 'cpthomp', 'murat83']",10,"['bsg721', 'faroughp', 'aagar001', 'arbitro', 'sgu001', 'kcarp001', 'moccamse', 'dtewe001', 'mpenchev', 'littlegu5']",20,"['bsg721', 'yimingis', 'arbitro', 'nupur', 'dtewe001', 'ruhstaller', 'colin_shaw2003', 'littlegu5', 'murat83', 'faroughp', 'aagar001', 'kunalghosh', 'ykparksss', 'jcabi001', 'kcarp001', 'moccamse', 'mpenchev', 'ningshao', 'sgu001', 'cpthomp']"
22,9,9,9,2,"['yanyao', 'vskhadka']",7,"['awinston', 'jstanislawczyk', 'razvan28', 'naty', 'tisolamp', 'cbasu', 'jrcalver']",7,"['attn007', 'mjwaters', 'amalling', 'Ainshi', 'mkittle', 'abreisin', 'sollila']",16,"['yanyao', 'awinston', 'jstanislawczyk', 'attn007', 'mjwaters', 'razvan28', 'naty', 'tisolamp', 'cbasu', 'vskhadka', 'amalling', 'Ainshi', 'jrcalver', 'mkittle', 'abreisin', 'sollila']"
22,10,9,6,1,['awinston'],8,"['yanyao', 'jstanislawczyk', 'razvan28', 'naty', 'tisolamp', 'cbasu', 'vskhadka', 'jrcalver']",5,"['awibawa', 'jptucker', 'rflynn', 'mbelcher', 'bturk']",14,"['yanyao', 'awinston', 'awibawa', 'jstanislawczyk', 'jptucker', 'rflynn', 'razvan28', 'mbelcher', 'naty', 'tisolamp', 'cbasu', 'vskhadka', 'bturk', 'jrcalver']"
23,29,8,13,8,"['cihee08', 'cretalugo', 'gangneng82', 'sjsik25', 'ytw4246', 'gidwldl86', 'kykk4', 'meteor1024']",0,[],5,"['hyperlky', 'salem', 'jackassman', 'tpwlsdh', 'skku34']",13,"['cretalugo', 'gangneng82', 'tpwlsdh', 'sjsik25', 'gidwldl86', 'kykk4', 'meteor1024', 'hyperlky', 'salem', 'cihee08', 'jackassman', 'skku34', 'ytw4246']"
28,1,6,8,4,"['agilmore', 'acperkins', 'gcdecker', 'akschmitt101']",2,"['gnggu', 'booker']",4,"['gkpolston', 'poltera2', 'CWllms', 'faroseh']",10,"['agilmore', 'poltera2', 'CWllms', 'booker', 'akschmitt101', 'gnggu', 'gkpolston', 'acperkins', 'faroseh', 'gcdecker']"
35,33,5,6,2,"['huiwen', 'tcyeh']",3,"['baudrand', 'chaisant', 'panjoan']",4,"['doncr', 'bhsu', 'cchl', 'hmhuang']",9,"['bhsu', 'tcyeh', 'doncr', 'panjoan', 'hmhuang', 'baudrand', 'chaisant', 'huiwen', 'cchl']"
36,29,5,13,3,"['jackassman', 'tpwlsdh', 'hyperlky']",2,"['padala', 'mikeohale']",10,"['salem', 'skku34', 'cihee08', 'cretalugo', 'gangneng82', 'sjsik25', 'ytw4246', 'gidwldl86', 'kykk4', 'meteor1024']",15,"['cretalugo', 'gangneng82', 'tpwlsdh', 'mikeohale', 'sjsik25', 'gidwldl86', 'padala', 'kykk4', 'meteor1024', 'hyperlky', 'salem', 'jackassman', 'cihee08', 'skku34', 'ytw4246']"
38,3,5,30,1,['jardakn'],4,"['lumpikur', 'mirek', 'xkrahu03', 'poolee']",29,"['jirkami', 'xkroli00', 'xbartu', 'loutocky', 'dallda', 'benda', 'mikkiste', 'majlos', 'Ladas_M', 'mage', 'xjanos07', 'Nosekz', 'xsedam00', 'lordraia', 'krivak', 'czkiller', 'oti', 'xkubin08', 'xhrube00', 'xnavra28', 'lumir', 'xjaros24', 'xholik00', 'xlazni05', 'berzby', 'xbetla00', 'Solda', 'hugotek', 'pekosek23']",34,"['lumpikur', 'jirkami', 'xkroli00', 'xbartu', 'loutocky', 'mage', 'Nosekz', 'xsedam00', 'xkrahu03', 'xhrube00', 'lumir', 'berzby', 'mirek', 'xbetla00', 'hugotek', 'pekosek23', 'jardakn', 'dallda', 'benda', 'poolee', 'mikkiste', 'majlos', 'Ladas_M', 'xjanos07', 'lordraia', 'krivak', 'czkiller', 'oti', 'xkubin08', 'xnavra28', 'xjaros24', 'xholik00', 'xlazni05', 'Solda']"
38,2,5,26,3,"['mirek', 'xkrahu03', 'poolee']",2,"['lumpikur', 'jardakn']",23,"['poloop', 'xzaple12', 'xstava05', 'xhenzl00', 'Pau16', 'jmacak', 'jiriholubcik', 'jiri_novosad', 'jarek', 'xbotko00', 'nano_xtalav00', 'xpavlo04', 'vinecko', 'Havlicek', 'immortal', 'thorXL', 'roman', 'tomasbzonek', 'callos', 'cendar', 'sedlakp', 'xjanic06', 'hajny']",28,"['lumpikur', 'jardakn', 'poloop', 'xzaple12', 'xstava05', 'xhenzl00', 'Pau16', 'jmacak', 'poolee', 'jiriholubcik', 'jiri_novosad', 'jarek', 'xbotko00', 'nano_xtalav00', 'xpavlo04', 'vinecko', 'Havlicek', 'immortal', 'thorXL', 'roman', 'tomasbzonek', 'callos', 'xkrahu03', 'cendar', 'sedlakp', 'mirek', 'xjanic06', 'hajny']"
